144
7212 11577 13608 10722 1557 7594 13405 8375 4826 12105 5568 8916 6099 3799 9620 14339 4191 5798 7311 9448 4648 9008 10529 467 3832 8501 4883 2591 5732 13043 3453 3389 3662 2977 3631 8628 1556 8502 4845 688 1886 5095 3769 12723 10067 11076 9470 9720 6213 9660 11078 8670 586 8564 
8109 13920 13218 11968 1086 14185 1316 224 302 8136 3462 756 11170 10117 5057 11629 124 7545 6962 7214 2464 14255 5431 14957 5707 1378 10763 3410 7030 13788 47 11869 3553 4403 13146 134 2184 12931 599 2976 1257 2973 8104 5479 14600 4939 10764 5491 2014 4937 7801 6155 8759 2402 
11892 9901 3624 13800 7056 12235 11066 2682 11417 14250 6138 9688 7163 3068 10626 8754 4620 11640 14749 10813 7966 14918 32 11387 1790 1330 13702 13190 13736 8278 7067 5663 12377 3648 13763 10945 12909 6226 427 11056 12026 7666 4153 3607 9918 9060 7302 8661 10015 3147 6068 7070 6753 6017 
12321 7875 1947 1009 9232 12435 496 11496 5328 12431 4554 9453 2824 3604 8918 8021 11211 10459 14206 6824 1793 205 3413 8237 7921 4376 6158 14941 5975 13646 14170 5066 13880 1425 4270 12784 9265 7176 13226 10879 129 4839 11186 13681 9668 9577 7948 6789 11698 8585 3706 3902 725 2055 2835 
267 2685 14736 1633 9432 2447 3383 1121 3651 810 3876 13041 12779 6188 13579 9573 13824 7623 6414 13826 5810 7693 13397 320 11972 12917 9256 2531 2127 10460 7197 6686 2049 52 11973 13859 805 8338 13633 4985 7337 9645 2388 14101 9291 1786 3883 20 5742 4802 880 11844 14488 4994 3108 10570 
13176 2883 3426 9393 4129 4899 14459 2017 11373 5801 1809 1746 5202 5203 12964 8645 2503 10225 2904 10576 283 8395 9320 9799 2087 974 7586 644 8969 7691 1261 10253 10573 14833 5754 8285 347 684 12173 8758 6362 14299 6388 1689 1292 7185 6694 3480 2167 11888 2911 4369 12062 11220 13872 11021 
7602 12045 9238 14927 14965 4905 4202 3851 14961 14133 54 6919 7436 7974 11707 13033 9107 12607 10334 2495 4328 5030 2467 5702 10339 12532 10972 10690 13217 7002 1234 1022 8714 14356 2999 14820 9186 5325 5006 4176 13497 12161 744 819 11948 1780 31 5713 7099 1015 12686 5891 5705 
5262 11650 3193 8379 12703 7984 4007 2759 687 4665 10482 7621 4384 14027 4550 11551 10147 1032 13473 8629 7313 13436 2711 7487 5044 9650 10894 4818 9481 14309 12961 10005 12527 3445 6183 82 1709 2432 12884 1806 12012 8962 10349 12368 8846 2788 14391 12121 7034 7628 8308 8568 6051 3950 
8535 9355 7173 4089 9003 5185 7054 380 11416 4314 10521 3642 1107 9220 9893 3419 8247 12877 2386 12292 1422 14635 907 13164 12323 19 3917 1096 9108 1031 6439 5200 11576 4836 326 14169 11430 2969 4873 792 12879 6633 8800 2599 13382 4260 8933 10346 7382 7109 11234 
11736 12786 13761 11889 13684 6386 6775 1701 609 2949 13236 5241 10234 3565 3723 14838 6286 6578 5459 10186 3197 1481 254 8016 4832 6395 10742 14560 8654 12055 797 11396 10465 164 11240 12211 14044 2352 8622 4142 5591 12892 8260 4182 8407 5062 3522 3446 12531 11212 7100 6146 10202 9790 11684 
9549 5298 10527 11850 14809 8024 6892 7362 8493 999 12192 4578 14446 8528 884 11804 6442 3489 7456 11447 8171 5480 4271 12610 2279 208 12922 13671 10391 8597 12320 2609 5360 7856 788 12706 866 8857 12205 11308 2543 7279 14054 9594 3680 2964 1504 2905 5951 11450 11662 14102 2234 
12279 8928 2797 12828 11923 10597 5605 10554 6459 3540 10818 8088 7114 611 12381 7475 8364 2698 7721 2066 449 11720 6562 9905 8744 6517 11930 11717 12796 6764 9442 4793 390 9275 6131 13882 11427 5563 1296 3880 6298 3742 2040 4127 7237 11524 12286 8890 9539 8274 6358 
13257 6390 3858 9511 575 12509 7166 5289 11847 9033 4227 8011 3760 11921 1547 13980 1528 11122 11291 10667 12802 13124 1726 1676 12500 2816 2465 9356 1595 4844 3176 4216 9278 8498 5435 7697 7201 12488 5729 13525 11478 278 1847 6649 12957 13074 11124 8695 4603 14705 8737 4040 
14115 345 1632 72 1862 4167 6810 2760 9507 4266 1069 11131 2288 397 6481 5509 4336 14450 4729 10816 1424 10352 8600 2400 5698 6881 6682 3562 13537 5867 838 13848 2258 3900 5981 8009 10555 7546 4555 939 2499 12044 9391 3814 10411 5472 4023 3828 13154 11438 7489 
5223 7014 8068 1554 3700 6541 12899 9818 5367 11256 10078 5749 14144 11336 3224 12370 13317 10540 3782 14684 6640 8824 3676 1187 1453 4952 8203 6455 5247 8090 4520 10855 6924 862 9340 9274 13984 12460 8316 11549 1677 7720 10650 3159 11466 851 4653 5396 5079 4351 1416 11264 11803 4257 6185 534 1795 
10095 12007 3816 13138 4362 1667 10051 2993 6069 12729 12432 12417 13198 3838 7280 2269 5088 3294 946 7771 5704 5966 4495 4601 3913 350 5498 6838 12086 3683 12593 9013 5495 1279 11197 8321 4264 4875 14829 14408 13728 13558 2644 1669 11675 2479 2850 5492 1951 7320 8646 9713 9734 
738 3312 8965 853 6073 11339 8805 14688 7869 2721 7050 7387 7787 14671 8793 2074 6258 14713 12997 12295 3686 3608 1063 13866 3406 5594 4927 4133 2933 8030 8633 12707 3440 6505 794 5395 12940 8521 12717 2354 6722 14478 9957 6174 3334 7263 2675 10302 1523 2796 2887 
4443 13093 10915 10719 2758 4782 8376 7746 4163 8727 8712 6968 2171 11317 8403 1021 8834 2085 332 790 12830 11426 4871 9329 5234 9455 368 2240 9446 7874 10317 1291 10192 13233 7385 26 4130 8739 13508 9636 14171 7403 8131 11932 6254 92 14020 11875 1922 8583 2429 2073 4418 
11853 6471 6861 11221 3778 3772 4748 14805 14889 12660 4158 7816 5907 14846 11835 4776 2399 8910 12890 8707 7303 14596 5782 14351 6010 6885 155 1100 12497 4684 9403 9280 14795 12285 1117 5869 8281 1808 9282 4850 429 1338 10094 4126 13694 10840 13 10844 8937 4214 14223 2441 
6783 657 1945 8218 1511 10443 2598 10281 10053 2355 14602 7465 9679 12030 7662 12810 10002 11057 13202 13220 14165 6679 4052 10157 13827 4108 3843 5590 11072 14642 9017 8354 30 12956 1696 3178 7041 11927 14472 2393 10705 14059 1943 11898 12226 9138 675 4408 119 10011 10336 14631 
8262 1671 13255 14856 11694 5528 7712 1161 12543 4119 13665 11755 143 2405 943 10381 10657 10977 10217 511 2417 2348 2270 554 10586 8952 14880 10187 645 12918 5719 10652 14350 6644 11654 3893 2827 10959 6121 10728 13818 6184 12478 4808 9678 13794 7221 14042 
4755 3546 13918 4597 12275 2875 10749 13874 5373 3306 10779 10439 10390 10704 5010 9952 6299 5236 8735 3509 5977 6104 818 662 9247 10898 2010 9381 5785 1070 13112 4151 8133 11994 173 13224 1682 11458 13650 4563 14834 7374 7683 11081 4327 11865 1168 4156 14315 8981 7174 218 6904 
6159 1788 5496 1048 12002 731 13914 5800 7317 2160 7855 6227 14905 3848 10743 10033 8122 3598 4718 7774 11245 6846 4796 6690 5152 14906 3896 11821 11674 1290 6506 13802 607 4724 780 1904 12402 10198 4231 622 6440 5569 9469 11673 12541 4352 7650 11922 11584 2117 
11775 2217 7755 1047 6463 6464 12036 14532 14289 4422 796 8442 12069 12818 11785 14047 6512 8366 9380 2573 4991 7379 13160 5963 7687 2938 8909 5156 8164 12785 3393 152 13620 8750 663 12494 1218 11581 6004 6084 14199 13765 8268 2755 2544 3151 14509 11372 12039 13106 12720 
2142 11385 13995 14385 2100 9896 13718 6074 2442 12933 4086 10983 5007 8400 211 9415 12389 13793 8637 8996 11174 829 14624 12713 2935 11621 1520 8129 14750 12298 4424 9568 13780 12406 10348 11306 10122 5130 9364 11045 24 2047 11253 6417 1894 9638 12037 1231 7598 12434 9898 12636 117 3363 5073 11243 5939 13730 1743 9483 1133 10245 
5925 7522 11073 3895 9895 13249 12202 1549 13440 13134 7401 5172 3993 10974 8649 13861 13988 12467 11172 3458 1968 5712 7584 1268 13192 9565 7782 8328 2786 6044 8939 2357 2621 11813 3943 12878 11987 632 11462 8641 8082 5577 1831 8461 11159 1207 14968 11527 12804 7091 9558 6527 11085 10123 14286 11069 7983 9894 9346 1571 6579 13244 4452 11516 
13725 13177 2529 6391 6307 12937 5839 10714 10598 342 7167 8955 7737 873 4344 14641 12379 12662 1957 5400 4932 798 6445 2750 6923 11135 12752 4576 10004 14867 2261 3293 12476 437 1283 10582 4060 5585 7496 2605 1569 1365 9252 10461 8234 2182 2622 6630 8924 1106 5231 4894 12249 12824 388 4945 13534 1761 11389 11355 12599 6173 2771 
10563 10371 14193 5181 11151 13912 5294 9662 9389 3657 2754 3807 9532 12183 1731 3253 913 4433 3478 7116 10509 1580 6122 2165 8111 14702 3414 9693 520 6080 5520 12008 14720 4268 1724 6404 8147 1253 11514 5273 11283 13962 7268 13772 5602 4733 10464 305 6561 3079 5134 3051 4416 10539 5565 14219 3360 12390 13808 14648 9465 
6588 3351 1867 3192 13216 652 4787 2603 3227 12777 9273 11808 9423 13353 9493 4979 9261 837 4542 13005 8356 7391 6221 13922 11323 4016 2244 7111 8077 6829 11033 2570 5711 464 14434 13143 2166 9842 9521 214 8828 13009 8472 12745 4350 2996 5385 3652 4338 9675 2059 649 12517 11563 4508 4001 284 5968 1327 1249 11857 
14388 14895 14229 10488 5418 11884 5808 7985 8 497 14484 6771 9492 11014 11950 7826 7846 8444 8626 9066 4456 1775 3548 7955 11894 2768 9409 1148 12384 8288 12437 1876 3726 8870 5443 2228 9633 7507 8748 454 2315 2839 7307 2106 6323 2761 9187 14091 4621 10700 354 9372 8349 14072 2572 2498 12287 5657 1367 62 3243 8660 
348 3114 697 5727 4207 9310 1822 10402 12939 9696 5085 6699 10038 2277 5787 13627 11726 11609 13707 1773 12994 3283 9146 9136 6416 10027 12596 8693 14291 11955 4693 6803 13295 11903 2704 10054 4247 10048 2254 14126 6488 3288 295 6215 5694 12310 6123 10640 2137 3535 3290 3658 12336 1387 466 5561 3238 569 3282 11277 12117 4106 
3741 9862 9006 6156 10876 3582 11110 8141 12665 1467 13704 2292 9063 2356 11180 4150 6422 1333 14097 7690 6102 10306 12908 7097 1577 5239 1698 7189 9005 2924 776 13004 13472 6916 14196 3407 10679 4373 14065 10434 11510 9002 8975 2588 1916 4822 12268 4972 1014 10796 7468 1721 10418 12522 240 5838 10454 13934 10475 13973 13262 
10215 9939 6276 10369 1783 1432 11646 5762 12392 7478 5904 2403 10936 6879 5174 11960 13052 6297 3010 5935 3754 3647 2623 7994 7760 10660 1907 10256 4957 9997 13970 957 12952 14426 10105 7743 12684 4984 4017 11207 4867 4442 8789 7033 3490 6896 14260 2978 9886 8488 3542 3162 1524 6883 12273 1176 7550 5237 548 8162 1899 
4989 4404 4833 12477 11305 8184 10056 8063 6542 9195 2838 522 1693 2004 6841 3497 13150 3907 13657 9983 12955 14858 3520 5303 6260 3353 6491 12423 3328 8978 1027 6275 7172 10387 9022 3428 6496 4750 11432 10656 9828 14584 10864 9177 9670 4195 3081 1429 5979 5414 8417 1134 14740 13798 10422 4780 5228 9582 8036 651 6501 1722 
6510 10800 11031 3349 12241 2997 1120 3930 5919 2720 2988 8648 12972 8323 4111 3029 6890 6013 1266 4804 439 14138 4934 10646 6884 14078 10979 6760 10300 2461 11548 11267 8558 9902 13334 6222 11998 11764 8662 14506 14842 7939 6293 14500 8371 11792 4334 13542 3086 8572 5043 2284 10416 1436 3923 14324 12365 11160 3165 14129 45 
5184 14778 13062 7833 3856 12742 7790 1160 12699 1395 14796 5553 13393 11248 5398 6773 6266 2046 12147 13122 6707 10412 4183 4105 7175 12632 14213 12727 10343 5300 13082 14512 1850 13437 4571 6394 2421 948 12034 9296 11508 10964 12992 6876 13196 14628 12333 9909 3836 5036 11196 3164 11868 7199 1973 2246 14948 6675 14080 6125 
8031 579 12514 9666 14542 7906 1433 5806 8526 8766 11724 2199 483 7231 11287 6851 8353 11434 9055 29 10061 5519 6328 8210 11270 12770 10668 14660 12376 7960 1373 3765 8008 12462 4038 2501 10315 12923 5148 4304 1675 11503 9681 4155 4680 2518 6555 2508 13077 6766 5040 12239 3391 9578 13283 5384 2519 3303 11333 2229 
10641 10956 2415 6936 12984 10637 1784 9583 4860 3578 12900 3369 5802 5359 5291 3263 3614 13863 3021 11710 9643 6559 1375 5225 6874 13358 99 6668 14543 13766 9832 10590 2972 10512 5676 121 12324 13320 1503 8599 14218 8266 4536 9196 1145 14873 13887 2076 14332 12154 4432 3441 5140 14077 1413 435 14414 10814 13638 2714 3009 
11190 13723 6117 4560 7171 8258 9623 13211 13947 10716 5514 2019 5865 5475 5525 13228 12097 12264 13278 12799 8860 1804 12986 9125 12766 12788 7271 7016 3401 827 4481 6877 10183 4467 5401 12020 10421 4584 2638 14789 14481 9145 6878 9762 900 897 14940 5160 122 10535 12439 10717 12489 4585 6025 14262 11004 4863 10965 12269 5656 
11268 1167 5689 14034 8575 6780 3499 4865 8370 9969 6957 7239 2239 14055 8634 8635 14183 12576 12409 4531 10860 2038 9604 9341 14390 13748 7718 7250 3431 14334 2439 12133 6634 10682 4654 10976 13355 10265 5833 337 1412 14160 7929 13850 5716 8963 10608 8390 10583 5050 3547 4332 14127 12979 10531 1449 14441 10848 4569 2112 13188 
423 4987 10290 3109 8023 6615 12743 13836 8331 13080 1926 7230 13626 912 1820 11102 14008 11687 8899 3275 857 5860 2633 7370 6019 11440 7423 1252 11639 14824 2002 3116 1673 1301 6400 4031 617 1248 1262 11488 9482 8232 11625 11907 734 2908 12251 2460 14093 13889 1558 10562 6135 11953 10610 5783 12833 13461 13573 6657 8864 
14427 12085 14424 7327 9661 14732 13601 8882 13407 14538 9072 3175 10039 1888 14222 8411 9445 2007 96 13434 5314 10745 6523 3977 4651 6767 8905 12805 14252 5144 910 3155 2860 3289 5430 1797 6857 13086 12199 12817 6899 8861 9519 10845 750 11836 4000 14244 7575 4061 8722 2878 4795 861 5310 5799 1193 8542 11935 12871 
462 13140 11343 384 7716 2602 3149 3773 5913 14376 11105 492 12300 3331 9103 806 8470 8177 7066 4180 14585 9731 7409 8515 13242 9866 5009 10409 2673 6166 2656 8810 14321 6626 13876 14742 11966 2427 2611 1794 12914 3705 967 3783 13675 14920 12024 11313 14010 11878 292 6428 10929 8856 4738 5978 13907 11350 12530 3092 1532 
9279 8499 262 3271 14380 10792 10442 8652 2520 14025 14337 8292 3252 7631 5476 14378 5642 12487 1570 3138 3938 14879 985 4484 3878 9554 1308 3804 3601 12944 940 6647 5668 10136 2556 544 6369 12907 2193 13737 14327 8929 11556 7013 4003 5404 4516 331 9053 5942 3997 9989 12481 6129 9348 7802 8318 12447 12247 
9669 9162 12360 9081 13172 8731 9701 11997 1434 2208 147 5709 3057 11091 5018 1898 4570 5857 13774 2438 2300 7664 12947 8462 2687 2500 8913 14507 12866 6014 13385 12332 507 12367 10920 5814 6006 8767 906 2657 9438 7293 8124 877 2752 5872 4348 2739 3749 5809 2749 2190 5349 3221 2991 1254 13560 13339 11493 
6393 10018 13254 9825 6385 8764 8998 5996 2642 12621 3339 12198 11691 13782 10585 1118 12721 3567 2483 3470 5558 2963 12305 2183 9490 6629 3392 316 8615 6768 1612 2517 5633 6860 9412 10066 3268 4953 1572 8339 10491 2138 7262 3588 7273 8202 9599 136 12021 8945 8305 9652 4594 8884 14865 1956 13092 6788 6710 1016 2697 
1440 8692 11617 14776 6859 1939 5918 12548 6269 11925 11802 288 13510 9932 11219 2893 9105 4464 10665 8405 7937 7196 3530 12050 7235 14606 6534 3442 13568 8717 14465 1893 7583 1256 641 6379 2944 3613 10417 7312 6856 6635 4801 858 1933 1212 14032 12667 3103 9950 6435 8358 13168 4288 13292 9387 14241 2810 12560 12092 6329 
3507 5067 7251 13917 4090 14419 7053 10632 5372 13401 11958 9180 3486 9570 4501 11092 14105 2319 11601 8548 7818 202 623 8930 1581 3626 12185 4073 1802 7349 8342 14755 5286 659 5074 11080 3362 2223 6839 10928 5263 10413 10981 6009 6772 12304 12090 12255 11770 1994 10767 9012 3118 13466 9137 3711 10453 1215 7490 14024 
4482 2376 14076 2766 6430 2608 1555 6697 7165 2992 4788 7752 7005 303 1902 8181 8829 8596 8557 4345 3770 13941 8294 5946 12186 3595 4492 10940 10295 14060 14557 2383 1853 6374 7211 12181 1837 14482 5282 4138 14828 815 637 4415 9248 5629 9541 4841 1179 10760 14781 8943 13662 9608 6574 3171 6984 7123 1657 6093 12648 5413 6669 13609 9603 7627 3210 13448 10713 4535 4370 2546 5549 14592 6731 10424 7143 4746 
1242 3663 4713 11383 736 14191 184 8730 1749 4514 7868 4749 3345 12144 9579 7933 14640 172 9064 9503 12428 6344 3099 3400 5049 293 8423 5264 4094 8774 4144 2222 871 6743 9763 7427 3709 14521 8927 7037 3219 11618 13117 6452 6201 6950 4967 60 11123 7376 7135 13503 3295 220 6672 6947 772 8209 5167 12836 8500 13935 12811 12792 4166 2547 8689 7304 14900 6515 10063 118 4496 1622 431 7689 
10644 9357 1479 12672 891 10953 5064 7946 2491 5957 10520 4704 7206 1005 9039 4359 13237 12691 7035 12457 9386 5818 5127 5634 14866 7963 4573 12490 6533 6083 11933 13649 12189 13390 4069 5363 1880 11015 9671 1451 14841 4580 14516 12242 1280 5573 8027 6318 443 5265 879 9759 4399 7988 14494 8833 9499 705 12480 14937 8280 78 2031 8544 7419 13467 3483 14301 10224 9639 6207 8279 353 557 1427 469 4122 
4326 9783 816 11307 7015 3153 10524 10754 3070 8804 770 4866 12470 3969 8517 13432 12534 2200 2005 6880 6734 5506 7573 9916 2932 4102 8852 3013 4690 2456 4523 1347 12605 10309 7661 2634 8554 3986 9615 13433 1733 4099 13814 13693 12501 11704 12912 8110 4965 9642 4517 14903 8666 9840 7814 2767 8034 9736 14951 10101 8709 5992 5323 3568 10884 3464 11446 11709 10635 236 8465 5409 8942 4379 10181 12507 5305 6982 
13959 5730 2686 13137 9973 10914 13879 5138 614 1940 2096 1043 7590 2238 4587 10741 250 11365 10858 12584 14799 4893 3957 4885 5158 13415 8306 8696 9253 7565 8522 14195 706 2197 5654 407 14638 5858 11111 6565 6712 6729 8966 6665 7371 2260 6825 8076 10344 10971 8716 11475 8073 11280 950 1833 11285 1202 14935 3990 13575 14257 5212 12700 12382 4148 3120 9951 13439 1172 5717 10536 9059 6680 977 14783 4044 
14232 13561 11814 7600 969 14112 12860 6621 67 9774 10086 13602 9657 8361 8994 2745 6802 9610 13315 13910 6110 5896 13668 4230 3062 13727 14604 8317 7352 10774 13298 8363 9485 6495 11671 3635 4736 12094 2734 7544 1113 12293 6392 1057 12680 4042 8429 2276 8446 8736 11274 14221 14366 1872 5391 13416 1950 10218 8065 7130 3714 6310 6700 624 6176 5343 5209 1608 587 7377 1977 13404 14145 12140 11043 8113 10748 6653 
1791 11578 9474 8028 4012 8302 5722 12981 4123 2676 10130 146 10242 297 9000 9141 7269 9142 7309 7397 5876 11980 11356 7222 13306 3247 13904 14762 7643 14050 5902 14161 11192 14716 11465 7267 8207 14443 7072 7548 2414 13312 9863 3050 14664 3430 7630 11154 8319 13976 13687 422 7688 10645 2822 8931 13770 14845 4371 10115 5725 5180 7497 6277 6076 13118 5270 14197 11156 4239 7710 12663 13053 13340 13521 13105 5617 
2454 8341 13413 5337 6157 2727 13371 8101 7243 11729 6113 8244 14298 6186 6264 13081 2862 9454 8606 8284 9581 14019 5233 12331 10823 673 9515 9398 4378 11876 4924 14039 8033 6794 1751 2361 6530 11561 7891 7952 1620 5941 6477 538 8619 10499 317 1969 11971 14884 12065 8436 9236 7714 10757 8227 12726 13916 4611 5530 8151 5953 3318 10145 4438 5580 6499 825 7772 4759 6671 456 12803 2367 8859 10687 4565 
2259 4324 3468 3661 8530 13522 4128 7321 7010 5488 4397 12846 3695 2121 10935 9922 5554 1313 4862 14242 9874 11679 12108 9300 4921 11668 12188 3052 1091 14723 13238 4112 5551 6608 12306 13459 10729 9264 1061 7817 7414 1517 5932 13359 13854 9719 11302 395 7890 14825 13664 9241 755 799 1911 6786 3064 1650 8422 3307 7837 6791 1513 3337 10744 1631 4721 768 8451 3278 7567 14597 2385 6914 3845 9322 
8694 13957 4986 1320 1238 9739 6151 8569 9311 14888 7244 11178 10365 4944 11325 921 2746 11492 11258 9113 5155 3244 9289 5584 3091 194 13280 6370 10862 1564 2582 3397 6261 2630 14373 6322 9927 5434 12146 12371 10828 6053 4848 12921 8026 209 7346 11956 12317 9982 4488 11007 13123 2554 8222 7959 2443 10354 9204 142 978 4711 13219 5647 14098 5539 7823 963 2888 9015 14492 9309 5817 6203 4335 
14700 14151 14310 3348 14659 340 535 14302 13639 9741 3189 2486 9156 4734 10872 13860 5164 835 2980 13286 4113 1539 11083 475 8704 8540 3673 5361 5597 5246 11327 8116 1174 2626 14174 9200 2942 4229 3514 3024 12678 14075 2196 14118 10347 5078 11864 2921 271 6015 2301 7766 8468 9538 13614 5151 14579 14650 3269 4797 14779 3859 8173 10282 11129 11244 8685 10592 13661 11706 12832 10931 10298 9049 5354 9128 
699 6705 13528 5026 14893 12553 5416 2836 14966 2793 14811 5411 4398 11520 6295 5592 14835 5047 10322 13676 13785 12974 10693 13631 8158 3715 10433 9994 6806 3559 281 3644 8038 11362 3016 14555 988 14412 3787 9598 2470 8272 2683 10538 5421 402 1799 590 2645 7605 13474 3898 8463 7569 7653 14756 5206 10388 9782 10149 11748 7839 3610 5290 10903 13104 8862 803 2966 5643 6134 7645 6246 8045 3498 5639 1406 
3156 1635 9744 10212 4981 6580 2724 12626 8259 11217 5529 2291 8571 5826 9336 11685 14524 12418 5369 14331 13852 4035 14448 1071 4269 8132 7331 3793 12011 2509 1109 8863 14234 9888 3041 1811 4840 2699 2153 14603 7289 3748 9576 12697 4992 9781 10962 4722 1306 14800 1358 2830 5382 11810 11969 961 14623 3678 4088 3073 4451 11887 14 5794 441 6324 12681 13209 5015 2419 2328 4330 10376 3716 7940 
2961 7719 14581 4245 7093 10207 1239 8140 11027 10715 13251 14304 12821 11418 10896 4618 2472 12701 10907 13590 4386 9526 11289 4581 7118 5693 14546 3059 2188 1364 12958 14681 3674 3718 3991 9286 9069 13316 10850 8159 9065 4956 1574 4751 6011 1097 3047 2206 7676 13965 7695 8984 911 13623 4655 5747 14015 14917 11010 2079 4639 12221 8282 468 3040 474 4643 7160 4898 11727 261 747 8486 9985 6319 
660 5769 12592 14775 1705 9471 1126 12826 6387 11300 4977 11457 2667 3456 10506 2785 1498 11676 9805 3536 5486 57 9534 1656 10735 8275 11905 9838 13181 11281 7459 10664 8980 14135 11409 1213 1538 9434 4688 5204 9754 8510 3336 6483 10037 13845 6360 11157 9307 7229 9418 253 5986 14595 14586 6148 2115 10856 11101 9626 10383 13318 10528 11771 11202 12583 10435 5526 7827 704 13417 5929 2780 4473 14168 9986 4213 
1401 6003 2802 8067 6664 3 307 10909 6853 13406 6972 9702 7434 8961 5125 6645 6997 3681 11404 2395 12927 11882 4160 8949 2620 46 3881 9292 1208 2885 4307 8054 1010 6119 5819 1244 6487 9083 7063 14018 11279 1066 4428 5910 2235 10395 2664 6330 9528 3402 7764 12134 6886 2533 12129 1877 6243 7198 14929 2923 2118 8973 8383 7449 12829 4444 1540 4568 3862 11984 11610 8330 12053 782 13326 1371 4135 
2688 13840 7131 14926 11851 12904 13059 9466 6503 12391 1823 14694 9726 10827 8478 4071 328 11833 13276 3682 12760 9211 15 4453 14058 13709 9016 12851 14489 6278 4640 2231 4250 3311 7648 12913 4757 13047 5013 2829 10811 11058 12775 13264 3038 5708 334 6847 1319 12411 9769 12934 11653 5998 3753 14898 773 14038 3815 8332 148 6964 682 11517 6759 2365 4566 6827 9176 3689 9855 11766 12638 10580 6905 2341 7957 
1323 14932 777 2563 11733 7405 14731 1706 14536 14922 9930 13367 966 7122 6147 1551 2481 2706 11716 8801 12506 13364 13618 14897 13153 7898 6016 8052 9919 9164 13475 8623 10139 1178 10784 4389 9785 9100 11899 13554 5780 11591 3713 12601 10001 10781 5538 9586 5976 12523 4075 14857 12797 3873 1326 12751 3471 6683 4880 7578 6467 9801 8578 3620 499 14338 1441 9439 11082 5032 11649 2831 9873 3048 9440 470 12949 
5457 11656 12906 12513 5649 4831 5020 1589 6268 4942 4436 12353 8487 13821 12471 3330 5905 4579 5837 4082 1040 11824 826 12604 9692 4141 868 10997 3208 10111 7820 10058 2275 9724 6842 3297 9880 3921 10504 12554 8983 11596 1408 12220 14477 883 2674 8007 8399 7883 310 248 4868 3246 2811 14862 13274 12151 10452 9567 11276 785 2956 4717 13331 7731 9018 4955 791 1025 10631 937 3537 12169 4083 6749 4691 
3039 9900 1 190 1588 10324 964 847 12352 14069 8843 10287 14610 12768 8205 8907 12184 2912 13637 13512 9924 7105 11525 3177 12214 1988 4622 1970 11915 6478 8005 1478 2344 230 9182 7345 8710 1616 1915 7808 8350 8310 8701 5191 9477 5552 8494 12182 968 12265 8456 10457 3922 4607 958 9876 14647 11631 2861 10494 13811 9041 2781 61 1585 938 2948 4057 10385 6046 257 9816 6948 2068 1934 
2061 10642 7678 6507 8496 10525 12625 10831 13016 9780 615 5835 14849 2018 9813 990 6762 55 8869 3380 9027 13902 5205 8041 5623 3257 10238 2818 12656 14401 2548 9019 8484 3904 10356 4261 5048 13394 10153 13958 7314 5433 9655 6236 4210 3173 945 2287 266 9928 1173 10489 12177 4205 11497 7003 6041 6525 8121 10321 11257 4221 3671 5770 2557 5497 2541 1288 6437 12014 7611 3906 14535 8993 1917 13248 
9942 12750 2803 9084 5650 7912 3421 12201 2725 12196 12114 4710 7089 5757 10164 3525 1927 1615 8947 13208 12350 12420 6052 6520 447 2009 13356 7264 7136 12812 11543 488 11657 4545 2426 12224 10508 7540 13663 14278 12536 8155 10026 10274 9988 8087 2586 14806 2345 8477 120 9489 11904 7715 10240 8953 6681 409 11753 1845 13162 3669 8702 3580 12895 11881 7285 7104 14939 10007 12404 7850 9605 11038 13812 6458 
14583 972 5104 9934 1944 10875 7438 12041 13167 4085 11490 4943 8142 3963 2637 5163 834 7777 8050 10468 7124 10166 8832 9612 3946 6247 1052 10472 11047 14663 14089 12696 14568 5988 10565 4619 4649 10655 6058 6257 386 8051 11682 2655 521 13993 14832 7190 7258 7207 8193 1852 5816 14598 13820 11700 11088 9837 10795 7215 14325 13926 5557 6951 4134 694 4426 10514 3872 12837 14870 2285 5661 4448 1041 7862 860 
7797 10759 543 14661 6196 12630 12438 13132 12782 107 14303 6342 5841 4515 1965 7152 5406 12378 10780 12652 13871 1157 4765 8080 14944 8392 11055 6882 2155 14273 8044 12557 595 8941 2158 5197 8900 2882 11518 14486 8827 8935 6751 12749 12800 6389 9647 2198 11553 4543 11558 14449 11544 11163 6089 6513 265 4315 8584 14630 10003 7942 13804 11592 4224 10308 13107 8507 9148 6597 5600 2702 8894 14246 6242 9972 9751 3026 14574 
621 4677 9979 1866 13171 9121 7560 5449 11148 12313 13913 6659 6225 11104 10833 10047 6543 2286 171 4383 8752 5096 6412 650 8957 9484 11562 6999 12526 5478 7233 116 9944 2048 896 13961 9827 12142 8324 10933 8393 3592 7821 10785 14872 8467 4537 6066 4116 2071 11310 1803 8866 8656 8004 7254 14644 3875 7354 9287 7656 1521 3056 10773 7812 2033 1370 14123 7858 6240 2299 10483 3181 7452 9062 3931 10842 12219 9441 8761 8867 10360 5101 7266 9777 9449 201 11532 3962 11454 14627 14402 13734 3433 547 318 279 10670 
582 6234 14973 2451 11967 9160 12079 9042 150 9857 692 3924 5060 1744 5685 6654 3495 13549 14211 8049 11053 8830 455 11570 2639 4121 2347 748 7261 7654 9796 5389 6172 12110 10160 12089 7877 9646 329 5620 14763 4676 1772 1568 14958 1946 2843 5542 3102 14231 4220 8312 1592 6837 13967 11436 10613 12307 324 13825 9457 14839 14040 4360 4758 5109 10243 14430 13260 6981 3139 1101 8066 6460 9335 14773 3357 14591 10890 4829 13360 5599 9385 3961 4847 8825 3143 9479 6320 4196 128 10112 13691 1055 8178 7450 12101 1895 
11580 10096 8452 14346 14815 5260 5293 9004 6931 5371 185 10092 1428 9189 4080 6855 2643 12262 4812 12456 8206 14300 4238 3809 11328 7740 3712 6754 995 215 5849 1307 1871 10511 12206 9068 5442 9962 9494 944 12983 269 2851 6755 8519 10114 12835 14256 3124 13073 2478 2418 6043 11191 11498 9508 13625 3106 13396 14708 12928 11413 8385 9374 6642 9574 7669 8605 8271 7527 11895 3747 13455 5309 12577 12193 5146 13126 6077 10266 8188 5471 11957 13599 5822 9868 1094 1678 5276 13261 9171 9270 6072 4136 10073 
13491 6235 3195 5454 4903 6001 9082 7789 4557 501 7595 9546 10988 11067 9663 2214 11690 2511 5412 210 2678 4149 3058 12194 6656 10927 2113 7467 2865 4661 11554 14780 722 8715 6133 1269 5069 8161 10189 4406 13936 11600 2431 5087 1542 1763 11136 13632 10699 3128 4910 13175 6037 4025 9686 2635 4897 8438 5706 13753 7549 9881 12049 2521 5848 8475 6817 13642 11420 6740 14625 9772 12327 11491 14026 5335 8817 685 10257 6048 3561 5609 4254 10440 2936 6485 3966 14570 1605 11472 3824 13924 14531 5154 14418 4574 10151 
114 2569 10137 10251 6195 14113 14971 6502 2998 11806 1707 14108 68 3617 4470 11964 4032 11169 10350 927 7426 14261 4589 4503 10821 1305 1617 564 85 11133 12773 6796 10841 478 12149 800 9173 3484 11011 11795 5278 9420 14711 7765 2114 14646 875 7275 1603 4169 91 8745 5424 10739 8241 14767 7402 10549 1870 8814 922 9954 2086 4187 11856 5034 10561 7848 13896 5686 5518 5226 3554 2847 7870 4343 5560 1491 5201 9408 2203 1821 3863 6446 2757 3911 10241 12624 8001 5033 4486 8435 12482 3984 1314 11204 
12165 13335 4014 12162 11734 14814 4206 3622 3583 4513 2135 965 9858 2604 14142 6153 1302 1745 3261 3643 12067 10975 14807 1352 11414 10478 6208 3645 1411 14333 14791 6676 2204 3403 3364 9458 5161 9451 6431 6470 10924 2617 5390 12215 9958 6989 7184 6716 5195 539 10803 2141 8455 4567 2221 6028 8968 941 5170 3340 7949 5859 11388 6995 9170 13545 10237 2762 39 6967 10471 1998 4522 11822 3457 11374 6844 10299 1396 13324 1345 7042 2663 7962 13652 10830 1938 3594 5500 1583 3746 6696 11594 2736 14124 3365 12234 
11658 14502 9045 5574 13881 7834 4441 2841 10602 10987 5333 7400 5255 960 8610 11208 4851 13797 4656 12816 3136 3653 13042 10790 13013 11757 280 7701 7885 12139 14284 12518 4739 6941 2945 14000 3140 3286 14204 8445 12887 4493 7640 11119 13927 9802 7462 7665 5737 216 9407 10055 2411 10669 4741 14114 10611 7363 9977 10873 5699 7603 2020 4605 3313 6472 10201 6550 1535 1930 14735 1519 9352 724 9859 13733 6070 7725 13040 2691 4478 434 11152 781 10185 13656 9595 2406 3204 3888 14787 12218 6692 5136 13868 4902 6384 11879 
8265 4908 12006 14347 12708 2958 11304 13060 8959 3460 11143 4241 2325 12231 14454 6738 5607 13362 5484 13275 5242 1586 1625 14963 10400 2397 9144 1695 982 5441 13855 10568 9224 10724 13025 3158 8072 12679 403 7145 3172 983 5477 12302 749 12250 893 10694 2075 13108 3892 1825 4779 9937 14194 2391 12405 1129 13611 12076 7798 14082 6340 11783 13906 6652 3368 4309 3451 3168 11218 10893 12031 14410 12082 6779 13389 6245 13720 11361 5465 6410 12524 13851 8820 7784 8347 1142 898 12347 11805 2156 10619 2224 1483 14709 1470 
1713 11619 6313 13686 3973 6937 7633 306 3343 12080 13484 1004 2253 13992 7283 4242 6294 12387 6996 11364 2628 952 5983 11024 10712 7651 9417 4854 13738 9222 13592 6434 12284 4222 9058 5285 98 11470 14582 6448 8792 11479 3874 14945 9251 7977 745 11314 3839 1841 13069 7484 4233 9709 2216 11341 10399 9906 4962 4173 10310 11965 4120 4694 14959 12831 5575 13923 13285 11605 9379 11419 10533 4912 3207 13655 9369 9811 12840 638 2705 1953 14442 13141 10912 6232 14782 9635 13613 339 12776 10375 786 4278 8659 7203 14726 8084 12620 6558 
13998 3897 4045 111 4630 6970 5098 13372 4558 13757 2022 11223 14615 13245 13479 8058 13323 8595 11715 10116 8283 377 2756 12896 14788 709 10205 10392 14827 13532 6765 14372 11086 12461 8813 3250 1963 8912 2974 9841 12410 9966 13277 1343 4892 12640 9771 4988 9824 7418 12762 6511 13867 485 3864 5823 12104 5419 5238 10973 14079 6864 11108 3625 2003 12519 7429 12060 558 2109 3825 12338 13487 6098 11230 4439 13352 64 13321 10594 1426 10419 11883 6536 1454 1883 14081 11507 14670 6241 12408 6593 12230 6875 1561 
2532 8226 2139 12084 385 1477 4440 13015 5878 5761 7361 2485 1779 1185 7161 11613 2097 7191 93 12822 12651 1381 13666 9659 6500 11200 1918 12966 6715 10108 12100 7079 6845 14099 3743 10696 14156 10543 11582 16 11513 2960 9056 3211 8437 4697 7652 2387 13061 14599 12753 3479 11860 27 2981 10725 8078 10367 12544 344 9853 7318 597 1423 360 9090 6199 828 2930 1897 1925 12187 6137 9625 5107 1748 13338 7727 5474 161 1051 10269 7923 5505 10068 5973 13929 8096 4028 4916 5856 13232 8552 6870 14207 7412 7008 
2337 5143 6352 3037 1008 7911 13756 106 1393 13952 8842 12976 12075 1941 6426 4203 4695 8298 4164 10857 9844 5593 11843 553 2093 11239 4425 13231 5244 1851 12412 8639 11699 3296 5792 5768 14005 6239 4559 1334 13975 13307 11782 11743 8718 7232 5312 6300 2738 14668 14132 2450 10647 1720 1591 14483 13974 11469 11842 14942 2891 13630 9943 1340 3730 3201 12316 14318 12996 7463 4923 916 8560 12492 9314 3776 14734 6622 1136 8539 7741 9987 7706 9518 3381 8972 10553 4681 1132 3867 8079 13271 11177 13067 3416 4252 4760 
6120 1869 1237 2920 9198 11344 3465 11182 11728 4396 14030 6966 7668 10326 12237 5997 8790 9297 6177 9181 9961 7894 10673 1274 5993 10615 13930 14214 5673 14398 4768 13933 13163 8551 14468 14752 9914 12380 2041 2985 4541 6977 1382 6326 1230 6062 9707 13905 542 13888 3835 4975 5464 12445 2215 7195 1881 2596 6830 3249 4754 12138 2496 11079 8290 11003 1397 6701 13182 3352 11776 13721 12987 12343 10923 10513 6082 7181 1351 7642 14355 7864 11861 4976 14453 13539 391 13612 2732 6719 6930 352 6497 8269 2693 1665 8191 7256 
7134 7563 12163 3388 4675 9316 8497 7170 6190 5254 14342 1472 3539 9312 14031 7503 1545 1653 6888 1771 10507 12807 11599 845 9885 13239 6492 10498 7046 8384 4193 13270 272 11114 2389 13103 14429 6604 1400 255 13624 4030 8822 10430 7938 14629 6092 606 1088 3284 12765 10902 1324 4858 7301 3424 3163 9184 6761 1884 902 1312 5843 9938 6805 9363 4614 2535 11725 8043 4312 9343 4811 5784 5669 10327 13063 14435 11198 7851 7747 5635 13981 4993 3482 6636 3260 2151 13193 3611 1860 9522 3399 9527 2658 820 3005 13427 
12789 3117 6819 13488 10329 12274 10174 14190 2764 14029 7673 5684 1590 2130 12261 3027 1818 9462 12847 9375 7660 718 12886 1937 8216 12233 4823 11512 6130 10958 6871 4349 13621 4700 13234 2594 4913 10967 2227 3002 8246 13919 2201 9295 9212 9317 9793 7535 8771 14802 3085 9257 2449 10934 6357 6454 6862 10276 11914 9321 822 856 8195 760 4295 3691 14859 2962 5023 7832 4510 10778 3054 3698 5850 13370 4273 1514 14422 11742 3639 8617 14962 13110 7259 11667 1649 11828 11376 10220 8139 1717 6363 9695 10892 7533 14666 3122 
9630 4636 2530 6 5728 8106 3544 5683 11222 14458 10480 11768 6348 13328 11184 1623 8097 14679 10701 11247 1810 14407 9698 1461 11297 291 10030 10587 14164 9926 9487 6026 2584 1619 12178 166 6872 290 5503 2660 6799 3280 5165 3545 7899 2929 14122 13398 9342 7223 13100 12363 12902 3398 2652 11659 5229 11459 9555 5128 14533 14974 14949 1329 9606 9057 4010 14322 6990 13864 3229 188 11809 1189 13380 8787 13045 14311 8534 7744 5329 10444 9674 12013 4101 1639 7004 14236 9557 2468 11477 6163 2909 4742 4769 10180 12135 
10332 10758 8263 6351 6508 7561 10993 228 9823 5415 13795 5723 5177 12153 2136 11919 6660 9384 10866 2940 6567 8985 1196 10556 14836 6364 1567 9425 10353 14359 14916 3998 3704 8434 12227 9086 13156 740 13515 8381 13862 8636 394 8125 3133 14972 9875 2790 9910 7028 7574 12756 11634 9931 1565 13494 8254 14969 1299 11449 5513 14907 14901 4393 12714 4204 2154 12558 7705 3802 2742 11095 1418 13604 7580 6087 14130 13843 14683 9040 9365 2716 3235 10787 14159 8815 14609 908 3239 899 4434 1488 8786 2523 4395 7451 6285 14938 
11502 2922 11931 9354 7756 9591 6703 7204 9588 13523 1750 2719 14848 13289 12504 8214 12354 12027 4891 3447 7348 10088 2210 3731 14292 3372 4511 5909 6910 13200 13395 2651 1442 7682 14518 10820 3791 4857 8303 8194 4034 13576 14139 2552 2903 13468 13732 12203 14192 9246 12767 6144 6018 872 13689 9516 10630 2170 14501 1652 11800 7793 11347 6349 9360 6444 9569 12619 8970 3552 5499 8546 14279 14452 11751 10071 6979 8956 178 5630 9436 10016 3576 9500 13673 6033 2718 3732 1275 12959 14457 6164 12078 8152 9401 5721 3404 
6978 8811 7132 4092 5338 813 4285 1861 11149 11299 7205 10910 6854 5523 7440 4827 12348 3267 11013 14719 10312 6568 2473 11453 9807 11406 7935 9094 7194 13044 1765 2194 4963 14362 14323 11816 6250 14738 6406 2435 7860 9572 8796 13983 12579 294 7679 9732 1885 1456 737 6474 2232 14162 2379 585 13230 2410 13643 12375 3262 14522 763 12407 3524 9353 714 12823 5853 8594 1085 5541 10133 7020 4538 9404 6220 5131 3230 565 668 10450 14043 4313 2242 13544 4920 7398 5700 1405 3264 10280 4590 7879 11688 9839 6563 11945 
12123 8691 1830 5688 9667 574 11494 11377 10407 9233 10286 6030 4743 13485 8220 14616 3222 14064 5796 3291 2249 14329 10829 494 4999 759 8197 876 9378 1297 7274 5743 3959 917 7040 7895 634 5854 9845 7076 9533 10994 4775 11587 6170 4181 12029 4498 1166 7219 3670 14566 2187 5651 8768 1607 14235 11917 5726 9101 12070 5887 14111 9463 4705 448 10126 12639 1150 2886 12083 9226 14559 1787 6350 9007 6399 9580 8950 8020 6401 6206 13519 3951 10770 867 2078 4877 8876 11645 7086 5900 9050 6524 713 9075 123 5618 11784 
11463 9318 5103 14622 9277 1128 3075 11112 7087 223 13054 8725 13830 3384 9584 7830 5061 2589 3696 13588 12574 17 1859 6949 5954 6375 2815 12841 5974 59 6746 9185 6757 10040 5675 12692 13046 6509 13229 3319 12415 7570 8289 6946 1634 7024 9122 2864 11093 13152 9715 8238 1309 13591 404 9548 8775 12999 9592 2917 7012 10622 6457 11781 4672 12856 2934 12843 4293 5536 8014 8734 8377 10438 9119 12485 11530 5274 4575 9984 6418 12556 5990 1388 9210 986 2775 1211 3785 9110 690 5267 2692 13751 11025 11360 
6042 5535 12280 2218 3894 14544 5025 613 5332 10363 14854 9194 145 6816 9267 726 10428 7245 8415 7425 14094 4110 14953 13783 10283 9846 7378 9172 2662 1734 2321 14955 4037 4055 4027 779 2027 1034 14117 1646 3701 14746 5392 1655 2595 12125 1694 840 6088 9225 14699 4598 5017 8000 1909 8307 7380 4756 11934 8144 13792 7369 4719 14764 315 8823 6167 1114 14306 9613 13594 3766 1914 841 13419 12366 11020 5960 10932 4244 3503 3581 2092 4026 4391 8391 8708 5852 235 2250 13505 167 6267 4457 66 13739 5834 573 
12087 1984 1711 3036 10368 11928 2329 7287 3110 1159 7556 2954 1317 7596 186 3813 8883 13977 3954 2122 9414 2795 7592 2542 12615 13462 2202 6832 11590 14741 9536 1247 6065 14869 4232 286 11944 13454 14837 13966 10161 9169 4294 3956 2110 2353 8974 5789 10261 6486 12388 6205 285 12882 3886 2440 12394 973 1000 6096 3212 7101 711 7624 8056 7558 10591 12962 9755 7227 10762 7315 12590 9460 3184 7842 13538 14405 3970 11062 5011 14943 6280 9738 196 13088 8816 1913 14753 2351 1805 7724 14340 2926 9244 
5301 6198 2256 4792 11890 9237 10675 2842 7750 9545 9427 8179 7322 11807 5451 11379 5250 6108 717 1740 9804 13754 2629 11872 2015 10361 3302 10810 9835 14128 5899 9370 10082 2729 1697 7508 4339 10378 10941 14564 13697 4463 14759 4103 6902 1924 1997 1421 169 996 5581 5208 1318 3914 9677 5731 4958 13402 2627 10427 11909 4494 1156 2120 6616 1579 5882 7566 3983 11647 12641 4081 9775 7488 2026 1457 6054 14389 14394 9535 3649 9129 7499 13443 10947 9834 11394 12486 4803 4876 5734 4218 4642 13946 7694 612 
11541 13179 7521 10680 10446 4599 1476 3928 13483 886 9779 7634 9350 7282 8025 13679 14382 8180 9501 6801 9648 5358 6894 1654 14875 2278 2366 1079 1001 8431 915 1645 5108 13345 11983 1910 6991 1385 6055 4807 8012 9260 11345 7470 2297 9217 1322 7804 5863 10214 14365 1417 6595 8172 9290 8471 2024 7995 1270 1708 2245 13430 8117 6655 4070 555 6942 4405 4928 4633 10140 13698 1062 14513 3909 9392 14605 4226 9959 1006 10523 753 7831 7137 500 14520 3145 165 789 13272 8273 13747 42 13265 10867 11241 6519 3321 10961 9461 11936 12780 13617 3316 4824 1445 79 6592 1232 12179 3550 3356 1158 6480 12443 
13842 2062 1282 10252 8967 418 1354 7873 4708 4904 13644 3616 14147 3812 6776 12510 6420 10740 11481 10662 10272 10233 3759 9649 1147 8713 299 12838 10732 9815 1469 10119 369 13943 11278 6473 12734 10901 6718 3587 2236 14911 10083 5626 10075 8398 4091 5846 11210 10196 5356 7813 3180 1499 7466 8888 5378 3415 516 9502 6662 7761 14930 8989 12143 4884 1735 14149 14266 929 5687 13692 4329 1039 3469 1760 6045 13299 10572 3084 10154 2150 5092 889 8092 12778 2710 10120 10262 1552 5950 11368 12546 2983 4018 5813 12351 6709 10337 976 7411 4915 12910 12130 7884 13500 2069 2636 14675 3200 2679 6475 8855 
7368 5652 5847 5379 7485 3585 1087 229 5917 730 4947 11495 13446 4320 1863 12705 14226 5763 13212 5601 1186 13050 4188 11521 14563 13354 182 7085 14573 13969 5545 3868 7781 11632 5753 11759 6211 13699 1346 5147 1815 1598 4740 9923 12103 13615 5555 14057 3098 11366 13892 8788 793 7622 12254 11275 13139 9134 3623 2255 7757 5825 1331 11480 14823 4624 6828 9218 13441 10132 10776 10708 9112 12967 10698 2476 8936 11017 14416 3418 3366 11978 13350 5777 13012 12283 7025 9899 13058 2148 12054 9820 3022 10386 7441 7981 1679 12915 11126 2172 1293 2268 11633 3342 7996 1080 10518 1037 13482 11165 12698 998 11711 5579 12464 
1674 2568 9784 4521 10605 855 8224 3466 3504 11026 6308 13557 301 3183 1082 13518 4008 5445 7707 4938 2901 7542 1068 5827 5671 9337 4316 4004 12682 319 6988 2163 3049 5467 5119 5420 9749 6494 9476 3949 1648 10373 7604 11786 4658 5576 212 9026 9728 9607 8537 1681 6985 364 6287 2777 6573 14954 4147 11947 10045 4021 5903 5999 273 12616 850 3932 14550 8807 3710 733 10689 9028 2723 11425 6945 9070 3191 1374 5614 9109 11464 8388 14461 482 6165 5862 4217 1026 10106 13269 3646 8378 5582 7413 9716 3901 10341 313 4785 12581 6029 13205 3209 101 11896 4317 10709 11585 5627 11181 10883 4652 1064 1834 
12282 13803 13527 7365 12555 11772 6000 10135 14575 3811 7482 4201 3032 11963 10169 809 8604 10710 4275 765 498 5436 7473 1887 9542 8128 7972 13130 4472 2280 4308 4698 14487 1138 10966 2779 1112 7019 9203 14177 3871 7838 12844 8242 3077 10331 801 14677 14794 5261 4723 12710 10226 5815 6197 6721 5347 7835 7601 3202 8506 667 2455 1348 7236 1875 2528 7681 14561 3354 8300 154 2884 1987 989 13799 3586 9140 3242 7803 10801 5940 8851 1053 115 10177 10232 11976 10255 2457 81 14812 13369 5764 7422 2540 5920 4048 2263 6441 7606 6748 5232 13071 3248 9020 6095 1415 3065 1991 9990 5188 5510 9098 11750 6397 4730 
3936 4248 6976 1593 9513 5182 9315 5065 13410 3310 9974 1081 14693 3111 14537 531 10209 10944 2784 5280 13290 10194 14485 1029 2941 14924 11999 8333 14885 3060 3751 14175 12019 7038 3556 2854 1723 712 11642 361 2846 8250 13309 8359 8740 6673 9143 1985 176 12064 11825 1105 2751 446 3566 11236 10028 671 1386 276 4855 14313 12772 4990 11098 9850 6142 12260 8143 11113 3217 1643 13577 12258 10074 8326 9190 5547 1143 7330 4322 6321 9723 14696 2950 9399 5619 2488 2359 13347 6154 13786 13031 4767 3942 2420 8426 5744 11701 4613 452 6826 2770 7299 3104 9215 9127 1259 3927 2480 8217 2562 13790 13456 
2064 5886 6619 2334 7794 11697 13215 5845 8926 11260 12357 12436 5059 10755 8682 7674 9038 561 225 2994 12924 1419 14850 12730 4033 9737 3409 10049 12623 10069 3166 7389 8314 4667 6637 8821 13241 11242 233 12568 11018 6650 398 5417 8640 10651 238 1049 6994 5807 7847 4225 4298 2080 13195 4637 13490 6911 10035 3925 2416 9452 399 304 14157 10939 5045 14864 4192 14527 11778 4490 12600 6545 2845 2081 4465 6194 13915 12346 4198 1599 3454 12668 14715 3912 9697 370 2098 5313 1725 6784 1955 5772 14277 5804 9402 6132 12911 5912 12893 6631 3833 2640 440 9206 903 13574 11961 1509 742 8547 11195 2558 10805 12564 7082 
2805 9903 619 6666 11499 9706 10410 10173 852 12670 13094 7555 2252 12938 10560 8492 1935 4358 14883 8647 141 6373 7893 10546 13559 3721 6724 8372 9464 11765 4940 2436 1383 11044 10423 8327 2971 9406 13660 1843 11788 5051 4502 11309 8198 6959 11175 4346 14798 2821 8367 680 14707 2119 10604 14092 6526 3609 11084 12946 9243 3137 5084 9725 13499 11293 4178 13701 7692 3905 11452 12299 2937 9009 12160 12719 7608 3666 700 12862 11615 3820 10466 8351 14793 3463 6986 10081 2320 10445 9996 8680 12102 8053 13136 13435 8513 7031 5695 3299 11897 1704 3394 10727 2624 12647 12876 5812 4097 14587 3784 11511 10765 5072 13829 
7641 2181 192 7677 1516 7404 8686 5767 8887 8185 5493 2681 5450 8102 7048 3461 12197 13011 3417 6216 951 14367 6840 13314 3837 12223 1537 9152 2514 8723 10654 13543 13426 1180 14674 10199 5342 5779 8990 2828 5537 515 18 9104 11097 8264 11435 6521 11006 2825 2314 2063 6643 10625 12649 13157 14685 199 10060 5842 14166 8741 1699 13648 3329 256 2895 7920 6800 3719 4561 10162 7708 14868 10900 4460 10601 6181 4471 12216 13928 5157 6922 12063 4087 13597 4117 5102 863 2008 5677 13341 12099 3113 636 7286 5522 13149 13496 13968 9284 14470 8256 608 14826 2107 2424 2597 6836 13287 10397 5916 4525 1527 4140 
13764 387 6040 6118 8809 12747 2101 4830 5527 1003 3929 5566 10247 8799 1662 5952 2043 1077 11880 6270 4125 3097 10624 6139 10000 4628 1664 8099 2670 5213 514 4024 527 12459 7927 11863 21 1637 4817 4367 11036 10685 11986 6378 2088 13658 12281 10963 12059 10313 12731 355 10148 5183 9611 12735 13424 4342 3396 519 1714 8812 7559 5089 4546 12628 2918 12505 13669 14504 13552 9597 9118 6869 10925 6747 3308 10769 1543 9865 14467 14673 8514 2471 4806 10318 8183 666 5589 6750 4549 11059 8865 11664 1819 2186 5427 7226 13817 12057 11780 9561 7178 12737 8006 9249 12208 6813 2965 80 8880 8295 197 8018 
9981 4716 6312 7992 6586 6429 4284 7872 14692 6546 8491 6230 14420 9817 9891 12042 9306 3423 11607 3768 2715 8322 8674 8518 4969 10751 14729 9347 8840 13384 241 2358 10771 11874 14840 13787 11437 244 12880 14440 12874 9980 3272 12068 7609 1191 14621 9637 5317 7297 1205 5000 10838 14100 7700 11189 11384 12839 13252 4731 1686 9915 3001 2326 1641 8914 7978 1992 3045 604 14747 1989 6956 13789 6974 9216 11588 4054 7541 12658 14104 7159 5387 5357 10366 3964 2072 13302 5114 2567 7257 1972 5296 12453 5586 8592 11060 9444 12170 8235 14882 3599 1466 3199 38 3590 14613 7333 4491 13322 10502 10826 3087 4296 11259 
9747 5028 8421 2452 10213 2374 12903 3855 3889 8687 11421 3656 887 8570 13596 4124 9351 13869 5880 9078 12222 795 8479 5631 5944 2444 10517 13325 12058 6695 3985 9456 6531 11504 11660 7420 1336 4778 13546 528 8991 13429 13775 12259 4064 10473 11444 14672 5746 9338 10231 13593 14950 4255 10777 3605 6963 9949 12675 5453 412 11303 3841 7968 12424 14274 10335 1192 9976 10881 13024 5341 1124 568 3597 6067 9031 7591 13460 70 13240 13570 7736 1368 13035 1842 13948 11380 6600 5446 9085 2593 7023 4118 13480 7589 2819 9617 8586 11979 7187 1431 13769 5253 5159 12897 13885 6168 11550 3121 2168 9010 7967 1353 
8616 14931 10839 3115 10558 933 3076 14146 7009 1125 931 10519 653 1584 6309 13713 1389 5124 4236 13875 5256 7581 5086 8362 8166 7075 10946 12935 2834 5116 1110 720 13553 12888 14526 6289 10072 11681 11515 6980 9331 8902 3179 411 3254 4372 2890 56 11487 1339 10304 2773 9629 425 6998 784 11509 8588 14404 4766 11201 11128 12873 9694 5967 8778 3736 8901 4104 7861 811 8845 11790 13806 2735 12567 7071 3093 14786 2703 11719 7481 6756 14283 6204 4595 12450 4412 71 5316 2164 4171 6223 10025 10009 2225 2302 1544 821 2507 335 9205 11000 10064 3633 10323 3512 7455 9426 3473 12854 84 8854 157 
1362 14269 8148 2257 9705 6741 1276 3543 8886 4864 5995 2915 4709 7907 12314 8999 7557 2550 9390 2175 7620 3135 7479 10155 5320 3526 4657 5564 4971 11161 11952 13891 2308 2631 14253 8871 8590 5275 2789 13816 14947 6317 12401 1073 14200 11938 11557 10612 12718 8549 10292 10863 7886 5052 14395 1369 9871 203 9255 1260 13516 3960 8243 7878 4056 4627 2783 5063 1241 3513 4650 13945 14910 2466 13960 363 5692 8658 432 8672 9616 13057 4429 14371 11185 5307 1936 6162 5297 6610 1611 11849 28 12010 4572 5219 10159 5739 4764 1874 7433 14886 10034 4340 4998 885 10766 14861 13886 10219 5288 5115 1718 9933 12152 7121 
7524 10293 7407 14230 7290 4131 9856 5571 14341 6424 2953 7867 11456 35 8960 6372 9345 2091 4548 8877 7074 7044 9102 1235 1459 4930 7202 954 3634 25 1489 13501 10275 7526 3764 761 8795 10451 3023 2665 6094 1286 2701 8150 823 13498 14490 12328 11977 1035 6339 4922 9498 251 481 3974 8650 12689 160 2430 8677 14208 8204 10756 677 11439 2817 13586 7393 9711 14725 7325 13726 1028 13767 7045 5830 11620 7502 10223 4015 11859 7179 4933 2248 2494 2104 13421 6730 7224 1019 2070 11042 1728 8182 14119 14198 6909 7511 3420 7767 2614 9912 14431 13115 1839 8022 274 13227 2380 144 11745 4725 13028 10479 
4050 0 6432 8070 9510 1437 12318 2524 14224 1627 2368 6815 2565 4626 453 3266 10871 11022 6537 3228 13509 14016 3408 367 10897 3955 8684 7865 8138 6539 1742 8879 3333 10158 14908 2126 8228 14643 8441 14216 8093 5186 5938 10345 2144 13585 7930 5971 758 3194 5351 10547 2587 3241 4186 7431 5481 11132 476 14722 5949 14851 1903 2349 282 13018 7107 4906 2995 8037 11641 2898 131 6031 9967 13955 2469 5875 11848 5898 13386 5004 1036 6708 1719 2293 13006 5641 10886 9014 11371 12212 11225 14784 8059 4146 12463 5544 11429 275 7476 11901 14471 743 12296 8954 942 14652 13049 4647 9192 7840 7472 5422 5774 11779 
10098 1518 13098 696 7599 9778 5962 14541 2446 12475 11767 10676 11109 3577 1278 12744 4002 2955 2169 7323 11052 5640 14406 13197 6022 1703 6529 13481 13423 2951 5439 12732 14760 7916 4505 14567 3684 12167 4258 12968 6200 7537 2422 9325 1300 12245 8818 3449 12848 1807 710 1737 1651 12111 1295 3557 9334 12458 4333 1691 14048 9684 2650 7897 2574 8344 12806 4400 2613 8095 11400 6589 7383 5521 8495 12421 14618 3619 9213 168 2928 14364 14001 571 13469 7532 4234 8134 12602 5911 5937 13029 10104 13464 1162 7168 9748 5775 8602 9332 13964 3650 8230 5214 11433 357 12312 3455 4881 5210 7217 1766 1600 7316 12374 7577 12858 5873 
426 10449 1198 7095 5923 7092 1199 8453 5844 2881 5494 8920 14381 1628 3968 11061 5679 8760 11763 9117 366 4593 13056 8643 3603 14212 7699 8762 5252 5603 10197 13267 1099 14320 2506 1960 4310 11603 10355 13319 12334 524 6335 6296 3826 14438 5399 11050 7158 3467 9953 6907 12176 5091 1846 5473 1932 12687 8631 13533 23 14689 4366 14179 9330 2616 10076 13831 7188 9382 7686 7332 10851 10503 11035 11583 6171 8248 4107 10957 1452 7800 10006 365 8160 3003 12238 5543 13187 4483 5326 2713 1409 11982 12551 14357 5469 8100 8919 1119 7593 7958 1995 8213 4487 7568 413 9362 8352 1856 8747 4161 10986 10046 2363 7762 
8457 7446 6975 9435 14737 6742 189 13606 7326 2057 2490 4591 14810 2058 6932 1857 13986 14571 10905 12977 10131 3066 7386 14290 5437 11443 12740 7553 1391 4347 7339 13161 12225 3205 7498 7147 506 3439 13036 4427 3130 4583 5587 12217 2899 13619 13805 11288 11866 4961 1464 14915 2392 2375 8459 177 43 11353 3350 2237 13506 4577 8365 1964 5741 7987 4646 6564 7344 3591 3276 175 10854 8404 2143 8794 9092 10633 12589 5680 415 13311 11342 10600 490 12093 11959 14634 9691 5797 7819 6249 1407 1435 1817 11705 10921 4964 2931 8591 7919 3477 9908 12248 9699 5877 8408 8270 10970 13695 10532 9011 12335 7139 7554 
1986 14739 9940 2919 6585 10090 11773 12781 13990 2296 379 14068 12270 2290 8921 10320 6075 537 3378 11886 6693 10311 3018 11100 4228 10702 9571 14690 6929 3450 4199 14437 11094 14515 3236 904 11008 12422 7732 6161 5665 953 6913 9281 11331 12644 1919 901 2747 11162 14785 9395 11604 10526 3982 12337 1729 2855 5534 2712 7998 594 2900 8433 5235 14637 9587 5440 12990 7644 7617 2340 7435 12232 3541 13682 6518 8892 10627 7305 1475 2852 2437 1065 14384 13375 5803 3664 10783 460 8728 5374 9073 159 1046 6476 8667 2129 14051 12872 8776 14184 6926 9795 4820 6086 3277 4292 7338 10263 4625 11103 1484 10904 7260 2870 
13449 5340 7366 3387 6039 13021 11572 4318 4519 1666 2763 3226 14928 11612 6606 12738 1506 14148 9531 1824 6576 4353 8127 4306 8791 572 3019 2054 3887 8481 14476 12565 11902 5662 6648 14721 7799 13982 8345 14936 6356 7547 9884 13706 7778 9797 12926 14645 138 12930 10118 4810 12965 9061 1529 1447 8233 7396 2708 5598 12168 11471 5123 6674 12190 5703 2730 13776 7588 1767 4663 8149 3519 12095 746 6316 5786 13954 12148 4212 4887 14701 8524 2625 1012 14881 12960 11137 1604 2021 7078 8729 2800 7474 727 7447 1688 14792 3170 9600 11606 8123 3707 2324 924 1756 8135 1493 11571 11233 5132 5773 6107 6462 10107 
9201 12633 13956 10917 11616 1050 3270 9394 13445 2025 7399 5099 10638 11924 10677 2526 7986 14220 14718 10476 1497 11832 7308 14134 991 12963 11375 1177 7495 14125 5311 7534 6921 1500 3080 10930 8756 3569 2360 14528 12688 5831 14312 12618 2205 7969 9806 8476 12905 14902 11735 7106 7306 1217 4411 2453 12454 6097 8329 11041 8874 1597 2382 8410 12322 14751 5855 2527 1384 5908 2813 298 8923 2840 2145 4446 9794 3315 7552 3953 3939 13837 6808 10723 1007 13246 12970 5926 5933 12473 6433 11839 7029 8533 6928 14667 1197 14822 11138 4703 5448 5678 11064 11312 13422 7355 5383 9673 7437 5583 2458 10752 4179 3494 11867 
9786 14037 12787 8808 5922 540 9120 1165 1827 1315 11695 4435 5021 2448 1974 6504 732 11334 3174 14655 8721 7854 12 2902 11130 12535 1508 9523 993 923 11005 1890 3127 4152 8938 10880 322 77 14409 7027 13142 11398 11486 3640 11292 3665 9303 10456 2513 13685 86 11392 12345 4272 4849 9299 3367 6253 10032 9547 10889 14617 5508 9087 6661 2986 10874 11817 6867 7018 7780 7915 6594 97 1730 7129 11744 6311 13357 11820 11315 9750 1942 1485 9235 3100 4499 7090 9411 76 12472 8355 1602 13363 11046 870 6714 5331 10614 2185 11077 14085 8057 11489 9656 10492 14237 14319 13144 3693 12881 4837 2753 2619 3638 
10761 12864 580 7795 12859 2649 1978 12157 9433 12358 10091 8448 14576 1394 7477 6498 180 7551 7908 1896 8844 8409 11145 14601 12769 874 12301 4540 2327 4882 2873 11141 2748 7807 14245 14819 12791 6005 4856 428 7810 8657 1882 7999 8094 10703 11756 12137 10629 191 12072 4853 4325 12107 3215 10370 7579 11423 8120 3679 308 13221 10659 1287 9553 10110 13581 9168 243 13513 1923 2089 6415 12385 6544 12297 14455 7614 10477 14662 12868 13750 9833 2925 766 14813 13399 4683 4098 9911 9413 2050 13109 8482 13084 3632 721 14790 11146 513 9032 8196 4526 14904 10697 12131 13032 7928 1661 3849 6891 8252 3940 10124 4941 8529 703 11272 
1206 1204 4051 11655 7914 14697 9199 309 7444 3000 12709 13333 6781 930 9622 3702 12396 9589 4982 13563 13873 11261 336 11689 2910 14265 5094 13548 11451 4162 6893 11295 1770 4968 1038 14649 2877 9687 7113 11754 2979 10467 12496 11911 12116 5915 11531 4745 8060 7896 10537 221 9035 8015 14710 1463 8119 2896 13376 11320 8483 400 3910 1541 13465 1450 1949 7448 9529 593 14167 4154 11760 949 3800 7388 8632 6638 4996 5776 5750 2032 12515 14360 2162 4337 10799 9920 3947 2868 5893 13199 598 8516 14878 11019 3042 14228 7926 971 3792 10990 6873 13603 8780 11246 14201 11441 4524 13572 1377 3919 4907 4819 7051 7146 4421 5697 2209 4477 12580 4068 1982 2128 9229 14761 1959 11985 6557 5258 5733 8071 9034 383 1402 2772 3600 11107 12948 5218 14023 646 11597 9872 14818 10 11349 8573 8697 6271 8683 7520 8625 10405 2801 11758 6538 13870 14517 6210 3006 13297 11358 6145 3157 105 1700 12973 8357 6224 14475 10908 8669 12520 12503 8777 9293 4842 9153 7138 12598 8114 591 6774 10414 7065 1835 1154 14626 89 374 11823 12676 674 13305 11858 7728 11528 5111 6212 6085 5930 3459 14393 12637 14090 2809 
6627 6625 12124 268 3975 11265 3273 11226 892 4752 6229 6858 7672 1906 7990 8803 10285 14264 7828 2095 12898 1900 9897 6191 10949 6737 5645 7635 1311 4821 5724 4553 5562 9468 2433 405 2316 11559 11139 7971 11949 11871 10663 5135 6305 7270 3214 5788 12038 9757 12693 10548 2717 1801 6219 4815 605 5556 2545 9887 8002 14294 14593 6453 4895 12266 10228 7576 5636 11626 7055 6482 4888 7888 1573 1183 14217 12813 8831 11951 4286 3757 9373 854 10469 11158 11696 3865 1967 12722 11054 6002 7509 8749 14243 1486 3020 7991 4077 2305 8212 7626 8251 11943 10620 7213 2549 4588 4009 9892 8982 12015 10099 14439 5970 1838 3223 12645 802 7702 7597 14774 3281 6691 3017 10249 3515 3432 10372 2774 10834 1267 3474 9431 3737 6259 103 12246 12889 198 6408 13932 3844 4834 1813 10211 3025 9821 3285 4900 4666 8511 8176 11995 7084 193 5196 11237 14511 11215 5393 7442 10815 14052 4237 5955 9504 10307 5388 7632 8738 4668 8642 3615 11623 6735 2858 1626 8074 8464 2211 14548 596 10982 9830 495 12971 12819 11741 162 1610 9188 7343 3317 4413 6758 14964 12074 947 8525 3516 4799 14012 9968 10999 11628 14704 
12126 13450 11034 11346 13296 1321 1515 5532 3817 3621 541 8574 1752 11811 1828 4363 502 9822 3699 13835 5133 12276 8219 5840 8688 5879 12783 4476 9624 11841 14967 12549 2370 9882 3846 8010 3852 14844 8440 14874 6958 4735 5515 6334 3877 14173 10156 1030 13949 3801 5447 1294 10595 7729 6141 3692 14136 13189 556 5517 6952 2709 4076 4874 13610 14011 4846 3101 2350 11942 13085 4727 7618 4974 88 6027 7501 11501 7336 7587 11834 6704 4190 1559 2036 7613 14369 7739 14399 14022 3740 5624 1144 4732 9836 6413 11324 5230 5035 1209 936 12712 6366 1993 12634 7120 2189 13180 3861 831 3379 10991 4095 11329 8797 1131 13079 5284 14539 2042 11614 4137 14469 8806 8563 5302 5485 4828 4299 6915 12400 13486 1084 3987 9096 3853 8719 695 12694 7073 6571 2859 5355 11661 14745 6252 11037 5608 9860 7486 1153 14238 7903 207 1533 3123 3476 11393 1487 13492 4468 2872 1482 7754 10711 3142 4276 14960 8313 11974 11296 3771 13890 14769 14063 8664 8893 4079 4096 5432 4005 12191 12759 14588 14258 10943 2536 5193 13349 1548 12326 11415 9327 3225 13027 2927 13716 508 13222 2792 14748 9361 2849 12213 12936 10259 2585 8781 2897 1566 
4053 1243 8458 7758 3934 11500 112 1789 3780 12748 4011 4870 13683 1164 1905 14464 2413 9700 8847 14770 419 808 12855 11183 14186 1224 3500 14733 1668 13796 7011 11730 5489 102 14109 10125 7659 12465 13938 2409 12495 4500 1576 12978 5046 13939 640 1264 4267 10351 13403 7358 3926 9971 12808 14417 408 6063 2035 5322 2233 11153 956 3361 5701 5821 9809 8473 7742 9214 1151 9614 7186 642 13504 10277 9685 5507 5169 1460 602 5924 9689 3899 14777 4506 4459 11431 12562 8593 1265 325 13897 10019 8987 8523 14096 13342 7954 3206 1495 13022 698 10175 6548 1560 6020 6479 1104 9619 1563 11708 2689 3627 1891 2262 8940 1826 6193 7881 3978 8360 14088 3866 7571 6798 9525 4249 4533 8934 9564 4059 3744 14891 9324 14182 14896 11030 1630 6591 3703 9831 2067 6238 14267 13279 9789 10113 2313 13026 10505 10260 10216 4139 9051 10484 5352 6713 7809 10279 12733 12561 217 473 11352 109 1858 7493 4039 9742 7734 11737 2306 656 11712 2125 13755 509 10557 9517 5327 14353 2346 11672 9947 13729 7763 5994 3750 1020 11862 10926 13833 14843 14831 14028 4551 10791 12993 3794 9791 11390 11155 3338 2653 5306 3083 12950 4157 5895 10853 5345 842 11663 12559 8958 3014 
10566 14154 10564 4635 13099 2103 11970 6663 10753 14035 13801 14463 10012 2212 2134 14620 3777 4669 12397 12158 4475 12547 3850 576 7947 12003 4047 13524 8439 11637 13640 4509 8726 10788 14070 6333 3612 9960 2551 5490 12885 5281 11482 3916 9259 8450 13832 8401 5330 10244 3965 213 12311 9601 9729 9640 631 4219 13083 14086 11913 9848 13075 8249 5129 9497 11738 1921 5353 2105 410 8189 1141 13493 5083 13511 1690 4528 5832 2318 4918 8873 14551 12566 9746 3830 11002 14816 9473 5039 8562 9161 10448 10487 7704 3999 5113 8835 5364 14919 12809 2474 6353 11505 7773 11483 2539 14153 7956 10661 9491 1095 8601 7931 12433 13207 8261 13809 12728 14189 1864 10393 312 7471 3485 14444 5928 10747 6115 10737 187 844 3259 8221 6961 2372 232 6327 3630 4702 11147 4689 7247 7064 9151 11586 4600 3532 13214 10918 6908 3190 3981 3688 1553 7480 9048 10718 7218 11608 227 5755 13185 14137 3152 12980 12502 5380 14403 9262 2778 655 1045 5192 2090 8621 7291 4763 1002 12364 6969 6202 5682 13807 12429 2731 14519 14158 10167 7164 13950 8837 14297 10401 6124 491 7806 11723 3131 4301 6965 7655 7295 625 13310 1683 8240 5461 8698 14276 8932 11545 3810 8841 11116 6419 5462 
13452 2571 12009 1281 8340 8613 9628 1011 11266 2179 11032 3505 3232 12240 12669 8419 2564 2798 8062 5644 13210 6381 10208 6581 7941 3344 12430 9116 8532 4592 10203 3150 9618 6582 11769 219 9111 1044 69 5211 1146 1614 11598 11209 601 2317 11326 13003 9191 2132 2659 1684 6461 9718 5272 2124 4960 4843 2241 13111 13844 1372 6804 14801 1013 9877 1931 4289 8977 5090 6377 1226 8785 7001 12869 9641 1999 5105 7102 5122 12016 11665 2309 3046 4623 8757 1768 14295 8480 3094 6651 11474 5308 14239 7735 762 5546 3752 14014 11791 13507 6244 1582 3007 6038 13997 1251 10847 14377 2671 1462 12790 4816 3641 14717 2265 2377 4644 588 12088 4878 7000 10606 1865 4527 4065 3708 3717 10984 6116 7658 1404 6727 11051 14288 438 13308 11761 6769 7156 9099 3797 8700 532 14272 6903 1716 9714 1758 9397 11224 3301 987 5001 9106 14150 9223 3558 3971 10567 7525 11115 13711 10210 2323 3203 11290 1621 1494 2 3129 6343 11269 12330 10085 9907 7997 4838 2484 392 14514 11624 13895 9995 5487 3823 7685 12793 5666 13634 1349 9956 7043 1644 1376 6944 1757 10493 1098 11840 4707 6614 12585 8915 1912 14765 13457 13773 6953 300 11918 626 11121 11216 2303 
1245 13567 14349 5691 10681 3660 11461 12118 3154 13647 10836 5137 8335 13411 5572 3031 12508 2295 5176 11065 6971 8296 8881 570 5805 8019 7512 4041 12582 8297 7785 10623 11262 10599 7049 6114 13206 12393 6450 10404 11638 6723 4774 13120 13442 6451 1227 6812 8986 5681 1430 5077 4277 5985 7417 5350 8130 6687 3725 9991 2672 1060 10618 12578 11408 9721 8200 9653 6728 8746 13741 545 2612 13114 5612 11171 8896 11635 4489 4662 3436 503 3518 9239 918 3258 10235 13771 9680 1127 3089 11747 6283 3488 2946 6560 13008 5117 1152 14607 13547 4450 14233 13121 10544 5162 6790 2384 7103 12200 11536 7647 1680 13381 3237 1033 13391 12606 11363 2879 4185 7965 12427 9202 14374 5511 1638 7993 14423 9889 741 7610 11519 505 1741 6823 7936 5153 7961 8566 4783 14296 13377 10179 12563 14305 6935 14728 10906 13213 7351 10578 3035 493 13194 13565 2333 13096 4251 14176 13116 9046 2482 2694 6233 5628 13453 8154 14045 8443 4263 9422 4374 9158 14665 13400 4629 5466 5969 11740 13985 7294 13583 3806 8898 5795 14180 13010 6306 6380 479 7242 6540 6632 1410 3884 14899 10609 4547 1782 8802 4184 8425 864 7359 4682 13076 669 5189 9800 1054 8582 2537 
6822 12945 11229 5964 10017 1594 8029 5455 11188 12243 6900 13605 7443 775 7126 4046 10246 73 7517 13600 4948 9740 6347 8336 8253 414 12159 13089 7629 6036 4890 3729 13158 5718 11301 4617 7347 13899 12573 8245 1458 13159 1303 11286 12925 6490 757 484 8908 12077 1216 5632 14651 11523 11473 1762 3762 4074 8782 14203 6169 5615 9133 11395 12763 5868 10550 4388 5402 10628 9419 5041 1715 14894 701 7913 10501 14178 10462 5824 5512 13589 5984 7340 3371 5690 8402 7193 1304 13654 13853 9208 12891 1139 6456 12575 5005 11089 13125 9221 11912 13174 13281 95 9810 12827 3475 10270 14210 8624 287 11166 5240 2404 11636 9174 1182 9703 11946 9147 4529 9964 2820 4321 6106 6678 6993 7234 7098 12673 10750 12597 9798 3795 549 6272 14344 3593 11193 13536 11537 7917 7390 11666 8706 6301 1390 6901 10138 10552 3347 12953 1618 7805 8836 7068 7357 10171 1526 2869 10425 14396 10588 8156 11068 6382 10406 14540 13438 11683 14071 4761 4143 7513 955 7032 1210 9634 4265 1250 8447 1289 5444 430 1844 3672 4145 7373 14909 8903 2615 7148 8742 362 12842 50 5271 7528 11142 10809 9556 9371 9166 9946 10922 4608 10089 11009 6575 7788 5778 14202 6111 11351 11039 11298 9114 13495 
8460 10254 11539 14817 8536 13996 2056 14263 3739 14658 12319 11424 10837 3231 2251 2880 2646 3733 8531 10408 5 3422 3304 11885 14727 9936 4280 375 5100 5606 3305 10052 3534 5022 2364 8838 6021 13284 3072 9258 2668 639 13002 10429 10819 7543 5008 7943 4813 14495 525 2522 9269 11796 9495 5751 1578 10888 3517 2737 1255 6601 14632 5080 14554 2982 8520 839 5002 6611 11369 9632 5207 1130 10891 1502 3119 5906 11713 10969 11643 11448 13628 3935 12683 13412 6049 4208 2578 3492 10551 277 12228 10079 13849 7453 14387 12571 836 13225 12484 6209 11214 10577 1223 11630 7367 450 1285 8944 6605 14578 10968 14946 10084 10042 2583 9826 349 934 8199 139 9945 13903 14639 11176 11680 1948 10301 2889 3831 11205 1702 7649 11049 2515 2744 13937 14545 6850 7909 5901 1660 2281 5121 12746 7822 10165 356 8711 12512 8368 4692 980 14433 7853 10822 6059 661 2728 5024 10182 7081 6613 3008 6720 5082 9993 10913 13070 3948 3444 9424 11386 11381 51 3767 7889 10806 13223 1796 10649 664 3443 1332 4062 9712 5093 5266 9088 13170 7616 14549 12491 14379 2016 4200 5150 6007 14120 9644 7061 4331 7182 6602 13768 13344 6398 5344 12023 8348 9890 14067 14847 12998 11117 13365 14280 
12867 2220 6315 6744 3933 6939 7209 11460 4869 12943 14073 8964 14892 11533 4474 6346 9349 10441 5956 9935 14853 341 10325 12861 4632 3694 12820 13719 13908 13953 9428 1350 11144 888 12309 11 10170 600 9819 678 5943 5217 7815 14797 4539 3370 12613 10273 3185 7670 2707 7241 4706 9308 5720 1929 6024 3255 14066 7058 10080 10431 11445 1996 11164 8239 7253 12695 2516 14479 2555 13865 9242 3988 2477 10589 1102 1736 1814 6833 13151 4970 13348 6292 13841 6105 2782 8225 13944 10200 6612 7457 2084 7310 14876 6214 12263 1868 4606 9767 11401 723 6807 13178 3323 14411 6136 7154 11547 4762 1170 1135 8069 433 2283 1123 12115 11579 4602 13857 9704 11644 2271 4800 7408 12166 3320 2577 3437 13672 6906 9509 4712 9787 560 7335 2310 13828 10530 10951 928 2560 8466 3944 3074 2111 13893 5187 1468 7052 14608 7324 6566 11354 5463 4685 3563 6396 7910 10305 1636 4410 1962 6050 12004 7246 6596 48 1058 11829 672 10835 5348 3976 11722 8885 13263 10146 11263 14714 4022 3395 36 9344 2307 859 7667 6228 10229 5097 14860 2970 11467 6423 1298 13066 6341 12035 6770 9717 9596 11762 37 10284 6992 3677 14046 11337 3511 3789 158 11555 6150 417 9917 4019 1271 6792 2975 396 
13569 270 14268 7950 6820 1360 231 153 8889 13374 5961 6078 11382 10992 2178 13951 2680 11812 12040 10559 3148 4006 12982 8454 4825 11652 2641 8765 3105 264 420 12627 7128 11340 1692 10248 1575 4305 13743 5055 8922 63 13680 4461 9429 13822 1849 2512 12857 9776 4901 9025 7748 13540 416 8567 13072 6570 2787 5283 5740 2553 12303 8091 6180 7428 5771 9682 3169 4115 4562 11330 683 2428 13571 9559 8579 5324 1414 751 2867 9359 7925 6835 14131 14863 3233 7657 13883 8276 8627 10707 7852 13580 9095 6556 13203 12033 719 333 3527 3796 12852 2045 13502 6361 6587 5936 13710 12047 8679 10144 14009 5672 12398 7730 1092 13243 14912 13994 195 4951 13703 11939 12629 13068 3028 1363 9753 14345 11410 3602 6493 7341 1753 9665 2157 2060 2618 833 3298 382 8449 10730 246 2462 7892 5056 11937 10825 6291 12414 4382 9870 4215 376 13942 11402 14703 13781 13204 9631 9358 3788 8995 14240 2001 2947 1747 6288 12650 7663 5570 14400 3034 9268 6376 3659 5277 226 10271 8589 13038 10396 10789 12755 5362 2289 13478 6359 9283 2576 9478 8231 9752 11194 14636 2463 314 8508 6436 13651 6251 12308 13266 11996 11589 4859 3572 1103 14358 7749 6281 3667 12715 518 11294 2987 5175 4954 4886 14436 1601 14314 10736 13127 2195 
465 6237 3390 5106 5142 4872 1672 3427 4714 12046 14386 5883 14619 6814 11929 3309 13293 12119 6547 4631 8374 9115 6897 13678 2052 11378 3734 14499 7356 11574 13017 1155 10515 13431 10950 3774 6732 4197 3885 9843 9585 10398 14562 2044 11793 14757 3994 679 14017 6646 1781 1732 8489 13715 12253 10010 1149 7272 436 1219 7768 12654 12175 10043 13514 11993 11348 1403 2272 11837 8267 11359 12498 9593 13550 2378 12529 4172 9302 5714 6551 584 11231 1958 10746 8428 13529 7882 137 2123 14473 4532 1712 2492 10733 13186 7384 2102 5715 4610 754 14053 563 6938 6127 1829 6371 1074 14933 11721 13155 10807 2684 7180 7296 6834 616 14852 11575 4889 5070 11787 6449 2606 3675 909 8287 6064 1335 12540 8039 8277 14249 12499 14084 13708 14695 4449 9319 5972 14923 11322 1755 9480 3937 4917 11893 13898 14871 12277 6973 5660 1446 4997 10338 12109 578 7140 6623 2791 8170 7510 7062 9733 9475 3549 1140 10510 14383 8553 10333 5346 11127 2806 5075 10193 890 10021 3571 8875 3125 12677 11732 6618 6008 12608 4291 14553 8291 630 8681 752 7905 4798 12257 11399 5054 9071 6983 7572 1640 183 5171 5483 10141 10692 1522 7216 2147 11506 4469 13301 3629 13556 14363 3989 8504 4409 7671 1878 4274 2094 
7953 9552 14503 12594 618 2844 9240 14698 9627 4950 12942 774 14970 10134 8223 6469 11651 8145 10485 7483 5610 769 6898 2525 1042 14225 13095 9467 2837 13758 7083 1980 5334 10481 8064 3891 10794 9921 1263 12666 3573 6060 14914 5982 9024 4696 12028 6061 6178 133 14095 9230 6149 9913 13735 14612 2776 4297 5408 865 3918 1606 4414 6367 7350 11484 12929 3860 5987 8559 11718 4300 7342 10490 174 4679 1492 12646 3491 6182 12440 2243 7859 7769 8561 7150 7523 6955 14087 8081 12172 9941 13273 2149 1525 8849 8315 3167 9091 2812 5897 7562 14525 6140 3063 13034 13235 9416 6179 12875 3687 3584 9530 4259 9486 14143 2510 7783 4497 2226 5596 5502 12609 10895 7825 6895 1443 9179 8126 4380 6733 11595 3574 8638 2343 13659 7564 2037 6516 4919 3112 919 1357 14247 3756 7500 3090 10786 259 12739 13051 12736 4504 9879 7887 5268 5460 546 1067 2065 5836 4049 6711 7454 3015 9743 12570 14530 451 5190 11854 200 997 12528 13815 170 3012 7585 4256 12271 10024 830 11731 5071 13847 7394 5292 9149 12764 4686 12642 6345 5227 3287 6866 10163 10297 4223 13712 4447 14041 5501 11906 9266 14921 10688 5058 13535 12569 2029 12725 5249 13517 1873 8157 2312 1392 3069 8035 10658 10050 1739 
14271 7680 12048 8382 8614 6081 13489 14466 5884 11227 7516 2607 9544 8146 1398 6034 3382 9271 12825 458 1355 11534 13288 12704 2213 11846 10793 459 13752 12081 8414 108 6465 1473 6933 10359 14766 444 1848 13587 2871 13791 8751 14172 6528 7738 9883 13471 6383 10195 11794 14758 603 4394 6071 10985 7319 9690 7709 4355 6843 11250 9367 5428 5790 6091 8169 1879 135 11203 10342 11798 7108 517 4466 4612 11213 9175 2311 7703 9770 4534 10607 2807 12774 11990 10738 14209 2006 13476 12761 12614 442 13901 9520 113 74 13858 242 12164 130 4615 2266 10772 9537 11852 5403 8705 6314 1534 33 13745 5452 3882 512 11877 8651 4013 1975 9197 5752 9867 5914 3196 9560 2401 6535 1647 11029 3805 975 13740 10230 7970 2159 9925 4995 739 3834 7722 9998 4744 8784 3095 10569 14140 11826 4361 7876 5068 9304 10978 14004 58 7240 4341 1480 702 12372 3508 3822 13336 583 1056 11542 10695 7519 6925 9 14428 5625 12661 11040 5738 13135 44 13428 7432 4809 6405 11670 3724 5921 2304 12466 11311 7277 6745 11254 5081 2654 14743 11048 3182 12000 7494 2853 245 8997 3979 7125 4586 7646 13166 7880 8396 3044 11428 2264 5540 5370 14285 1137 9756 8703 11238 1587 9851 10497 6553 2848 4235 12659 14163 6848 9254 1059 3030 
4911 14934 13839 12711 7836 13762 13444 4209 7329 13020 6620 14497 4402 5221 11071 9472 11455 6112 3967 6736 4279 1200 10013 3188 5139 14771 8653 3071 13128 11535 2408 5216 7395 13055 9150 5991 849 10593 249 13635 3579 3690 14523 14251 7504 10584 6255 3487 1420 9376 4423 10634 13598 3146 6598 65 9963 7982 6960 3840 10899 1344 3216 12643 2943 4973 7155 11476 9029 12071 10782 389 10316 5948 9955 8598 1832 13007 12451 3218 13337 6365 3995 676 2396 935 13607 4771 7392 14855 6863 11249 13078 4879 7843 9758 12341 10239 9030 3011 11526 12657 2726 10097 6725 3952 10023 5889 7080 11627 3141 11669 2180 7039 13253 321 13999 8773 11566 2769 11714 9664 1663 1379 4556 5765 5989 12207 10087 3992 3847 12655 10250 14474 9021 3496 12043 5658 9126 13555 11485 5257 13731 14589 4660 4109 5811 9333 11090 14013 4936 4407 2733 11797 13653 1474 12538 3274 10516 4100 8541 6584 5791 7759 13330 12595 5141 8137 6577 12801 2856 461 90 471 10294 6778 2833 5745 9157 8612 1195 11703 5638 2874 22 10128 4262 4980 10436 4512 12096 12425 7334 13595 9383 12403 13183 13700 13014 4959 1444 3628 10190 3004 6787 2445 8412 12252 3161 11099 2575 8581 8607 12209 8620 13578 13778 5934 12386 8603 1337 12291 5756 8490 
1203 894 3078 1359 10176 5299 3738 7945 1399 4246 9159 8257 10798 7248 12586 6274 10486 11962 1471 1277 1979 12587 13173 6425 4552 7829 2174 258 6927 3033 7980 5178 804 12894 11988 4281 5646 12066 9219 11442 6918 13705 8868 406 13978 5710 14368 4189 14056 7036 6336 12545 13629 7144 2990 4609 2425 2826 10470 8988 12448 10849 12256 3606 10802 1190 3314 5194 9575 10022 3920 10121 8618 11096 7973 5470 13064 5429 10384 7964 9676 832 13373 14083 6569 8545 4931 905 5945 9178 9524 10621 14724 472 8389 5637 4364 10643 4805 979 8424 8032 13541 1971 9459 932 7141 9496 13351 8112 13346 7775 13258 4673 10379 14754 12051 7112 1769 7208 149 7059 14155 1228 2053 14556 14335 9313 13636 11920 13971 3786 9080 2176 9285 13191 13102 11992 13048 7871 8826 7900 8299 14706 7530 13201 2808 2267 2294 2099 8215 12863 610 13313 10221 12210 12141 10328 8505 6187 2722 5667 10184 11023 3359 6917 9023 11870 3373 12441 4582 7786 12127 12550 7975 8858 9163 12954 9245 1562 5890 9410 10726 2381 11468 8192 7265 9227 12052 2342 12975 708 12156 9036 11321 14804 7901 6797 7607 140 34 14375 2390 12794 7421 1220 2030 4 12702 7060 13184 2741 14432 41 7733 7022 10596 14336 
14505 8538 12865 3819 4323 9123 14152 8304 11187 2959 8107 14425 1438 13717 8608 4786 691 10603 13645 8655 9154 5215 14614 13250 13133 5410 12236 9155 925 2876 9852 8337 7791 7863 7932 14181 3501 1122 12315 13368 3618 5319 7776 6411 8556 13900 523 289 1108 8089 2083 1976 14456 728 962 767 3088 681 13813 2191 7077 9183 14877 4737 11016 787 6338 4211 9760 12674 3374 13387 14021 13688 3325 11522 4417 10394 8891 9097 13777 11749 10109 992 14330 11565 49 3779 14317 1928 13724 12493 8420 4966 14633 3523 13039 7228 14326 4381 10222 9377 10495 12883 11752 6599 2695 14590 10678 1816 11774 13268 12758 9551 14036 12941 1361 6279 5881 13451 2765 1175 11332 3425 14569 707 10340 6795 126 3256 11271 1920 12901 1111 1214 3808 1670 5531 5674 10734 6438 4914 3529 14890 1246 10296 3758 8115 8895 11118 6109 14316 12278 13065 14508 6355 6332 3854 9514 14657 7458 4455 11179 1496 10496 9443 7491 4419 5304 10377 1163 14462 6057 1017 1624 5118 3385 4114 1090 633 11569 9814 5931 83 10804 4770 8663 4789 12444 8503 378 9488 686 11199 7255 1366 13378 12113 9305 11801 1076 3755 8369 13856 10102 3082 3560 4430 4925 7841 14925 323 9869 3326 3654 920 14002 11819 10380 40 2601 14007 10648 1990 9722 13846 11282 11702 
10683 13530 9708 1710 9861 2610 8577 10330 8187 10636 8770 4753 4401 12001 7989 7249 3187 12474 14653 14498 4319 11422 13991 2330 12120 6152 7088 9228 7200 9234 12588 14415 10403 7824 648 771 6607 3300 6777 2013 12106 1380 9766 1966 132 2434 14680 7582 1342 13091 3448 11648 6685 6032 7924 10868 8665 3575 1188 12342 6609 1840 11941 9250 592 330 3637 9562 7849 3452 13582 2116 4544 5548 12479 1531 6143 14975 2906 1024 7292 11125 878 10579 3869 5870 1642 8671 11206 4445 8783 8003 7796 3506 620 3818 9139 9590 1659 5828 4935 8055 8108 5559 8042 4454 6101 9602 9992 13420 11357 5871 13463 11981 8992 4485 393 3251 8527 12611 7922 6583 8098 7110 7619 13531 4036 12180 7 14352 13584 4165 239 12814 8897 13760 10952 5550 9079 5251 12795 3903 12073 13458 1777 8046 9421 12005 3493 5245 12288 6954 12572 7637 12361 11319 10861 9294 6337 3376 9803 5365 895 8550 10152 1448 13408 1072 1465 2398 2338 6739 1530 3386 4790 7415 11173 3412 14215 5892 5224 7845 8690 14558 6809 5861 4356 6302 6641 1310 13911 869 5110 7866 296 1093 6407 2133 4067 10674 9543 12716 14141 3980 9288 10319 9089 5042 981 8543 13379 4174 13300 7021 12754 10887 3186 13131 8334 8474 5003 2502 12442 
5145 1596 3429 13023 9978 4479 10447 12591 457 3972 12399 10954 11070 6702 12204 5259 14308 6273 4170 151 11845 11573 10168 8609 2407 2799 4670 10364 1785 14493 6303 5567 1550 14343 2832 1629 8565 10545 7713 6849 14772 13392 12426 14952 8946 12145 6217 7153 9298 4072 6100 338 260 533 11063 11677 104 14565 12136 3879 7183 14370 670 9339 3322 9328 1687 9263 10919 1325 3411 9965 127 12344 12061 6484 10150 2740 8286 1222 7157 10178 11150 11075 12757 10426 9654 6868 3722 6677 11167 8779 8753 125 10877 2648 11908 4311 7696 6920 13749 1018 13000 12419 10885 2968 11284 4949 14282 10859 3375 9130 5468 2322 10817 2804 14348 13165 8017 9658 3405 12349 8917 2661 1774 9165 100 6103 10357 8085 1855 5947 10227 3870 12017 4390 7162 7792 6522 2632 6667 7252 3685 11074 984 11251 716 11900 6427 4093 5394 11120 14033 14956 12290 4368 234 10574 14254 3510 13001 13343 13779 4458 13425 14361 12356 6752 87 8293 10542 12511 12244 10808 6912 8165 14669 1981 4777 6532 156 8878 629 14803 14062 480 2332 4283 8061 11235 12741 8763 1961 6402 2051 12325 4720 13388 5120 9829 3745 959 3521 5604 14275 401 9323 10362 6943 10103 14744 3043 13037 10571 8699 4664 13383 846 3434 12018 6514 12525 12413 14106 13418 3126 7723 14480 10415 
8343 10020 11538 3234 1983 504 14580 4365 9276 2298 13834 4518 14074 6079 5376 5377 13878 9193 6658 9505 10057 9388 8413 13327 4168 3890 9540 2369 6231 2916 381 1901 11529 5958 9765 11028 14460 10989 4431 1116 11412 12690 13641 9609 2823 14328 4929 1536 3564 2590 2561 13169 12340 7007 5759 13551 7612 7904 8325 4659 1229 10303 5166 10236 14682 4687 10706 8512 12685 6325 11827 6403 4835 3842 9047 12128 1892 11855 7225 10846 5381 1258 6689 1169 1685 11552 8432 1854 5438 2857 4385 567 589 4303 11830 4194 7375 1439 13256 8047 10824 2743 247 1759 9368 2336 1490 11873 12969 12359 13030 7094 2423 10534 6248 2666 994 14227 4728 2371 8346 3827 13877 3570 8427 2505 6265 2866 13097 2794 9209 4302 11926 11012 5820 9764 12416 4616 7410 2939 6639 8819 11686 12395 421 577 12985 3763 9792 12056 9067 237 4946 6818 14121 1507 1273 5199 11407 2967 6282 12853 2700 3727 12112 3697 14676 2696 5736 9447 4078 7220 4926 3324 53 4861 5664 12951 9450 6940 6421 10191 627 7149 12455 1501 13145 647 4029 181 206 12452 9405 729 9878 3589 6290 1328 9167 10268 10731 2012 12603 7460 5851 2497 2039 1115 13963 8971 179 2952 8118 5037 6189 11087 10865 222 14496 14730 3555 12798 3945 11975 8153 9054 6887 9366 1171 
13101 6354 463 9396 4287 9745 4791 2140 75 6549 8769 12552 8418 8733 9043 14307 10720 5611 4240 3265 4747 7127 4357 9037 536 10832 6698 10437 14259 1272 1512 693 3144 4671 3735 14187 4437 926 1225 13329 5670 9727 9999 14445 3798 4852 3213 11560 12272 13247 2863 6763 3292 4043 2600 11991 8676 358 3996 8743 9768 2581 163 3790 7976 7506 3803 6572 8083 3481 11954 12373 7381 13972 13894 13259 2339 10031 2077 6590 2534 13147 1609 9849 7353 6785 5456 2504 4645 3857 1798 11405 3596 3761 6218 4701 5885 1776 2894 7328 3332 3245 10616 12025 5386 3358 3908 12267 10980 14451 14529 7133 11370 510 5458 7505 11838 13742 11335 14061 12845 13090 5793 14205 10996 1201 8839 14572 13409 7424 10455 13987 13884 8416 7364 8048 1184 14491 5279 4132 5179 14656 6811 13838 12870 13019 10639 11168 351 6603 5864 3346 2177 487 5781 6706 10062 14611 373 3198 5368 2677 3327 11232 8755 10172 10522 1764 10204 110 2131 11397 2957 7117 5894 10432 5965 5655 13113 13282 9808 9131 4699 5375 8373 204 7372 7006 1078 7177 2207 5149 13690 10575 8075 8201 11567 14687 14808 11818 8386 1505 3160 9683 14397 6056 11940 12989 8976 7026 10142 8469 5588 13925 1181 11255 7515 14510 807 8720 3728 10653 6047 12815 12988 7811 4253 2580 
4638 6624 4909 1089 7017 7639 7638 346 5533 10291 13562 5220 2373 6468 814 2914 13294 1510 11611 263 14887 9076 3538 12664 13366 7439 2559 14654 848 9506 1356 14577 14913 14421 3096 1083 4773 14103 7278 5874 2487 13470 3720 13744 11106 12339 6617 2161 94 3107 5866 13520 689 3341 2230 10420 9074 12771 9651 11367 5038 4063 4726 12537 252 11746 7615 5927 12383 3821 2690 5012 486 3829 13670 1754 9788 12919 7625 566 7069 10044 10955 11593 10916 11799 9512 311 559 11916 8675 6023 7115 2192 489 14447 6331 11678 13667 359 7445 715 12995 13931 5516 10278 12150 11318 2907 7492 12653 1954 9052 4814 12449 10070 581 13810 12622 5426 4377 9672 824 4772 2579 12171 7151 4641 13526 5758 12355 10686 8979 11831 1792 3134 8394 14678 4678 2362 5014 5524 14116 6552 11622 12329 14188 13477 12850 3775 3279 10617 8904 3502 14293 12294 9970 2274 10691 7298 6126 4243 13921 11391 3435 1738 5287 1546 7461 5407 4978 3220 7753 13447 8853 6717 10289 1075 6160 13564 5482 9135 9847 11692 4020 3132 8872 7944 14049 8309 9132 6865 5760 4564 10960 9761 4175 12091 7979 5696 11273 3377 4604 1727 1800 14003 12932 6554 6090 8430 12920 14392 5076 1778 8798 530 3438 7238 2913 10358 6012 10206 6852 552 12542 2000 9400 11411 
13566 4794 7951 424 9550 4480 10878 7210 658 8850 735 4596 10059 10797 2493 8301 5766 2412 8848 7288 10948 2173 10129 10870 1194 9735 12469 7518 5295 4983 9077 10671 10014 654 10008 6192 10911 8673 10077 843 8175 7284 13674 562 1341 5748 7698 445 6684 10389 4462 8255 7514 4784 6256 14534 9854 10041 10127 14281 10938 10314 2475 2152 4375 12916 10264 8208 5595 8668 13746 12617 12724 12032 4066 12635 8951 11564 10100 8211 12022 12539 9710 371 14830 5425 13940 4896 2984 10036 8732 10768 3531 14270 6821 7934 8320 13979 8948 8406 3055 4420 1889 7406 13303 5980 7531 5222 5321 6443 5027 6175 5243 628 6889 12098 10684 529 9326 9948 6409 11540 8906 11891 6466 6262 6304 11228 5504 5248 10942 14547 2011 10998 8485 12834 12533 13616 7636 5621 1455 783 343 12132 13759 12483 9730 8105 5336 8911 9001 14552 14413 6688 5053 6284 3636 551 10143 9301 11001 2028 1240 10188 3067 10812 12122 4387 9430 10581 2989 7096 5112 10666 8611 5616 4159 643 4354 14686 11602 7276 13087 4282 10500 13291 12446 8163 2538 11693 5622 4781 3053 13677 5578 11546 6263 1236 14691 5366 7684 7047 12195 8387 10029 3355 6670 881 9231 2273 2459 5315 9093 9566 4058 7416 3472 9929 12174 10463 8040 14354 5735 13989 12369 665 6368 3941 12521 
1284 9864 12516 8772 10995 13722 1908 2335 5613 4674 12631 8380 970 8925 7717 7360 13332 3655 1233 2647 11338 14107 4084 7711 6035 7751 2023 9272 2247 9975 2331 11568 7902 5016 882 8103 3915 4392 327 13119 6489 11910 12612 2082 11989 11403 7192 5397 2394 7464 12155 8013 7779 8167 8509 8236 8587 14768 6726 6793 13696 12849 1812 5829 7857 2592 3528 7300 2282 8678 12362 11252 5168 3335 7469 5888 9437 1658 7430 7119 10267 8311 11777 10852 14248 4177 2669 8086 5126 14287 14594 12991 10937 13784 13823 9563 9044 12289 5339 12671 550 914 10382 372 8168 10721 13819 8576 5659 4715 7726 8186 5269 4290 13714 6782 13148 2219 11134 10065 3061 9904 6934 14006 11739 812 8229 7770 5173 9124 7539 4507 8555 1836 8397 817 14110 10093 5031 13909 4634 8190 10474 13304 11815 10374 3781 9207 7844 10672 14712 7675 13414 12229 3240 778 13129 5318 526 8580 6447 1221 1613 7536 7142 7057 10288 8644 11140 6628 477 2489 5959 5653 1023 6128 9812 5648 7169 2566 5029 3958 8724 5423 7745 8174 6987 2146 2034 7538 7529 8630 10541 5198 5019 2892 2814 13622 11316 12468 14821 13361 2108 10775 10458 7918 11789 3533 9621 3668 10882 7281 5405 3551 4530 1952 10869 9773 10258 635 6831 10843 764 