72
3702 7795 7212 3817 5455 9318 4948 691 224 8960 2018 9585 7824 8649 7309 9142 6334 2434 6734 6024 3918 9230 9757 9409 6952 5587 8540 8891 1612 1460 7370 9515 7877 7136 2465 9529 2119 5854 4996 9169 6634 5027 9806 2950 2192 3323 737 7098 705 7041 9430 1730 8032 5160 3469 6077 1786 8931 7135 48 5001 685 8338 7720 1123 5795 6246 6904 6891 2420 4395 
387 7794 2376 699 5961 7555 1 9857 5801 535 5294 1668 9468 35 4353 4929 8205 4589 6022 9308 8645 8938 15 2163 330 2904 7040 634 6874 5392 9671 8714 9214 5438 8501 2158 9941 7106 4676 3319 8627 1217 8363 2453 2903 3467 714 7470 152 5803 5247 4549 590 5738 6233 2622 3444 5577 2957 9001 4928 5733 2267 2995 5279 2430 5979 3745 8022 3672 1059 9422 9947 
7017 8187 9942 7287 2607 5922 9701 541 147 1472 8102 4617 2135 3759 1731 6256 4930 679 3302 4316 8392 5779 9484 2386 1489 4336 5849 3899 1559 5548 5938 8483 7462 6911 559 2123 6950 8792 4723 9533 6872 6339 8771 3412 5832 2182 5804 2167 8043 3549 370 957 9574 2352 4282 916 6460 5443 5343 9174 1170 8182 7715 2216 9722 5929 3872 2264 9254 3433 
3507 894 3660 7641 6931 2919 5299 1276 4515 7518 5211 3768 6693 249 6606 9297 1420 3458 1391 7163 5322 553 7077 7222 3723 6200 9107 5431 7186 3743 545 5771 4415 9139 1573 659 2860 6482 5516 4541 7874 8359 4243 1222 2180 9413 7949 4463 9793 3581 1638 9787 1738 2053 6238 5745 8332 5084 7471 5131 8962 5557 3698 5374 6993 9171 8001 8373 8449 7004 4574 5210 
2766 6819 972 8887 3816 6042 9895 8764 7985 6927 1510 536 4943 4866 8010 6099 717 9532 5944 8918 826 9347 6559 4778 2113 907 4963 6923 506 9281 2857 9863 2821 7916 9458 1091 4286 4294 1690 8081 2552 6392 6786 801 2159 2765 9647 2398 4655 7371 7878 1838 3157 2813 802 3418 9906 2986 617 4644 2284 7909 9948 2772 7598 7628 4136 7060 2497 9790 
9786 4552 9862 5688 8881 6118 496 5684 1705 8181 7205 3072 3969 6231 7777 3643 8401 8489 4901 954 1079 4815 8208 9885 595 9419 9253 2399 4154 9086 467 4328 2981 2162 5273 6963 1681 1993 1880 3835 9473 9334 5048 3513 2728 8120 4520 1833 3600 3847 4419 6215 2383 3619 8071 3636 627 3749 8817 9307 8862 4068 8339 4023 9878 435 742 3902 6592 
4638 4248 423 8772 9823 6 1359 9155 1785 263 5217 458 9501 2043 4383 1068 4082 1888 6656 9640 7144 7066 1102 1247 1580 4729 3211 7735 949 3007 7726 1486 9134 1495 7891 3492 2864 2816 1205 1932 3601 3787 7383 433 4945 2306 2349 7814 1650 9638 7644 4251 2664 4956 7591 3474 994 2137 7146 9851 7100 4317 7827 2207 5622 
3078 5649 2532 7054 9822 1983 4909 2720 1432 2446 1044 1901 2058 1512 3954 2278 1302 8089 5213 4277 7350 5946 5088 6445 4757 3403 4484 4583 6824 8398 4225 1190 7392 4623 1963 1846 2929 7193 5161 2500 6119 5902 9615 7156 4013 3006 4249 5347 8539 3870 7162 5091 363 8973 2939 9124 3463 3432 2739 4173 3997 7507 9954 4296 1452 8045 3069 5959 9093 5900 5978 
9084 2220 2568 2485 3388 1477 6424 4201 4202 2955 7317 5724 1316 8244 4657 3916 6344 8871 9963 1684 1422 8863 8239 7108 8200 6161 1999 2690 3158 8320 7977 1724 6205 372 5924 2348 8498 9373 3011 1283 2114 3547 7744 6772 3836 4270 9753 4660 7481 422 9470 7922 5146 3942 76 2599 2510 544 8734 2111 2187 5890 2419 9933 2406 4686 7632 
7365 1752 738 3271 7756 3890 9974 1277 2134 3876 7269 5007 4461 9336 8947 562 4238 720 6609 455 5498 7662 4115 3559 389 1843 719 1229 4718 7001 5395 247 8597 3488 2890 7856 7275 9455 4342 7574 3956 3554 1106 8268 872 1865 7956 427 4639 7523 8839 5492 1721 7120 3898 4421 3259 6825 298 6655 207 5263 3209 196 2090 8447 9288 2186 
150 5532 7950 5962 2256 1628 7863 6459 3534 8058 7752 873 6762 9804 8128 2005 5086 6071 4804 5408 2514 1775 4934 4796 9456 1453 9799 6239 6551 6512 3882 4991 5906 4169 6807 9026 4528 1958 2309 3293 2734 2457 8385 8822 1716 7839 9013 4936 1006 5599 6240 1560 2817 8729 5736 1404 4444 5694 4410 2384 844 8455 2801 8474 41 2484 1912 4647 5856 
114 8967 4089 4284 6736 6580 6624 2056 3461 7356 186 6849 9930 4041 8556 8557 2433 5437 3419 572 6531 5584 7584 6785 9008 4661 1648 7069 77 7097 1892 2825 6877 394 6755 1776 4532 485 1066 1347 9875 4849 2634 4772 7496 9173 8254 8505 9411 2696 8441 9658 3510 6889 7636 7559 3139 4972 276 8238 4875 6798 6789 79 1956 2585 4915 62 9015 
2646 4714 8457 3624 6627 418 3933 5727 9662 7322 5216 5685 3345 7206 9936 1863 8439 991 2317 4784 3068 6539 5291 6453 3907 4386 6364 4183 8267 7331 4445 5966 439 8055 4367 815 7172 4259 1954 277 6704 4459 7613 177 1607 3102 9052 2632 7601 568 325 2989 2700 4273 5850 2549 2076 2895 2310 9296 3017 9477 8004 9528 6048 6376 4990 7195 8906 4789 9508 3480 7958 279 7187 7646 8932 8937 4976 2108 8664 4877 
9630 1203 384 7600 7789 8575 3465 1399 2564 6971 1667 9852 7088 966 2784 4470 5709 8790 3214 1966 5876 8275 4776 865 1099 6208 8754 8132 712 1910 5381 9848 1570 8072 8629 6005 3137 3553 7236 4264 8952 7457 9377 754 9364 8311 9044 9732 2947 4256 1408 8243 5112 4822 1769 97 5713 1780 5387 2847 5109 8611 6454 934 2003 2645 695 3639 2918 2432 8748 1358 7692 4379 6189 4876 5565 3161 6125 5990 8669 4200 3750 
153 6588 9082 5964 4870 5220 1126 2142 9896 3344 4982 7751 6801 2286 8595 3447 94 4189 5983 7075 806 3762 4433 8286 1968 3946 8197 9866 5870 6884 6980 3101 584 2807 2027 8732 5169 4052 6924 9451 6821 7262 5044 1252 52 216 7431 8514 7414 9535 5234 8046 181 883 6210 7851 633 7190 9385 9541 4465 2657 4953 8017 209 3113 5452 5628 9489 3620 2008 6739 2287 2577 1220 3767 2897 5423 4101 708 3065 5288 8841 5228 
6198 4558 3273 4635 3195 4246 1908 3499 8374 9189 5177 1589 9935 999 810 2598 1746 4905 54 7465 2239 5486 689 759 6890 3244 5673 6258 9495 4885 7838 7927 9242 857 2155 6016 1063 4489 1882 3598 6361 4935 2236 788 2531 4346 4350 2127 8632 3982 9368 7332 4611 4265 7151 3385 8534 6979 5114 4075 539 789 638 1959 5056 7254 594 2996 8823 6408 6633 6043 4198 4205 7117 5348 7684 1761 7840 3789 3026 6709 2775 9088 7008 5930 
6939 9396 3777 8847 6502 1159 8179 4206 184 5104 4670 6347 5606 1511 7128 5919 1311 600 6412 6061 6880 2122 5174 25 2132 1411 2495 9328 8717 7498 8834 2311 6367 7301 6104 4037 6803 1308 5659 9914 121 5113 2270 5243 8042 1074 1885 2145 9408 6973 3641 2820 560 4926 1000 3597 9138 9516 7637 7351 9547 8378 2644 3688 3602 4093 103 6082 5453 8929 7003 2221 6212 6458 3303 2068 218 8646 830 8547 7784 8997 
2103 7953 8458 9784 8335 2530 5762 619 6073 887 68 8688 3579 2325 537 4944 6333 4890 5085 4735 8411 2912 1255 2826 7623 1676 9573 2553 1567 2612 2984 8384 6650 4027 3832 3531 3375 4922 9809 8757 1219 8774 1694 1018 8069 8662 4224 1529 7583 8209 2790 8307 3591 5770 5419 6262 3490 4719 393 259 1808 8878 9073 8533 6630 8897 1285 239 6990 5667 9675 6674 6203 8252 4691 5315 3901 1934 6107 4370 4018 
8148 1596 9159 7446 6663 8842 1749 2062 6541 653 4593 1433 8414 3267 7044 9813 1771 8634 4969 1849 9581 7046 3848 8236 6026 3099 8618 1609 8990 6172 5927 1988 4544 5793 3701 4801 4130 6236 6768 442 2392 86 1997 1620 9217 739 6415 1546 1400 7903 6883 1836 7961 8861 6259 7876 7624 1248 5180 7614 337 220 6486 3217 2301 8222 6093 6662 6499 5842 7042 1743 8308 3182 3628 3494 7256 9800 9309 4535 
8301 5691 7170 4636 735 3193 7755 5800 2251 849 8101 3501 5060 4904 2916 7308 3612 5475 7738 3370 4891 4121 4043 7651 681 9924 7506 9068 3860 1996 2282 3080 8785 4378 2534 7353 6041 632 4272 5551 3644 5941 6374 2543 8315 8675 971 4325 9769 3542 2956 4283 7754 8039 4634 3613 646 4858 6847 4377 8173 9881 656 5903 863 7474 6479 1409 7497 2033 2427 2260 8529 3472 7359 119 3326 4608 7265 4356 8061 
5028 5143 4596 7716 9471 1518 6970 964 3616 8175 1194 7707 6309 8648 8805 8214 8907 6021 2717 4609 9503 2815 592 410 2397 5974 1793 7615 7508 8795 9944 5785 6868 9047 3055 2305 8939 8012 9247 1226 2539 3241 9949 6101 7423 2431 3563 5582 9931 6243 6128 1787 2237 58 2703 9889 858 9287 8511 6467 2059 7987 3454 1156 3074 8241 1260 168 9021 2533 5248 4067 1640 6982 3629 84 4707 846 1874 7511 
5376 9193 3468 1245 8379 9700 4324 1666 2174 1321 6113 9156 8166 6576 8829 3174 5046 5866 9025 328 533 2971 6383 642 5428 748 6094 644 7576 2417 3793 1073 992 9370 3289 3406 5754 2829 3826 8250 2219 9958 6027 1889 7509 7406 961 2587 1953 7691 607 5602 9313 5538 5121 5928 6399 2028 8104 3464 6686 2872 3669 2908 8076 51 9324 4446 7179 9202 5998 4897 4192 1410 1232 1899 3121 6710 3728 547 7082 2771 
1635 7366 192 8185 9271 4479 7092 9315 3812 1161 1081 2091 9546 6147 9579 7629 5099 6684 1107 9219 7426 17 96 6715 9222 2670 3127 1071 311 1227 8327 9721 935 2461 1754 8233 2456 4403 4818 6014 6833 7076 7665 4805 3904 7289 4030 7376 7385 5472 2466 2716 2839 624 3424 4607 5474 7734 24 5284 4302 6440 9096 3588 9519 5887 4059 8755 126 6635 6867 2235 9344 1158 7801 5643 3962 8703 9674 5327 6553 
6510 9006 8296 774 7327 501 1867 7093 5722 6504 3188 7986 341 5670 9414 3378 6411 4149 8752 1108 6646 611 7904 3673 6765 2280 7469 2066 3335 7976 5480 1268 5776 7991 563 4610 6495 9724 7700 3020 8523 8428 4376 4034 6283 4221 6951 9797 8722 7669 8728 980 8034 3354 6252 7558 997 4429 9496 1451 2733 287 1214 4304 8963 5190 2588 8436 8404 482 2927 9834 6719 4434 6519 864 128 4179 3277 5042 
2688 1011 2686 6273 5067 9978 3973 6313 3577 5884 7595 2759 9696 185 1623 9780 8322 7941 9063 8415 9882 1896 5904 3994 3799 1274 9035 8996 3372 525 7389 6726 9097 5233 9965 8442 2594 2087 1814 4739 4349 6707 5899 1022 3401 3362 7258 2275 8155 7505 8381 8168 3280 6573 6846 5269 7271 5980 707 4777 5655 4288 5570 7965 7549 9469 5614 3142 2104 266 3368 7647 39 4426 3866 1033 1891 2735 53 2 2761 4985 1319 1602 6184 4039 4348 8143 9463 2579 2441 491 8279 998 4447 3677 8135 6341 6185 938 3845 167 9873 
4716 3546 8340 112 3858 1594 9003 6079 4323 2173 1711 7204 2525 8883 7439 2403 9540 7200 7947 4314 6840 6894 1848 5047 2678 8138 7631 252 1461 1110 1032 1765 2360 1112 2651 1188 2672 6299 4144 9955 7487 8264 6062 3839 6838 1971 3371 7782 3176 3960 1417 581 3740 9629 5819 464 3635 9966 7094 1012 8048 1010 8580 2479 6805 7364 9007 3134 9782 5625 7006 5482 7188 4412 1418 4678 5118 6493 8934 1340 5004 3747 4504 919 6360 1402 1384 5931 8724 2601 3420 8079 2562 6446 2640 6129 9244 1523 300 1700 7568 
3663 5338 6195 3738 2025 6664 4675 2373 543 4045 1710 1043 5373 692 1355 3306 575 7347 1707 1263 3408 5008 1927 8908 9620 4345 3263 8158 5205 1606 4258 4573 2740 868 6083 4874 6806 9731 9359 5225 7196 4193 7409 4814 4957 1651 3272 7960 2504 4637 1659 359 8198 3752 1928 3219 1613 5239 8300 4919 6181 7454 538 5543 7676 5621 4529 7363 6265 7335 8940 2635 4438 2930 2248 3415 9028 9548 9603 5382 5648 1078 9118 8199 7422 7910 6577 5257 4235 2774 6831 9578 7866 8816 3043 8217 2363 6072 9075 7772 8114 5136 
5262 6468 2491 3544 6549 2095 736 3934 4240 6307 6897 6498 2637 4587 5178 6918 912 7542 4476 3213 8220 1341 5476 7621 4033 728 4999 8509 5283 1305 1372 8676 4700 5935 7820 9341 9487 6668 8171 8980 1151 5080 2339 4523 5789 138 4693 5707 7219 5087 1265 6604 6019 4177 4567 4364 7704 3791 9719 2925 1755 2177 546 5809 2962 5469 5747 9642 9402 877 5465 5485 6389 2547 8349 928 7627 629 8797 9274 4555 6527 5153 6778 5664 8856 7424 2560 2189 7578 1080 8993 2718 899 2675 4452 2030 8642 3716 2285 6836 140 7022 
1947 5418 9276 2335 1284 8725 6900 1627 7048 6040 1120 9702 1823 6738 614 882 2604 5880 1584 3681 8751 3837 5681 5018 4979 6617 5194 6403 8704 1734 4737 6648 3704 4066 8735 8657 9887 896 9827 9459 8356 5702 9251 18 7445 5871 2422 489 7531 4424 3089 3389 1100 238 47 4217 940 8562 3558 1725 3258 978 3853 3054 395 3607 3446 6474 7286 772 1017 7564 7536 454 1019 9555 9330 6850 4015 4561 2557 7566 6518 9236 1104 7837 8800 7472 440 6368 6926 5549 3732 8178 8660 8352 6358 4565 5198 1995 
6159 3156 4170 4482 2569 621 6585 7243 1984 6039 3460 2452 1940 2915 7674 5835 1394 3150 3525 171 7932 2199 2707 952 601 6110 4620 2737 299 3283 9913 3021 2261 4843 8345 5860 9760 8600 428 4271 1336 832 1425 8588 9568 2361 5746 2699 7540 2102 7150 2075 2049 6136 5573 4116 3875 1117 655 2489 9135 7995 6435 6245 8266 5141 4407 7725 9246 3393 2900 9876 8009 8351 6132 9892 1813 773 5616 5426 5731 7510 5825 7091 958 1826 493 9738 7334 2792 5526 7845 5588 9968 8781 7217 6068 1951 1094 1839 
3780 3036 151 3778 2922 1440 2178 4911 7672 9544 4947 4162 4007 420 3929 1315 6303 3963 5568 8916 9453 1077 6763 1810 444 2366 85 2358 5096 2600 3614 1266 8977 9185 2623 3595 3821 1960 4924 5041 6799 6907 7111 7154 169 1304 9520 7340 74 893 7739 4654 7626 4450 8437 5768 5910 4155 8612 507 3841 7759 2769 4614 1482 6011 7605 7330 783 7458 8524 577 4471 9553 7285 1702 1794 256 8360 1290 1911 1792 165 9499 8833 3203 5967 6669 7174 6748 9284 1522 821 3884 4145 4239 6046 430 7316 8621 5227 2741 
1557 7602 9474 9627 3699 2296 9076 4285 5728 2486 8653 1978 5293 6892 7512 7284 3462 3690 2979 5607 4188 2980 6841 2512 6372 1547 6219 5350 2475 8247 670 2631 6882 1294 3686 4191 137 7625 7898 2977 194 6253 6595 9536 8593 8159 6066 4598 3163 8038 4108 8086 3038 6998 4454 7804 6569 4467 4190 2469 1728 1751 5575 2426 2092 6834 8719 8814 4900 3892 6483 8095 5609 5460 9360 2625 3051 448 9645 6145 5725 3435 8945 4458 7062 7224 5504 8424 9060 9226 3792 2480 4781 9917 7745 5370 5093 6524 9167 8426 4881 7944 6670 9327 
8343 9747 7329 2763 3075 657 7095 7516 8770 5611 9623 8609 7401 1551 9657 8804 3066 8760 5826 2277 1317 3369 6685 9571 1381 2561 65 7300 767 8559 5751 7417 5272 7857 5675 7781 7253 2233 4310 8033 5654 6760 715 9785 9902 3648 4840 8207 2084 5456 5945 5122 1070 6794 6058 329 2582 7418 4247 5775 4234 7325 9379 4923 9421 4299 8007 661 3015 3003 6981 7697 3831 4867 3766 2079 5653 5196 9301 2886 5463 4061 2315 115 1987 7013 8438 8461 8397 5258 4916 4161 842 6579 5834 3122 3287 8620 6953 3014 162 3923 1727 
7251 2998 2101 1165 1944 7834 6703 6351 346 3110 9428 9349 7634 4319 302 9311 8376 3423 4158 4110 9415 2044 7816 523 4004 3341 9300 174 6676 4219 3450 9846 6416 9770 1141 2038 7175 449 6640 1492 1109 8272 5144 983 3194 320 1027 9654 9884 8203 6335 4372 7687 7367 944 4038 7133 7158 2148 7727 8507 10 4914 4114 7541 9087 6864 5385 2689 6332 3425 7617 9711 8984 2535 2752 6466 9335 8368 3756 7084 9918 2437 7257 6369 3191 204 31 2778 1388 9270 3599 22 495 9322 2892 1991 2263 1210 4430 8451 
7524 660 6507 8577 9588 3972 6117 7639 9505 886 9316 1354 9389 6698 5567 9735 3189 6420 1980 1926 11 5100 1380 1459 6149 6373 9815 3216 603 4971 1929 8512 7885 3294 8707 9838 556 9565 3725 9575 7664 8678 9290 33 9446 9069 1642 5729 4853 4606 4649 5715 5750 8480 5503 3748 4988 7112 989 5869 4951 3363 3532 880 5357 7988 9148 8365 6232 9294 4816 3047 1845 2878 7103 4546 2345 351 1301 6552 5811 6137 4556 6355 8500 9814 3820 6636 9305 1488 1505 8542 4993 3360 8503 4847 8096 2424 1626 1973 
930 9903 6508 4128 3310 5886 2563 1125 3265 6112 4826 6619 9618 5 4475 654 264 366 6138 5865 6216 6178 6879 1196 221 7339 993 7690 7740 5868 280 4347 2701 6767 2924 1034 5626 8756 6377 7274 2712 2570 8246 7652 1499 7964 8537 4311 3726 671 8510 9512 191 2244 2336 7380 7452 7403 9431 7461 7825 3864 2627 8355 8911 5394 8280 4809 2332 9280 9964 4148 7848 3012 1870 1262 2418 2710 4127 5446 1075 161 1189 5531 5346 7078 859 4408 1561 8153 5822 6476 2936 8469 7889 1181 4340 5561 5505 
5340 7290 7056 3894 7249 4792 3582 9240 190 502 9739 1281 6932 7633 4514 5255 4241 2876 8258 3729 2526 7713 6699 5451 5958 5406 6036 4501 1264 250 6217 3653 3692 3868 8314 8548 1586 8860 3751 2124 3957 3829 5207 5389 3275 1879 2935 6338 6728 7466 7859 488 511 524 3428 4255 1646 3800 5183 3254 875 290 347 3986 2907 8545 1581 3155 4385 5222 6300 8502 9225 2822 8617 2713 6064 9165 120 2638 5591 760 6405 8541 9265 3391 8702 1691 7227 4329 6123 6366 1090 2271 666 9126 8826 4293 5341 8787 4653 2274 6642 9808 3671 2518 9720 1936 5309 2827 3978 9410 908 5912 4096 825 1314 1392 4374 8971 5097 3455 6134 2341 8057 40 5214 5081 5409 651 
855 4833 1789 8692 7717 7867 2179 7132 106 4480 1323 6775 5956 107 3695 8765 9180 9467 888 5991 2871 531 9726 1116 2785 8674 7582 9883 8791 7748 2834 5564 7116 8470 5506 4113 4854 7896 3996 9398 8306 5012 2828 7810 5129 1921 283 823 4537 4339 130 9771 866 7453 1144 7930 56 6665 2045 1837 286 6651 1876 2036 3974 3584 918 8602 3396 7374 170 8037 8700 6045 27 9879 1028 1955 1084 6878 1767 6856 4750 5560 6967 7059 6661 9619 9599 6054 7764 4702 9514 6089 6028 9870 8858 9730 3220 1608 1485 2320 9684 1663 8488 1530 4978 1914 6407 374 6228 2614 3555 9907 7918 222 9517 6111 3316 7979 9176 4799 9777 4954 4491 8586 7281 
5145 7873 2412 8028 5026 7758 2836 4950 268 4207 3811 8224 808 6229 6810 2838 4626 1745 3813 2877 2082 6348 6069 3057 7815 8596 6812 3887 9152 8206 1118 9971 1859 8821 202 8832 7924 88 5264 9164 623 5743 8054 1169 8902 3364 3998 9019 2153 4658 5356 3470 8987 3674 520 745 9537 9845 7622 8003 1577 5195 3414 1763 4783 3804 734 3198 8026 6506 7808 2811 7039 5914 5201 2830 7341 3861 7864 7722 5413 4153 2762 6964 6505 9502 9636 3441 1611 2593 7215 4836 5638 8890 2856 9853 7034 5970 3042 1292 148 9080 6103 5511 2606 6667 3268 6298 2833 8240 2931 4998 1405 9816 3004 4642 2117 2858 2498 8802 8396 7182 1445 1644 2250 8942 9557 2225 
8070 7405 9045 2641 7248 1633 1869 2529 4987 4786 1360 9427 2524 3539 8298 4509 2832 3149 3033 3657 3456 1935 7830 5445 6802 7464 1458 1575 9454 5242 4199 7826 5057 8002 3517 4687 9874 5665 7155 5002 3218 566 4035 1736 3052 1541 1853 7955 5693 5636 7079 2867 6845 6523 5200 6326 5191 6599 2396 4077 1061 1807 9278 2751 7860 1685 3609 4411 203 5360 1439 7211 7080 7708 2471 8229 3822 4208 5192 8592 4946 5586 1026 9915 5836 139 5440 7892 8165 61 8082 1994 3281 4488 1143 471 4992 2586 3939 5502 5053 3493 6830 5212 9053 344 721 5911 5833 5092 9789 6522 1922 7997 764 1722 6692 37 7125 1821 3131 4330 5305 625 7178 1661 1298 5292 1367 197 3443 
7797 9199 9981 5223 8029 3232 847 2064 9939 5065 2454 2602 2451 8024 7791 5367 5529 7590 9072 1238 4983 8219 63 3018 1233 2136 6528 3565 2795 5759 289 962 2210 9406 564 5790 3411 4464 4141 6013 5985 8395 1970 2165 7682 3665 8930 9292 7055 2474 5507 2470 8324 2921 2041 4142 2414 294 60 446 9356 3046 3796 8983 316 2387 7033 6811 3479 3212 2509 5781 6206 6204 1088 4237 5209 9252 8271 3524 6018 1299 5435 8989 9048 6942 9521 3357 3437 6155 6349 2150 9538 5336 1519 7110 6472 2482 4031 8346 3152 3112 1475 7291 8560 3705 1886 5101 7025 9733 5920 1718 898 8504 8976 7450 9539 7026 8513 4469 8196 3200 6085 4721 725 9791 240 318 8581 2380 
6276 3234 2958 7522 3114 658 8925 2992 1672 769 9116 2837 4981 380 8531 965 9150 7596 7005 219 4281 8 1467 2019 4266 8361 6451 4696 2161 9805 4423 8091 8801 3088 8216 1723 6598 6356 3361 2152 9788 3881 361 4222 517 4105 7703 1520 5158 1616 2555 3679 1105 7774 797 5520 6977 3896 3557 9849 2855 2375 5559 8927 8350 542 9572 5824 5984 6517 7002 412 8982 8589 9762 778 5140 2666 889 2783 6727 2567 4254 3028 2333 1675 4524 2050 4098 856 6318 4134 1163 8670 5687 4605 6779 8695 7658 2138 4850 3329 8892 5686 7101 1465 8914 7809 4332 2193 226 959 3404 89 8815 8174 8568 2303 8876 2615 9332 9812 8552 4725 7433 3473 452 9036 3979 1913 
4014 5766 231 1164 7678 5761 6586 4051 6352 3304 3855 4435 8843 5021 7087 9232 108 2213 1662 9102 1278 8097 6654 5631 4071 7270 1419 7397 7192 6461 3604 2171 4698 1528 5818 8041 1364 3060 5517 6757 3842 2243 244 8462 4094 6687 1297 8912 6055 9524 308 5204 1534 2088 7757 2851 6530 4428 9637 8328 645 1915 8389 6509 862 8636 1447 3670 3908 6254 7970 4577 1585 4095 3307 6925 6187 9321 2618 9920 5953 7681 5268 6162 7656 4829 1062 305 7246 5630 8204 8427 5716 8828 7948 6020 7861 110 5596 3288 4100 677 1858 9023 317 326 1448 1097 4884 2232 4842 7455 4959 6163 2848 7421 4838 9556 9751 4058 5249 5955 9293 6033 3282 257 9149 8859 2658 
3741 9120 4597 7015 9745 1048 6742 4440 8109 6546 5683 8491 2993 4631 6385 7478 2682 3968 6732 3222 4671 3261 1740 9819 3852 9921 2083 2004 4228 143 6851 4706 1469 7436 9066 8013 2202 1695 1578 1180 8122 3353 436 4690 4505 4640 4172 116 3130 9395 550 7336 3683 3562 7345 8225 4871 840 6214 2669 4970 6587 8701 5629 2149 7535 5786 9715 5083 2032 8968 7024 987 7307 7123 9275 3040 7298 271 6037 1521 1981 5755 900 44 6249 3574 8277 8151 9012 9326 3717 178 2393 1253 7630 9352 7090 9670 3844 4400 2544 7780 6340 7266 2065 9014 6564 7415 6301 7081 4590 4703 5934 9128 6480 7529 2546 5154 6302 7494 4174 6086 7811 6164 6554 8954 5015 8387 8425 
7368 4794 7992 9277 6859 3583 7990 8769 2374 2920 7868 926 4747 4318 6034 102 4632 5802 1272 5358 6771 6426 8565 6490 3993 8088 3019 4462 9376 2756 8879 2249 445 1313 2464 3177 6169 2893 6434 7303 8522 319 4495 683 4973 2272 4388 9614 905 7938 403 9754 3397 9264 6920 3297 2183 6331 5581 9286 281 7184 9095 7886 7765 5312 2985 5794 4212 2723 8810 9140 7268 292 785 7527 2014 9655 1660 6917 9157 9248 4393 9109 746 6896 3001 2652 9592 2773 5752 3714 8872 1989 8885 6759 2566 9859 1241 1435 9151 2421 7207 2742 136 7181 1306 1618 3451 1717 6909 6241 4213 6657 7343 4218 5817 8681 6514 2558 2156 1215 7923 8162 5132 6914 9683 7489 
4557 7404 6783 1674 3231 4831 145 9433 7989 4362 6547 2096 579 2368 5763 1320 9038 1629 9267 2169 5250 4197 5514 9033 2013 3330 7855 6997 6295 3136 1342 1625 5720 213 5915 2542 5829 8988 5400 4269 6913 7693 917 5509 8668 6533 9926 2321 5537 9256 3514 5339 8342 6197 4211 1967 9802 4025 8194 1538 2439 9680 4138 1924 7016 9325 4832 9498 3722 4627 2494 7998 8066 2808 5430 6272 6956 7731 5362 8154 817 7929 9101 4873 8521 9909 20 3279 6628 3173 5068 2674 6323 4478 7858 9928 8053 4176 8358 4839 3081 3568 8778 5011 7585 8689 6316 8794 6304 2791 9500 4764 6242 8798 3550 7841 2966 2736 8318 1688 3278 8880 4643 417 3459 4083 1064 6515 2502 
8694 5847 8928 6274 3895 8614 7912 9901 4050 2329 4167 7984 8107 4554 5757 9624 2565 2057 3183 4080 648 498 3846 1653 5359 7893 5943 7699 7865 3107 6188 7311 1177 5467 1773 5857 9378 8093 761 5595 1333 5888 3530 293 2963 3977 6211 1759 2933 6209 5885 9161 2665 6491 5590 9763 7562 606 8016 8640 1720 4021 8740 5663 7063 9022 5893 936 5230 8549 7344 6596 42 7610 2845 512 8995 929 897 9899 4811 6213 8953 1228 6447 6513 28 8087 4834 7208 5070 3727 3981 9314 3976 5391 967 5719 4692 4178 8573 1234 8137 5530 5658 7051 6284 8134 362 7031 5159 4604 6485 3248 2342 3746 7476 4 4257 2129 2381 9050 9894 470 5968 2874 9206 
9669 3117 2842 3115 9666 2883 3348 4363 6429 6151 7790 8336 5995 1550 5878 8063 4280 1979 6966 6620 4242 6114 93 7089 8994 4938 7387 2442 4813 327 2200 9298 7935 3185 4160 6180 3712 7241 4355 4659 4414 176 3431 6999 5441 5558 4261 2789 3647 5615 8515 706 355 7969 2782 4502 879 8285 2279 4337 4762 5403 3718 1369 9494 6144 6751 9611 9381 5680 2722 7486 5772 2176 3407 2281 8716 6410 8943 7305 6857 9304 1056 1962 9223 9255 7130 2616 1413 3240 4295 7447 2937 3948 5401 3313 1036 460 1379 6142 9441 1764 6591 3610 2037 4056 6594 7773 4054 3340 3909 1524 8950 8274 6944 5054 2307 6436 9566 9868 5812 1119 2870 45 5171 7767 7940 7061 4079 7577 5813 5891 
6471 2337 3037 8341 7134 1047 4287 9115 1986 7638 3889 8140 3856 2798 2681 4787 613 5605 9858 381 7362 9818 4203 6855 1824 3096 1974 8517 7737 6030 1692 7425 7933 6568 4384 3536 9337 9737 7202 494 6949 915 8080 6336 2308 2711 2974 3637 29 3520 5186 878 1346 3325 8423 2126 4835 8639 2942 2946 8866 6743 1269 8303 602 1412 3311 16 5425 4571 7189 3098 9030 3059 19 1178 2460 82 5784 2694 6314 7408 3515 6421 9736 4680 9436 7539 8183 922 9898 4855 867 109 9491 7018 6116 8867 9608 5274 9034 8383 3632 5162 3084 7096 4795 9945 187 694 3181 6545 6901 9241 8736 8924 5619 1474 3242 4165 7686 1709 3476 3983 8422 5407 955 9977 2693 4887 5462 3221 6329 5115 9639 1271 2575 50 9098 5422 6398 9972 2975 8035 8685 1055 1679 1484 2328 2055 469 1844 1860 5444 
9201 2647 2181 270 8613 5181 6081 4674 6781 4986 5527 6390 4908 6658 1784 7556 2139 3495 9078 5879 3027 2910 4977 9507 1701 8370 9648 795 951 8127 3097 9649 1732 8333 7982 2054 650 2776 1352 6091 3049 9027 8715 4453 9952 5712 5896 6278 3782 9604 5831 4406 5402 8090 4289 2389 3874 242 5672 3709 7730 2258 8211 6721 7696 7618 7679 5117 3440 7899 3245 6626 8471 1373 2205 3757 6690 6478 2071 1748 578 7324 2231 8680 3035 3744 7318 6277 78 5151 6327 521 9772 8739 861 6862 9346 1045 6766 7220 792 1925 7213 6154 6652 3880 6176 6711 5014 5082 2388 3805 8115 129 7770 8750 1348 6995 6350 193 3196 1565 4717 1201 8553 7805 3788 6787 3048 4880 548 4652 3512 5111 1795 3005 3143 2952 9890 8747 8256 4369 4291 456 5539 1054 3355 981 3940 5345 245 8543 5783 8742 
2805 3585 6003 5260 4129 6463 7326 6976 2880 6268 7594 4753 7321 7906 5645 9934 3578 8337 2481 4358 2715 4782 9891 4236 3417 5295 8922 3564 5320 835 4579 3448 6500 7231 1498 5642 4472 798 4765 9601 291 7807 1918 7313 46 6871 3764 3920 8364 8824 5732 6863 7147 1871 8969 9061 790 9412 4216 1013 4194 3358 9104 9338 3623 2894 4091 1113 2322 3687 2999 9017 8282 9746 7228 6800 3328 1187 1741 8874 8027 2170 516 9633 1443 2283 8232 8326 3402 8819 7993 3719 1972 354 8160 7800 643 5296 2515 7931 9509 6961 5414 2313 851 8482 3285 6059 4770 6571 451 4009 2125 2850 7798 4733 7649 1387 2671 473 7410 1377 2521 5820 4861 6199 8176 9213 5678 1454 5756 6875 8958 296 6809 7710 7749 9215 9188 5877 3126 686 3950 5405 5760 4613 4964 6983 6324 9644 9348 7104 8837 947 
8733 9513 853 8731 6354 5332 6858 1479 6001 4553 4513 6235 697 1906 1242 6269 3227 8331 731 4397 2754 3573 5562 6342 7635 8409 5412 609 9960 4851 1497 5827 3955 9922 2990 9542 9220 5166 5252 3205 876 2085 1851 9796 8169 6843 3676 6962 8473 2425 7643 8015 7742 3548 8281 5275 8679 2478 2660 478 9676 155 5624 3124 4016 5156 5464 8935 9668 8857 6166 8900 3133 437 3016 1542 7921 975 7180 6287 2340 7939 5764 7484 5323 5765 1023 9447 70 7346 6747 9686 1964 4081 7871 2767 9285 5199 3100 3315 6293 3164 7819 1669 9626 9625 1218 3951 8768 5380 310 4566 1153 4451 6004 7803 4107 6194 794 4711 9353 441 9794 5062 8417 6706 9229 2926 4742 9504 1310 7255 4526 2224 3356 1878 4313 1332 630 596 8981 9596 4175 5032 5500 4473 9946 6631 3980 4448 4301 6345 9205 7962 
426 7719 1167 4365 6157 1828 8535 3153 9394 814 5064 8608 652 419 3148 5103 7712 1155 5450 7011 5918 8019 3144 4119 6450 4540 4398 8167 4618 7035 453 4734 9698 2093 5281 6305 5798 6247 1383 9768 709 7456 5244 1949 7381 8626 7352 6718 7654 6679 32 3169 9632 6218 2116 4684 1772 953 3761 4844 9108 6292 3116 1031 3631 2584 1729 1829 6938 1191 3545 3050 1503 5828 269 2141 7463 4559 724 1819 3430 1441 3666 5187 1426 3834 870 7870 4965 6906 2106 6928 6954 3675 7276 4327 4494 5859 588 6174 5017 9482 672 81 3237 3379 1552 6193 4137 312 3022 1480 9691 4343 8904 1875 6516 4126 565 5031 7012 6555 4594 409 2455 5238 7468 9761 5229 7967 7138 4118 353 6865 8708 1250 2948 2732 1076 5019 2731 2913 6749 6306 4487 3082 942 2367 8564 7238 8465 9773 4135 
777 9198 5142 4989 2334 4090 6814 5689 3426 7165 4752 4825 580 9238 4357 4548 3500 3305 5523 8999 3422 5640 8532 6386 8136 405 9843 4359 2511 6919 5515 1965 1615 12 7553 8528 260 2951 2709 8450 5439 7963 7573 3400 3645 4921 956 2779 2885 6065 4817 371 6328 3608 3754 9091 8434 1637 5236 5165 5208 364 567 598 9641 8654 3367 2786 9927 503 2972 2938 1421 1525 1152 1985 8966 2687 4883 1798 2157 6761 6521 3485 9282 2572 2884 6418 5497 5872 2242 9090 1014 92 3630 1270 6477 5864 2120 117 5287 8287 8221 4800 6321 2755 9170 188 9723 5404 3246 4689 8936 246 1370 5375 1494 8619 7071 4997 2164 9480 9235 8780 3508 1162 5050 5251 5926 5240 7957 8582 2965 34 4352 4859 9656 8591 7294 9137 5773 591 479 3810 9405 2190 6359 7655 2814 2987 5666 4331 1172 1605 1548 1493 
7485 9552 8499 2259 8886 3076 9589 9979 9472 9622 8964 5333 8418 5610 9272 301 3 574 921 2799 9273 2760 4788 132 2247 7434 303 5202 3291 9688 522 5436 4774 3331 9074 8635 8762 5662 9679 6960 3439 2035 6754 5116 9682 2191 9302 1840 3442 818 3803 4133 5119 4856 9320 974 9497 6395 758 3215 6764 4846 2882 4493 528 6261 6881 5009 3094 4389 7743 628 4060 8030 9143 6002 3449 7587 9824 7570 7293 7393 6842 1324 5219 4892 2067 8979 2859 831 4845 3625 7279 7532 2905 3678 1168 265 4962 2505 2338 1312 6784 7234 7936 700 8494 4848 9652 468 3061 1338 4761 466 4290 2923 9343 9957 1267 6708 6700 5892 64 5791 1689 2118 941 7169 4214 7451 5705 6797 6207 2458 6813 8201 1236 1137 6774 3771 3589 1037 2835 513 6090 5657 1133 3053 6281 5510 5682 4863 6671 6696 
3000 2727 6744 424 4519 7561 1198 2407 8497 8452 9661 5020 5106 146 3187 262 3850 2097 7668 8610 4748 8064 3774 7122 1506 6537 570 297 9312 2589 8830 7504 4111 9425 8840 6793 9055 2943 6414 6832 135 5623 369 8052 4232 5478 2854 475 7760 1890 2545 3988 3949 2516 4949 7718 1946 6431 8519 8147 2080 4112 7548 1456 7250 9707 2595 8827 5555 6790 8693 2314 1230 3552 472 6729 2010 2024 1930 4073 481 551 5128 6067 3151 8583 2098 3873 3398 1134 3593 4510 3496 9131 3079 3201 4195 5265 6603 3274 1643 6098 2026 8711 6733 6444 7822 1877 9837 8923 5173 3168 7569 9631 3320 9046 2501 3922 477 2255 5307 4156 2245 6311 9204 227 6818 8098 378 508 3399 1704 4409 7394 1483 1917 1025 6792 9478 587 6047 3668 8820 2133 8659 1103 1353 7021 4886 2429 986 2112 7983 
9162 5337 5496 6705 9825 8848 228 3427 3270 8686 3655 5572 1822 8882 6191 2914 7395 4903 1237 5489 7278 8526 3339 7746 2940 4320 3924 6660 639 7543 2238 3915 9766 7114 7280 1157 2522 7378 3146 982 7545 6492 4648 631 3871 8910 4807 7849 8249 3938 9593 1024 1307 6601 751 2144 1330 6448 1183 9650 6916 3640 7817 7835 5863 3865 2353 8445 5386 2617 8749 6985 3952 9200 5936 1291 8623 4420 5078 684 7981 558 7978 7354 4387 819 2304 799 2554 9925 6903 5830 1496 6538 7491 8260 1682 2089 682 5318 5563 6057 4806 3171 6532 7580 5433 6717 9333 4117 4699 9970 3090 8227 5981 8149 5976 3535 4828 6310 9577 83 505 9369 5972 1129 3162 1600 5898 1431 9527 7616 4157 2069 1349 9956 9543 7733 3264 2039 6437 4335 3342 8191 5895 1259 7160 1571 2324 9059 7377 1610 3785 1566 
2961 9121 5259 9667 1008 7482 6741 8655 0 9432 6078 3226 8223 540 8106 8180 6581 7785 2603 7551 8844 5172 9969 8454 1146 1185 7083 4164 8049 2130 406 5125 211 7319 8362 4667 3575 7124 8372 397 1500 4960 5127 5701 1619 9058 8431 995 2846 3314 9224 6991 2378 6473 4250 4229 3959 9331 5261 6275 7925 4727 7604 749 9551 1295 9303 5676 2548 4732 7657 9481 2201 1166 1213 9083 8367 2002 8576 5074 125 3893 824 4538 6934 741 4536 365 1670 3386 7315 4485 2574 6945 7653 8188 2964 2323 8836 1053 402 4694 4171 3944 100 6574 7441 1058 3758 6087 5036 6115 1140 7571 8572 2973 805 3334 7520 5023 9821 1101 7064 2781 1396 3210 4003 8144 6672 2624 2147 4253 3204 8903 2619 9660 7901 9227 6943 9617 5618 8348 4040 3381 2195 2000 4496 1371 1527 2697 665 36 3945 7070 
4560 8302 2413 6432 6315 4012 8536 2725 3349 5221 6312 3733 2023 223 3382 2875 4124 5840 6854 9310 6659 7127 7323 8142 258 8259 9141 3618 1389 9234 756 678 2746 8245 3409 8567 1576 182 3380 2873 3879 1138 9445 2436 5634 2319 2945 6902 7994 2009 4055 1726 9203 1804 6133 723 7420 7375 5005 5039 8835 7501 5286 620 4442 2868 2227 3921 4961 7232 2609 2656 2556 7427 2488 4758 1174 4226 1624 8975 9953 616 4917 1251 5179 597 5589 5881 5647 8846 3919 4439 599 9145 3775 4738 610 9938 7546 500 8202 3118 1326 4312 1329 5335 8638 6171 9262 7688 2382 3086 9184 9828 2011 8014 6291 1553 6121 4354 3958 3269 5989 4767 8563 5313 7390 8269 9266 3482 3395 3654 9488 8412 782 7226 6597 8040 3044 1952 1757 9461 5271 8894 5617 7499 3092 9713 5583 2445 4184 3706 9439 
4599 931 3429 3543 4011 6156 5845 8496 5805 4591 3192 3622 8530 4864 9466 9740 2643 2140 3383 3891 9423 960 3851 225 8766 9000 8673 5787 6621 5982 1147 4305 3721 7787 1693 5525 3224 1742 2327 2659 5740 241 5907 1539 4581 1812 6570 5049 3208 59 9136 7448 3140 7430 6260 8289 4417 8978 8615 2063 4793 4810 5542 3830 30 9888 113 8459 4857 3947 9919 5300 2266 6296 8467 1339 6158 6947 2578 6006 399 3541 1507 5758 4958 3680 1184 1652 2293 2081 234 4868 3522 5006 7137 7429 8775 519 1803 3249 585 9743 3229 7954 1429 4633 3064 6622 4449 1686 8633 3502 7675 6922 3664 1582 9457 4065 1621 8663 5848 4017 5270 438 1423 4042 7714 7099 7032 1766 3833 7689 8972 5189 3650 1444 183 4564 2523 8525 3576 6536 201 5393 5717 7260 9020 1427 1622 431 2468 3828 8152 5388 
5379 8031 4092 4872 7836 8067 4209 7599 1009 7053 7288 72 4708 9042 2680 7833 5923 8062 5301 7400 7477 5839 7945 8920 3967 3032 6152 5917 5566 5328 3071 3105 7946 1038 2252 6074 8025 180 6972 9462 1941 4275 2364 1590 8955 1473 1614 1029 9181 6723 1239 9103 7698 3135 913 6381 4550 3760 561 5164 5554 2288 9493 4823 7475 7592 9659 3965 6481 3478 4063 1508 9133 3684 9835 4308 1801 163 9016 2982 9729 98 7342 486 4768 8005 6835 1832 272 2573 1931 9125 9916 7391 8111 5821 1414 6023 332 4576 7888 836 7297 3518 9239 7999 95 9178 901 988 8125 5390 8242 4069 5620 1893 8276 6608 2812 2630 9590 333 589 1343 4645 2899 7821 7402 3991 702 3571 4147 5651 3172 5742 5594 6643 9342 5612 6689 7449 7302 3580 8105 7642 1436 5711 7753 6895 6488 8234 3056 9569 9092 2476 7218 1777 2911 6015 3931 5569 529 2109 5355 649 8407 7020 4104 4731 6583 8131 9886 2379 8433 5123 1894 3129 6701 9179 6940 9168 1636 7493 4497 6382 571 5882 5901 7129 8661 8443 7747 9850 4477 5797 2605 4351 8163 5063 8092 1351 8884 3103 9714 480 4371 8651 9704 8456 7890 8677 198 1182 5107 4894 4029 9831 9716 8622 1179 8466 8761 4159 2115 5894 3352 1923 3551 4878 9153 5544 5933 7029 2714 5656 157 1977 9371 7671 6173 8230 9071 5253 3667 3108 2887 6397 7645 635 9908 6887 869 1406 5276 5483 791 101 2151 3165 3611 2702 4196 6462 6852 713 5852 1649 7203 9010 4941 7412 6029 3477 1293 9362 9426 664 3365 9110 7515 729 3615 5193 6848 6788 
6822 7563 2610 6820 1050 5650 5457 6936 8146 504 5613 582 8262 9550 891 6190 5806 2218 7009 1398 3694 1042 2290 6464 4669 8257 5528 3773 7750 9111 2487 3885 5139 414 8647 7829 9429 6186 4827 6582 765 9039 9390 4665 1082 8961 7971 6108 492 2214 8643 2745 3720 1902 336 5094 9492 5280 1537 8869 3175 1654 9113 55 8684 3029 4306 1937 7709 3770 1762 7943 5311 9261 2620 6325 8587 2932 3489 9339 4425 787 1235 4297 7183 800 5168 9534 5342 2662 7537 2750 3626 1481 3374 5303 6590 8044 8579 3179 2222 4775 4697 8696 6456 6105 91 5546 9689 7384 1490 173 5468 251 3592 1139 9485 3350 2747 5481 2626 7843 7769 3935 5325 2006 3869 6682 3765 979 208 1135 8944 5417 6470 711 6257 7895 793 5364 6170 8667 2462 5547 2691 2968 1331 9781 8305 636 5278 9943 9460 984 1007 214 5368 3290 8020 9525 8672 8709 4405 5508 7435 8853 6935 968 5245 5277 1657 9803 2889 4087 3781 1150 8683 4322 4499 1365 3783 6750 2001 6984 4088 237 3914 6070 7237 9865 6148 8170 1699 3964 295 8865 1067 8078 5855 4070 1065 4049 7252 87 8631 9820 1257 9031 13 8641 1943 4048 9597 7073 8316 9041 8628 2184 6084 7519 2449 8394 6681 5365 200 9397 6791 253 5986 3337 1852 8624 123 937 7554 8313 8486 6224 7148 2073 1856 7355 2385 2810 4955 5175 9361 1683 8435 3594 2991 7320 7338 7706 7928 8018 5744 8698 4418 1678 474 8357 9621 3941 3239 6632 1532 8898 5951 1601 7333 7567 1020 7143 6007 8118 6285 5471 5501 4530 2536 7164 3317 3638 6384 5969 5383 781 
2649 4521 5377 2100 3975 2490 816 775 3739 3661 8574 7677 2295 348 5137 8809 2953 7209 5254 7210 3070 463 8652 2719 1588 6898 6737 3656 7438 8141 8375 6425 1200 2291 9663 3540 6542 5256 3651 1706 834 7386 4500 4047 4437 2823 5952 9765 2706 6294 2160 9375 3252 2941 8011 2551 796 5710 8177 6607 5593 1001 9269 5135 837 5993 3809 1430 358 6032 2241 6804 9523 8598 3985 4952 3322 4534 7105 9105 6052 8782 8873 2477 8317 1130 7565 9643 8228 662 2105 1052 4615 5753 8852 5741 7314 2438 1424 3128 9685 5317 3566 2648 6716 5030 4779 3857 3206 1382 698 9260 9420 1556 8710 9130 7847 2673 5321 3180 8116 3527 4580 99 1811 3233 6183 164 5932 368 9923 2978 6223 8133 7480 6677 6828 5988 950 6974 1864 5066 2154 7959 555 2705 8599 5421 3970 14 321 6837 9119 4685 1514 5908 5424 3471 415 5726 9291 8212 487 8110 5703 850 6362 895 902 3298 5316 622 4984 9672 8477 6722 5326 5185 8310 6371 9564 2596 7783 4360 1051 8117 6683 7263 461 7413 6740 4527 1696 7229 2086 8578 3207 26 432 1992 4563 7419 838 2440 9840 7185 1975 9982 232 2611 2359 6986 6610 4600 1916 9801 5235 1592 3814 9560 6616 2226 2143 8416 1597 4603 9054 8386 3849 1470 7593 8369 3927 6948 7694 7295 9752 9049 4681 6056 1834 3434 1466 8699 5461 7299 9387 9089 4808 674 9518 4413 8231 5120 9323 3784 3984 38 8855 534 5149 8490 5466 352 2463 1016 7109 9695 2853 6290 9132 5033 1873 3862 3238 4902 6202 6402 5110 5037 4785 
1206 2415 9708 5184 3351 8889 6196 3819 309 4677 7521 9900 4518 1593 2724 5494 4401 3387 6000 6430 1671 4168 618 7443 5176 9583 696 5372 1905 8726 7010 1004 1515 141 7049 7869 927 8218 3111 5957 1005 9897 9384 9687 3228 6893 3486 69 8868 4743 2667 1122 3930 6177 4227 2316 6567 1083 2629 9064 7074 5397 640 4072 1887 104 8606 7358 3838 7153 5398 8723 8060 4394 2748 9094 7534 2444 3138 9437 6988 943 3606 1645 5038 9175 5155 1149 1957 254 6375 7118 21 5470 946 2729 6629 3286 6562 7157 9434 3013 7934 4601 3491 1854 3392 4466 2492 5597 554 5977 6179 1286 4918 827 9693 1655 5585 1334 5473 2240 450 762 4498 7973 7778 9810 1907 3250 9980 9490 6140 9646 6443 6994 9317 3336 5637 2843 6612 5534 1603 1464 9295 6271 8420 5971 1386 9208 5308 7913 2513 8516 1868 1096 2099 2188 7028 3825 5550 7736 4663 4641 812 4036 3769 195 7926 3120 6589 382 5580 9009 1407 7775 3376 763 2655 1462 3827 2528 3073 8065 841 149 5521 4744 1884 2131 443 4460 315 3262 1982 1677 6050 2540 2410 4143 6428 7176 7 6688 4728 304 1604 3295 8429 6730 9567 1231 6613 7766 9959 4572 5536 7666 9792 1136 1920 5635 3646 7198 6561 1591 939 8605 3953 2806 1904 1513 5102 9798 4380 3106 8312 5940 9209 4399 9976 1273 7705 8388 5079 9218 3457 3199 179 5843 6618 4391 8391 1883 5799 3170 284 1778 8893 2346 4274 8347 6008 8295 5734 920 4937 4569 4746 881 5721 5349 1938 5071 9678 9465 9479 3989 3225 6641 5331 6680 690 6419 4586 9283 7411 9011 6267 9912 1639 4760 4019 9605 4625 7728 7685 5739 1587 3416 3299 6441 
5769 1830 6861 4404 5925 8068 8691 9628 111 9705 9511 4755 7560 5415 969 5644 9194 9940 1003 3109 307 813 9778 1243 2061 9973 9354 4279 9817 4592 4474 7673 3266 2017 6776 2949 8492 1900 6192 4539 2676 375 3735 1862 3384 2447 6035 7161 5718 5289 2550 7659 9345 6996 8284 210 1395 7152 9228 7972 8985 6645 2824 8713 3292 5369 8021 3497 6529 5905 923 408 1069 9776 4570 5447 7846 7085 3634 4932 8119 3528 7818 4893 4102 2787 7495 6297 9718 829 127 6102 7264 2077 7547 9554 1531 8590 8288 8551 8405 4562 5420 9029 6222 1442 3587 3002 1697 1768 4662 398 3943 7306 6487 6782 7037 3445 5867 9962 3596 1035 1733 6452 680 7328 9442 9910 8783 4740 6370 1712 3713 7796 854 3453 9418 9056 3605 6725 932 5013 2400 5807 7141 8410 1564 7197 2343 8585 593 2976 8056 9559 6106 911 9002 4624 9257 390 4185 6438 5396 2794 6886 3230 9755 6009 8156 2898 2362 2070 8594 6839 1535 8845 7741 4338 6623 9452 750 3627 7045 7357 8773 9450 4132 1881 1046 8741 8758 373 766 4026 2683 6511 4166 7942 4361 8195 1998 3992 4020 9911 4790 6535 4533 3373 8319 3132 90 9392 1558 6279 3753 9 9207 6817 9594 3276 5965 945 4516 5937 3912 7500 9424 6544 9586 142 7273 4309 5960 7140 7831 1072 9558 4276 3786 9833 9950 7603 5774 6558 7398 1544 66 5735 5448 7724 976 2146 8933 5344 2537 3633 6012 2909 5578 7177 7762 6675 903 1289 5700 2051 3911 4486 3689 236 158 9522 80 8864 6866 8738 1800 6423 1176 7538 335 1366 7528 7802 118 9127 518 1796 8607 4223 7460 6168 1583 8464 8776 8235 
9123 4131 6469 4713 5767 9864 9435 8730 9357 9783 5730 4830 1632 5025 3031 4245 9004 5493 970 1549 3538 9154 7444 5883 3621 1939 5298 5449 2408 8292 2954 3928 1087 9117 9506 4046 5133 6308 2988 7557 2721 804 3617 5098 5022 2628 8493 7908 2472 693 7440 9258 4695 6075 4899 4749 2901 4656 4968 6888 5749 8400 172 9191 1781 8294 845 757 1303 6422 1617 9464 8255 9183 6063 7467 338 5556 4882 904 4612 1344 3166 2865 1450 5545 7027 6637 722 9983 1060 5459 5077 3715 4913 3197 1502 1598 6353 3570 6946 9146 5780 7030 3041 2708 1673 5051 5987 6572 6080 7349 871 6122 4966 8444 6010 5846 5737 8129 7813 6959 5949 1403 6248 9005 2166 5598 996 3818 6175 667 6439 6638 8948 9880 4307 199 7952 9329 3999 2960 5963 5815 1919 8399 6337 3202 2538 9602 1719 8073 8293 8290 1747 5889 833 5875 3366 5479 9904 948 156 3184 1287 5491 6220 8377 3359 4672 9070 3659 6457 2047 4522 1309 3093 4756 1631 7844 6394 2354 5660 604 5148 1416 1487 5034 2262 4705 2650 4315 9196 4120 2423 4182 4763 2527 4939 7000 1579 6600 9606 2031 9665 9187 7240 9112 3724 6752 2401 3795 334 9742 7695 6126 5814 2294 5290 3987 8463 8059 4010 1799 5518 1806 7057 5043 4022 7812 2499 324 1131 7149 3318 7168 9363 8875 7142 2800 3347 4912 8759 6714 6823 7905 4769 1197 3823 1337 1002 1193 6540 4044 391 6826 5861 3438 8270 2970 7919 820 3338 7862 2268 9635 7589 586 9440 144 530 4057 3560 9444 6653 6753 8919 8625 8737 1171 7650 7723 6930 885 8123 3160 2312 4980 339 9192 1249 2576 1562 557 6602 8786 4824 
8304 5652 8538 75 8616 2298 9861 1788 7014 465 9744 4326 4791 5844 5416 3154 2797 8926 4441 5571 1750 306 8297 4084 4006 4709 8569 4396 1160 7517 7166 3734 8682 1393 1545 4865 9584 6270 9774 9741 8727 8283 6230 3300 9233 2370 5484 771 5124 726 6225 1356 2394 1857 3642 2355 7191 2473 4422 6139 1186 6100 3603 3058 8440 6266 2902 484 9854 4531 1820 8099 3926 9932 7261 5954 3010 5010 7779 7974 9562 8637 6921 8278 2230 9612 6520 6250 4152 1463 701 6044 5285 9211 5324 3247 5792 4679 5069 8951 4427 8210 5246 8601 350 5668 4456 7379 2194 9767 5363 4754 3296 230 7115 9182 1261 4974 7852 5429 7579 4584 8432 4481 8047 8718 1850 8558 7492 4910 1595 4181 4381 5282 8077 7388 9836 4099 1378 8905 8186 7296 5035 2621 7702 8393 4927 5130 160 3223 1760 1322 2928 1634 4263 7968 1753 6673 3045 4841 3971 9177 9937 1842 7786 780 9750 1641 1491 7259 3008 7369 2411 1039 248 6756 4683 2613 4595 8299 7842 3658 1390 549 4321 4889 7525 4373 3737 5304 4621 9580 278 5641 3125 9040 5329 8251 2508 8468 4722 3095 3251 4751 4588 1397 8215 7663 9079 9340 1446 4390 9197 5950 5697 5226 349 175 3932 9067 1714 8329 9709 1942 1207 3503 7897 5352 3905 5073 1175 6691 2496 7575 4712 8344 3815 2677 2206 2215 3346 4543 4759 261 8550 4906 7065 2519 1254 5778 8036 7550 6575 807 5384 2094 2796 2753 3498 8100 1288 9869 2580 6870 6770 3260 9483 7606 752 4122 6017 3186 4097 9582 9400 6475 8006 6124 1739 5627 7823 1098 6987 1327 6150 8139 9734 4629 5266 9231 5072 7199 9951 9756 2819 4001 803 8213 
7875 5535 7872 8265 852 3312 5808 9081 4053 8145 5574 73 4869 5454 3390 7951 9549 7360 9856 3772 2881 2758 7711 6234 6391 848 9077 730 7244 9195 8803 8959 7283 9545 1779 5679 497 5996 6465 8838 2409 2331 8604 9350 4125 7479 2052 2292 3696 5055 687 2253 1350 5601 7581 9531 4773 3877 459 2862 2448 483 874 7660 2395 5203 4628 2863 4150 2483 8986 4940 3567 9690 1976 4745 2698 8130 6442 1898 2269 9250 9417 8899 233 7701 7721 8481 9367 6484 5361 985 3119 3091 6941 3910 8561 9807 9526 9710 7459 2633 2506 2297 7225 4895 4300 5519 1687 6317 8991 9476 8584 6899 411 4186 4298 9407 1208 5858 8506 6097 6127 1478 1802 784 8051 5442 1244 255 9403 8913 6053 3662 8888 3167 3063 4151 8788 9563 425 6534 4715 6556 2840 2435 7067 4215 6092 6647 6829 716 3843 8909 6989 7917 5000 733 1599 6396 828 159 2223 6427 753 6912 8000 1680 2661 2744 9677 5853 2276 5170 2443 890 3145 9399 9475 822 9319 3034 8917 9664 1468 8261 5458 9106 4585 5218 9697 5045 6713 532 2372 4582 4204 6343 3697 6330 499 6605 6745 5499 4646 1212 6566 2944 5029 8527 2203 675 3703 7793 5524 1455 2416 6639 9057 7552 273 4455 663 2983 3990 9587 282 4334 1797 2879 1533 1501 6694 526 1192 2198 7513 5089 5999 688 4231 7052 434 5816 1368 4925 704 9839 2034 747 6146 5579 2012 3147 977 3711 4062 8854 2654 8334 3377 3590 8603 963 9929 7221 4525 4803 5696 7572 2234 2849 9673 235 3867 4005 105 5366 5058 8084 1805 313 9210 323 4547 2289 1415 6497 8291 4730 5232 2507 9595 7382 7047 9600 8330 6563 3511 7139 
933 2844 1204 7914 2841 2802 2685 3700 6937 2764 8421 925 3309 8184 6780 6975 8226 8263 8965 8023 1866 6815 7282 345 6625 5410 8998 7828 7126 1437 1744 9779 340 8413 8921 4704 5723 2994 1121 7239 2520 5841 5748 8721 4086 6777 5874 5997 732 8799 1434 5913 7230 5241 133 576 8946 7620 367 9259 1030 288 2356 8050 2121 4852 4511 7036 884 7514 1664 4230 6910 124 2405 5603 4180 2015 8665 6221 8949 8403 2046 7058 447 3481 839 4726 9692 4542 2818 5197 6611 1715 9749 1385 7235 205 2350 8666 9448 5810 4233 5090 3484 710 7310 7214 2357 4931 2768 9299 9871 8671 4220 8354 3878 641 4506 212 3779 5512 2591 8172 6712 3410 3523 8402 9607 9221 9122 3506 9147 6378 5126 7102 4736 9186 8108 476 1092 4545 2738 1815 9759 9576 8779 7882 3995 2777 3561 3883 8321 4244 2934 5777 7975 4602 3708 4896 7337 383 4490 8697 6496 6449 8706 3691 3808 9842 4673 3256 6876 4432 9374 1111 2866 9725 9190 1280 9775 1335 9867 9163 1758 4109 2110 7683 5942 3123 2020 1318 1145 4210 9486 2196 4146 1630 6165 3797 1708 3529 3301 4741 3925 1363 343 1816 7597 3235 2450 4078 9018 8495 6649 1114 6096 1569 8193 9860 6135 8475 9811 8901 3190 4568 2404 7887 2583 2254 4368 4468 9391 7396 8544 9613 7588 7915 1735 7159 1933 2541 3516 8121 4106 9032 569 626 5237 9166 7879 2770 9249 7607 2107 9829 6905 6731 1990 7806 8075 4898 3321 6735 1275 5873 2029 9717 6363 7667 3087 2653 274 8825 5188 7996 612 6319 5661 9114 7490 6965 2780 8113 924 1211 2351 2078 4512 9855 4664 401 5604 8430 8408 9795 2809 
3039 7173 7680 6978 2571 2803 7171 2959 385 7399 6237 5371 6120 2608 1128 1827 1783 8380 267 6702 189 1089 2022 462 9355 5138 9388 9037 1438 6697 8687 2212 5059 4085 457 8877 5411 7245 2793 4710 4163 3807 6489 4860 7167 5016 7902 9609 1536 8103 5061 6543 6615 5163 8323 8478 5671 6387 9024 3526 9844 8518 9727 8479 1224 5330 2639 2590 377 7007 3731 9651 1225 6578 2007 2074 2592 2347 6286 3333 8325 6130 2503 7612 3790 7194 5314 4074 9653 8161 1258 400 5147 6289 8150 8941 1658 7966 5948 5909 3257 8189 9877 673 2048 7019 3452 3023 1361 8974 6413 2743 3024 9100 9065 7586 4771 8870 3917 2428 9841 5698 4888 637 5975 1790 9728 1057 3475 6322 7640 6400 6049 8008 6365 1256 5152 1049 1568 9598 6131 3854 1517 4268 5399 7223 1345 676 8849 4416 4333 4616 9062 4933 3308 8273 1357 8644 421 2917 154 9099 5541 3685 6076 1774 243 9404 3859 1825 9158 2265 8566 2967 8851 3649 9764 3763 5706 5699 6915 909 122 4666 1847 5677 8970 5708 3802 3730 4724 2377 7920 9530 3159 6808 2060 2869 71 668 376 4382 1202 8807 429 9694 9243 9438 1240 6357 5302 5823 3483 1969 7832 5692 4139 5947 8656 3742 8767 8806 6167 8124 9268 3736 2128 6226 5674 1543 8784 1374 8472 5134 9443 2299 2391 217 8546 7023 1872 6288 3243 1095 2459 2211 8650 552 5427 2273 3863 509 9401 4262 3806 2229 8763 2402 9699 3755 9712 2692 573 4292 7850 6992 7416 3104 647 5310 743 4140 5150 3083 3966 275 5267 8192 5003 1895 6320 6263 2302 1115 4920 703 7086 7043 7277 9561 5306 1817 1376 357 3030 8309 669 6614 4252 4508 
7407 1791 8850 8460 1554 8382 2997 5533 1945 9706 9510 6393 3505 7911 1401 229 9393 379 2642 1713 4630 2217 8419 6853 1199 7361 5488 5215 1086 1471 1861 843 8453 6933 8570 2369 6264 7980 2175 5796 5646 5319 4008 4002 7050 1770 1818 8571 4578 7503 5490 6255 6957 4812 9306 8712 9570 1809 7113 9610 6958 2668 6060 4344 3682 6724 4267 3253 7894 5837 6695 7670 8520 7768 9386 7233 6227 7729 7937 514 1021 8743 1656 9289 4503 6796 5353 6746 4375 4024 7272 6182 6406 7771 9263 2467 6455 7799 2204 2581 3236 166 5704 407 6143 1325 515 5576 5108 4619 4076 910 6417 740 776 2704 8705 8818 914 5378 8366 8406 2695 7267 4103 6885 8476 3284 9416 4688 3332 23 8831 7526 8796 7072 6565 1300 3077 7648 5897 8744 2517 5690 8094 3085 2344 7119 583 5351 8896 2197 4766 6526 1855 8237 9212 8992 8248 3519 3405 510 6869 3178 8085 388 6908 6038 4260 404 7608 3900 2684 7107 2861 4975 5224 4819 3025 3710 6769 1950 7145 5024 1085 1540 7761 2371 6031 5040 9703 6584 9129 7312 360 1296 6109 744 4517 2209 2021 9826 5862 3067 1279 5157 5992 1195 2730 7488 1831 8895 1246 6795 727 7900 490 9748 1903 6282 8126 2788 8446 2072 7068 8658 7792 6873 7432 2365 4000 4907 9365 6678 1223 1173 9085 1572 2969 6557 5206 6550 7881 8485 768 1948 3324 5231 2831 5921 2246 6969 2390 5639 8720 4798 7121 1835 9245 413 5354 1015 3394 860 3824 5540 1449 7242 4720 396 5851 3794 3888 6251 3572 1782 3009 206 9383 6593 8777 4994 5695 5522 8630 1041 1132 1328 6051 7788 7372 6380 4682 7611 5916 2185 9366 7880 1961 2757 3693 8074 6095 
2493 9279 3897 9591 8811 6666 4443 1555 9160 7483 3936 5182 3504 4402 1362 9043 892 1476 7131 3466 2257 4123 8808 9237 1282 3343 6503 67 3421 1516 2330 6346 5334 770 6816 4436 7907 4942 2559 809 6153 7473 9975 4821 8487 7776 7854 4431 8253 2208 8448 1428 615 4392 990 342 9351 3798 5553 7348 5592 3487 4032 5632 5788 718 6929 9961 416 6968 1040 6773 9893 8957 9172 4862 1703 3801 3840 57 9144 7428 4492 3255 7038 3556 2300 4622 6141 3569 779 8793 215 8353 9905 527 5782 3509 605 7732 6494 2896 3413 8746 1375 1216 8083 4651 9380 5495 49 3062 5714 2906 9758 7609 8813 7292 8164 1841 6955 6244 322 7544 1127 3913 43 2726 134 6409 6404 3141 8554 386 1698 5477 6088 5434 6560 6860 3436 9832 8753 6548 2318 1737 4701 5633 7661 5052 4064 5105 4303 8484 2804 9847 1148 3586 4879 5669 6201 906 5608 811 356 1574 4483 8371 4797 7530 2042 4187 6025 1647 3776 7247 5513 9051 131 7201 6388 5167 8112 7853 2891 7502 1457 6720 2326 4802 1897 4967 3652 8956 5095 9872 2852 5552 3961 8190 8555 4995 8812 2228 285 7619 4366 4650 1209 6379 6401 8390 331 1221 9372 755 8789 9616 6433 6160 1909 1124 7442 3886 9358 4507 8745 2040 4341 8690 9681 4780 5297 3327 1526 1504 6525 3903 3937 9967 6644 1563 973 4575 5075 9382 7883 6844 2749 9216 1093 2636 8157 7373 9634 5838 4028 5432 7437 392 1756 4457 4668 5076 1665 3537 5973 5487 7304 2888 2663 4278 6827 608 2679 5600 786 8915 2168 3707 3906 3533 2016 6758 2172 8508 6280 1154 7533 4551 7884 9830 6501 7763 4837 2597 5939 314 7216 1142 3521 5994 1509 9449 4820 