144
77 324 1681 1760 1037 
1403 1870 684 961 1059 
233 856 550 1565 1951 
116 1299 1798 1535 591 
466 1338 1737 26 84 
895 388 1971 802 864 
1909 784 1436 1388 
1051 1236 589 305 452 
1012 1448 819 1544 
1714 889 500 959 
1792 105 164 1802 1218 1137 
1246 823 1429 1956 
1168 1096 1774 1839 
1558 1704 1408 1579 64 630 
1884 1564 1474 1702 674 
739 1041 1191 1241 1566 
232 43 655 162 
1597 1085 1794 1254 
544 1626 1330 1269 755 62 
1416 1318 958 1727 
1090 1285 1475 13 318 
115 1552 1526 920 
817 1252 370 378 
1636 144 688 454 947 
1740 1767 690 1308 372 812 1878 
882 480 768 1386 734 789 1973 
180 948 1392 177 60 902 1895 
960 193 300 628 918 1904 499 1532 
492 505 1119 1659 1786 984 596 
1818 714 1975 216 883 968 1470 
1701 207 339 1841 1747 1348 284 
1779 870 1017 1431 238 24 1326 963 
375 909 1548 1035 1019 1072 530 
1350 934 160 554 1006 1803 803 
63 1650 1665 1759 916 928 881 
194 1831 304 840 1150 448 1054 
389 1948 1938 394 1621 824 713 
1247 271 1369 1074 1248 117 998 
1169 1611 1631 1152 1660 279 
1949 1923 1197 460 1696 1725 1410 
974 661 51 1256 1075 828 37 
1520 1104 729 801 1163 1423 469 
818 987 1275 1958 1748 694 898 
506 1519 573 706 1581 532 149 34 
545 168 1174 1384 1097 335 
1052 90 612 538 1698 1911 373 569 
1871 310 261 1135 7 1379 1158 
779 1363 745 1776 355 1638 158 
738 32 700 862 1460 125 677 741 1834 128 
1593 1676 1689 1587 1603 1373 251 1842 772 1757 
930 441 1377 744 866 212 1067 477 50 1583 
75 1325 1129 1977 1046 1932 1607 1262 415 708 1154 
1359 584 1806 1899 1007 1658 944 663 1691 1142 245 
150 272 1485 1797 472 595 86 27 1228 1220 1181 
1935 1013 1845 1720 1031 880 1062 227 1605 
1233 129 113 1962 900 121 1969 1738 1000 651 
1662 1455 1182 511 1139 1894 1663 48 1912 
1038 1091 1088 393 667 1577 754 521 1741 1015 
999 1402 82 723 1462 911 846 869 
1623 1572 38 199 1230 1452 1036 1335 235 
102 792 1213 1113 528 47 560 607 781 
35 428 1324 1514 99 1425 1131 551 240 
336 1065 675 1854 333 1543 1613 253 1562 
453 154 940 1022 476 1530 351 747 825 
1896 1364 1753 1953 316 294 529 507 479 1172 
843 896 893 1045 23 138 1647 1699 1873 41 
219 1988 1026 705 1620 1655 633 1123 1259 
1545 636 1987 1503 451 1145 1136 1293 
297 2 1173 1967 957 1496 1039 1722 
1272 558 1260 277 1529 565 1124 61 323 
531 1910 778 1642 1451 411 702 1764 942 
1077 1143 246 1525 901 1209 929 1080 
1983 1389 155 1127 939 890 486 1112 567 953 20 468 1296 183 201 
1206 1204 311 308 627 1812 995 1148 1343 273 395 509 1093 
933 765 1049 776 510 525 527 242 733 649 780 1483 179 
1320 1974 1517 425 471 1539 449 446 907 758 52 100 87 430 440 
1632 804 1208 1361 1494 213 57 59 1538 1421 1886 1591 142 1215 1717 
894 892 1715 1712 315 1032 759 1697 290 134 92 365 356 1211 665 
189 1832 1010 427 1461 135 30 1768 1114 217 321 1527 587 
111 1194 74 854 1134 837 332 1382 606 1858 1936 1795 89 
465 463 457 349 152 1942 1853 996 429 1418 850 703 1103 
1827 1584 971 198 1656 1344 956 1100 844 1618 1111 1639 1561 
1398 609 1907 1207 798 98 1412 1690 1501 711 1234 1640 1371 
891 1598 230 1563 954 839 875 797 195 1816 1192 977 218 
777 1428 1480 1251 461 1578 1580 255 487 1435 1491 417 1298 
306 141 31 666 433 489 1885 1023 209 136 197 1271 
1362 1637 831 659 1641 1291 252 645 49 950 1370 266 1016 1250 
1203 921 1533 363 979 176 1541 761 1339 629 292 374 392 
969 648 1868 1914 1018 800 1694 858 799 1546 508 314 
579 1559 464 76 1447 1463 1893 905 1920 1755 1257 22 1210 
384 1481 1478 1602 14 1034 879 1061 490 975 1955 704 1756 
1164 1286 1283 822 1876 1919 1573 1669 1592 36 167 
1440 1438 503 1790 1675 120 1970 215 632 827 997 1643 1270 1922 353 
618 350 347 753 1954 1464 1542 438 165 945 409 80 986 
1788 414 519 597 1670 1057 203 1443 555 851 435 40 
423 1442 1439 81 1680 19 450 329 1273 516 1787 1115 586 
1089 1087 1081 107 926 927 912 913 1411 943 127 442 1651 1014 1396 1409 1585 470 118 
816 1441 385 736 1221 887 888 873 874 884 865 826 1453 517 1850 1507 1170 616 547 1700 1739 
1323 1321 1728 1432 1433 327 328 338 377 1177 1180 130 1521 568 39 126 1064 1622 
1830 1281 726 1244 1434 1836 1537 681 369 371 16 833 1140 721 214 1571 752 
231 501 1155 402 1634 622 1929 1196 124 488 286 863 226 422 1280 1688 1415 
660 658 1116 1400 1556 1056 1305 1071 1073 137 364 1777 344 103 45 1076 
192 583 775 769 1946 1290 1734 1801 790 1109 559 656 1825 399 1493 1835 
582 735 857 1829 1524 1500 1781 280 592 1226 28 1267 295 97 859 647 
1047 462 623 620 1875 432 15 408 410 1729 872 1847 838 1513 1488 1444 
426 72 67 68 69 54 55 564 923 904 949 1872 1365 148 53 938 1856 
1596 73 1754 1595 861 447 553 1609 95 485 716 1028 594 686 274 1193 
1401 1399 1393 1166 1751 549 96 65 1424 680 727 1608 265 1838 1376 1484 
504 570 386 1205 1758 993 1385 254 398 78 334 1184 1176 1289 
972 153 151 145 146 147 132 133 143 1931 437 1105 156 178 1624 382 937 296 
1008 1506 1985 1673 783 1851 1383 1307 1304 407 181 131 1813 1175 1020 743 
1635 1437 935 932 1446 1943 1617 1502 1814 1616 1084 1231 175 239 1761 786 
1128 267 467 191 1212 1915 1422 878 1499 1490 1630 1855 1487 1098 196 
1866 1857 740 581 1322 1719 876 611 1151 18 1877 638 1950 760 396 976 
1554 1467 1130 815 269 1407 291 293 1646 914 1095 1982 248 362 1743 
621 619 613 614 9 1968 1890 1892 46 719 1933 376 585 234 1232 1310 
270 268 262 542 276 330 21 173 481 524 1916 578 412 1917 1288 
1086 687 1793 33 1368 1837 1149 1736 1889 1144 1053 941 1930 599 635 1449 
228 774 701 698 159 174 1695 566 563 637 910 539 1709 10 1800 548 
813 1311 662 737 978 1486 1110 1619 281 56 1301 919 785 1253 1913 1952 
1245 1243 1237 1978 1979 1239 108 11 1068 1225 640 1001 1586 670 709 397 1775 361 1807 1811 1292 646 1735 1397 590 1959 877 1314 1601 842 1934 
1947 1945 1984 847 1901 1668 1005 1926 990 1927 639 1937 1147 1235 1021 416 475 722 1346 988 836 1677 1769 746 1686 617 685 1509 903 1367 725 1366 
855 853 285 1939 1940 1238 1941 497 1302 1380 1575 221 1918 494 1645 1024 1102 917 1222 91 571 794 139 259 1574 431 123 1133 518 1883 
1986 258 1672 1666 1549 1705 1473 1746 1614 381 1770 1107 1108 689 1773 1921 439 1882 1187 515 867 1287 312 643 526 1582 610 1179 1055 626 1505 1817 
1242 1906 1900 808 1550 730 1317 1224 1731 1419 211 562 1576 250 1703 982 1372 829 634 793 992 247 1413 1240 724 1864 841 668 807 1778 1718 1796 1649 
1908 852 1750 1043 1744 536 1706 1589 420 1122 991 1069 601 962 868 241 985 762 1295 320 624 1826 1652 1865 1833 1351 588 1860 66 1353 495 
1050 543 1555 340 1667 496 809 458 186 1965 1849 483 1508 406 1489 1879 358 1219 244 832 602 443 1925 1162 1540 1468 1312 1357 860 1405 1610 1766 1644 
1479 1477 814 691 848 1277 810 459 1590 732 12 445 1859 484 1274 650 728 1843 748 1924 1417 1183 512 1819 763 58 906 383 70 557 1171 222 206 
1674 309 1828 502 1862 692 1980 1083 1887 1303 796 1469 1188 1216 1567 1531 641 715 710 983 1964 955 682 1426 695 1891 513 742 534 1328 
348 346 1048 1042 424 184 418 1082 1902 1653 678 1654 1692 1664 299 1079 1099 1684 1804 1570 1928 749 1058 811 1721 343 278 1358 1329 1961 1782 391 830 
0 657 3 535 1783 1160 849 1200 264 1146 289 952 182 1391 1528 1060 1229 673 556 676 593 1378 936 1808 989 773 493 71 1874 101 552 119 
1557 1 112 652 341 419 8 1278 1458 1263 1459 1186 1771 533 1294 683 605 1456 1495 1685 598 1604 473 1387 161 200 243 672 1332 1805 885 1600 
1011 540 1789 1510 379 653 1512 1551 1785 171 951 249 1341 806 1157 436 915 283 712 169 1815 1465 967 1730 604 1309 1153 1202 994 820 413 1406 1337 
1752 1791 697 1711 931 5 1199 537 771 1030 1888 17 572 642 1138 1268 322 1070 751 1724 1553 188 1195 390 354 42 1002 908 352 1679 
1869 229 1009 190 106 224 575 770 1848 834 1498 679 1420 455 1227 1352 631 1258 1141 1963 1300 368 980 546 109 1560 707 922 1504 1445 491 899 1683 
699 1476 1125 1165 1198 574 1745 380 654 522 756 172 104 1957 319 1492 478 1687 1261 325 1334 1347 1599 337 577 1852 1799 1345 664 1661 313 474 
114 1867 307 1003 301 1004 1823 1029 731 795 1185 1381 1693 1898 1723 260 29 88 1336 403 520 788 1881 220 282 1716 331 1117 1390 4 1132 1094 236 
1905 1516 541 1282 1360 1511 185 1784 1161 93 1615 1313 845 25 85 514 1063 1846 1568 359 482 421 1156 83 1319 360 1201 157 275 1427 669 
1944 1167 1710 1594 886 1394 1629 1395 1355 288 1356 523 757 1430 767 1762 1333 946 1265 208 1903 287 1106 298 766 1101 1340 1189 791 1349 1821 1522 
1713 1749 580 1472 1159 1316 965 263 966 615 1809 717 1040 1840 1342 202 1190 166 1765 1772 1066 1763 1374 326 1569 1078 897 1972 1331 1454 608 1466 401 
6 1284 970 1861 1822 1044 1863 1121 1497 1536 1966 835 1742 1625 720 603 1726 205 1027 671 170 1223 750 110 1404 122 1306 1523 764 625 79 
1671 387 1633 223 1120 302 342 576 1824 444 94 366 1264 1547 1266 787 1960 1648 1375 1733 1178 187 1092 317 404 805 1279 44 357 1844 782 1327 
345 1515 1126 1315 1628 1588 1354 303 1707 498 405 600 1810 367 1118 1450 163 644 1297 871 1612 1534 1457 1897 204 256 1214 1780 1657 1249 140 924 821 
1518 696 973 1471 1627 964 1276 925 225 693 210 561 1732 1976 718 1820 1255 1606 1414 400 1880 434 1217 1482 1033 237 1708 1682 1981 456 1025 1678 981 257 