144
1908 1869 15243 231 12241 6820 11572 3149 7985 5367 7986 6459 17814 16404 14070 5982 5525 13598 8988 13551 13891 14125 1502 15113 15259 12295 16780 10816 9395 7505 16982 10462 2461 13936 4099 2708 17177 7601 485 13529 17699 16470 10149 9126 17481 11127 8514 12310 15526 6603 7380 6704 8605 9197 3502 10828 6688 8798 374 15710 5175 8942 7104 
7641 8031 11970 16452 4396 5221 3616 12664 14343 15747 133 5996 4617 873 6646 10897 2795 572 6929 17674 10888 13813 2904 5002 7742 1570 13298 5516 1174 9130 13426 121 11618 4467 10448 12172 7133 2435 9005 6911 1192 9923 4389 15249 1646 16298 14512 8009 15059 1097 6440 16713 8507 1769 5914 14912 6199 14054 15848 11666 13380 5237 140 14106 5214 2870 
12438 1671 5691 12516 16221 9160 8653 6112 8726 9895 4748 8883 11568 6450 12729 2122 13627 8996 2327 13910 5517 16320 8715 7391 15386 15 2399 13904 7976 17755 17921 995 12139 311 5832 1932 4103 12016 11128 16124 10421 16072 10660 7938 5343 12337 15426 15530 1067 11636 11129 16977 4722 4059 9560 1777 7939 17543 6555 14623 2840 13386 15463 11939 3249 17119 10765 16485 9488 4352 
14271 1518 1242 5337 7594 3382 2719 12274 15122 7005 3930 6264 6699 5094 4047 93 12379 15772 13637 17011 15041 14097 14066 17783 14682 11231 800 868 12256 14294 14429 14741 8902 1070 8662 2438 13117 17900 15296 14153 11401 12476 3974 16050 17426 16345 7936 3607 17509 17883 7059 12265 14127 14976 6583 2886 6947 16126 10815 7987 8007 5206 7900 8310 12784 9853 4590 977 5198 1327 14821 
7131 16999 4401 4053 2017 11884 3773 4475 35 4319 5099 8682 6810 5787 17214 12730 5398 11248 12974 670 7311 4999 9016 1307 2885 6533 3208 14401 13064 9412 5743 8813 1247 16466 8515 10955 16861 11600 15089 17558 4215 7844 10435 15965 4361 16600 2440 17477 9062 14123 16736 11381 220 10734 13728 6421 12268 16100 7125 12486 11077 2741 7178 16403 
699 15480 10293 11580 9394 13450 2290 6001 17890 10086 4983 4515 12315 405 14290 10780 2678 16601 10342 202 10743 14975 15971 13007 233 8629 3686 14567 10027 5230 14876 11548 11093 3860 17437 2860 15908 12146 4892 2466 7853 5502 11920 2911 1504 2206 11583 9849 11909 1140 2964 1838 17842 15483 324 2713 17971 15639 443 13038 17094 17967 10922 14180 8018 14159 
14856 7360 13488 8028 5026 7287 12469 13484 11807 13562 9156 17418 2364 5359 375 16318 16396 10634 17947 3497 4258 12584 7506 17911 12331 6278 10977 11153 9721 4807 7860 2938 15769 11795 11930 16588 3059 9299 5924 3623 3908 12532 10200 10222 6808 14010 8867 14132 6382 4290 10764 4811 17875 10177 16692 9040 12221 1572 2518 1006 6828 11692 13058 12375 2753 15553 1353 12408 12035 15377 
11190 10800 502 11338 12280 3426 2798 14420 2330 14571 9423 10950 5163 15928 8323 15899 15548 9484 15451 3333 11796 722 371 15560 2690 15025 9225 3254 16908 14373 7353 16891 6643 16198 17476 7336 16943 16635 823 4234 3549 6674 7427 7652 14696 17659 3081 10172 11839 11653 15642 5170 14683 12753 14618 6655 4331 5384 8231 11701 4820 4001 
14232 6393 9357 3543 16296 12240 4050 5410 264 13245 9306 17691 13290 14640 5281 55 7904 13871 12303 11172 6208 15646 4726 5158 15540 4232 1697 10490 11242 5810 17714 1490 1057 14702 12568 9481 8857 5573 17021 99 11019 1173 9080 16934 1162 13178 12239 8155 4321 14204 7247 2616 17135 2216 8307 5614 14430 2703 292 2918 15338 11975 8230 11706 15533 17434 
5340 5886 17305 7438 4168 1939 13600 2057 12742 6893 5607 1614 9297 9961 9921 2093 1030 7748 12311 7066 592 15425 4066 12958 13668 12245 10813 15542 17315 10877 152 10742 3913 14282 11474 13810 11717 3397 12827 4834 3670 10309 14053 3042 16277 6786 5621 14764 12216 1496 9586 15027 4624 16984 12380 6284 7140 12762 13720 11926 5253 548 11945 16382 14613 
2376 4558 11541 3387 12786 3816 17734 6620 17970 16722 10983 6816 12744 2199 10584 14836 12223 1849 8840 8403 1411 1060 11562 14918 14245 15337 16078 12851 5197 5312 566 12263 6565 13468 706 5204 86 14048 2114 9083 1090 15904 10980 11822 5569 2879 15982 12774 13580 17464 3981 13330 14091 5596 5697 15130 4377 1280 97 3259 8677 12078 5773 12131 1722 15299 
4362 3115 14581 14268 2569 4830 2403 17618 14927 12075 4110 7893 10741 2444 4199 10782 14593 12955 11629 9185 15493 1882 5654 3197 15404 15773 7228 1698 6431 4428 4216 15062 8125 12250 6977 1244 16752 2336 11197 3159 16906 10416 14873 12844 10422 15258 10739 1708 1847 13336 5460 14533 17243 17816 883 3474 12363 12881 14218 14609 8699 2289 5939 7143 
15360 14776 13995 16297 4752 2998 17661 13561 9975 6192 12743 4158 16200 10039 6139 12145 8333 12116 3010 7740 17833 6250 1453 4037 14624 15755 935 1694 10582 6200 17675 13192 9676 11175 15245 5325 11157 9993 7135 11290 448 13838 2354 7839 14277 3190 9516 4334 2382 9499 6672 9898 12572 8975 6298 15133 6226 8270 1795 11879 4374 
1440 17547 17427 9778 16843 10051 11607 12387 732 16872 4281 4032 1196 9347 9698 135 10537 2319 16816 525 9526 1658 11281 4544 14362 11136 2968 13046 11501 1915 2383 16766 12632 3406 3007 7657 6105 1741 16419 2856 16939 9441 7527 2189 14745 2696 4850 10240 13632 12675 15352 7669 8728 11459 5079 12414 17834 9860 6631 6876 4174 7962 7086 
2841 10017 4440 5260 2797 10637 17267 9896 5562 2175 7947 2325 1927 757 8479 1469 8372 6297 17908 11824 17518 6718 6757 5303 7508 4768 6881 8852 1024 15725 7462 2660 7106 8467 3453 13667 9754 15699 3045 15076 12946 5547 17321 7184 15063 11191 15132 14728 3737 16753 5014 17620 15135 4256 17104 12525 15055 3494 3381 3455 612 
14388 12555 13530 4246 9003 3 2134 2720 12665 13017 1472 6894 1005 13913 10038 3526 10858 4813 17264 8013 4453 3712 17607 4661 12929 15794 16712 7994 10979 12671 11743 7328 2032 16610 91 7609 15613 2539 11275 3074 4828 2967 15444 17047 13394 15281 784 4741 15671 2986 14257 4524 17796 2098 13009 402 17392 3950 9231 15836 6709 17785 6614 
267 14541 5611 1315 7867 1238 7522 2213 8531 4470 8526 17721 8595 4266 1742 15392 9230 681 16047 954 12487 5595 8005 10930 5389 5597 5789 14195 6899 6608 17632 2743 3475 17766 7219 4502 10937 9013 17641 17008 5105 7741 11342 2281 8233 15091 16970 8622 6311 4951 9209 12634 2014 11386 3697 9248 14506 13708 3087 10931 1995 8001 11936 
504 4245 1050 16642 15277 2959 2758 10988 9155 7401 4383 999 414 17652 17643 6890 15002 5907 12506 11707 4024 17373 17336 6260 8668 6611 7799 12617 13004 4559 11791 17095 7094 2821 15869 14399 8810 17897 15738 6183 3191 13195 2166 14149 4088 12923 4212 11279 9079 3373 16139 5453 987 2586 12746 1435 10055 11280 7065 118 10688 12858 1080 17499 
1203 9823 6663 2295 12669 13172 8102 16915 2013 16131 15429 16833 795 5642 7504 2269 915 7584 2542 7888 14234 9497 12440 896 12217 6767 16652 16436 8168 6626 7453 4732 2258 17246 320 4217 12835 7870 7107 4360 10856 4231 9399 7218 10094 15302 11185 12661 2028 12600 934 5920 12366 13623 14059 3303 5973 12135 713 12052 
15441 11892 13413 8184 930 8691 14887 9505 16253 5913 1224 15819 15576 7543 7816 7779 3556 1820 1500 15529 13824 1840 9263 9019 15716 15067 13670 12323 9485 361 7466 10543 3350 6439 10994 16228 8359 10187 6818 2878 6823 13084 948 433 16480 15990 12948 10152 2313 12533 12673 12005 13155 15151 440 13032 16187 14085 587 17421 
11928 5457 9162 11811 14892 2334 3505 9462 7791 14493 7698 5757 10272 9493 601 14719 15802 7222 5233 5467 1957 1266 3509 5441 1130 17209 15659 17003 116 3779 15608 3566 6560 10604 3250 5464 6534 16490 2384 2950 4249 1943 15847 9489 1813 2153 11347 5469 10491 12297 5326 8651 13447 10466 8854 3199 11078 16303 15523 9504 
15597 6742 7210 14575 11104 1476 7400 10871 8141 8643 9609 10788 13908 13899 11102 9133 5545 10829 1344 17414 14333 6494 605 12685 2006 6794 12557 17666 8944 7665 12887 8381 9026 1802 5612 13390 4325 11518 9998 2159 15430 15293 8321 1686 2010 16987 4426 17745 3017 13630 16339 6964 14045 16633 15437 15467 479 1211 10804 240 
15012 11424 8887 4674 9744 5761 6503 14337 6074 11598 10949 8532 13953 8493 8478 2132 5057 14788 4901 1305 16593 6910 2709 11582 3637 12071 7097 946 10958 14014 6729 5754 16826 3874 17142 9356 394 1607 16510 3336 5426 11186 4031 16968 12212 15380 8689 17082 2723 11163 7064 5859 2689 16714 17803 11683 869 6831 2172 12520 3026 13144 
4482 16104 5455 15049 11461 13367 10364 9506 16053 9000 14031 11841 12339 12496 10205 17693 14183 13540 17256 8980 16504 6473 16964 13423 13814 2270 11096 1013 7654 2548 14996 13766 14685 13100 13022 7258 723 16033 13763 15842 16467 17681 17408 13034 17484 16004 12299 15622 870 2869 14717 7603 5209 7653 11714 5092 14761 3238 15715 10610 12764 4769 11429 
5652 14347 15244 15945 7092 6939 16960 5215 4825 12782 1629 2292 765 14952 11262 10351 10585 5954 13793 4464 15704 13852 10618 5537 9718 4601 2233 10511 7916 2729 8551 15574 8861 1854 13424 2751 11825 1907 8974 9966 16427 2149 6058 16405 6417 16745 10427 8071 6392 4312 16243 5323 2671 15369 10074 16740 9385 2042 4600 9041 3958 17642 14584 6154 17572 3863 4625 16459 17630 15211 12464 15172 16481 15996 
11736 4755 10527 17428 4012 14893 5220 5 2953 15199 1902 17345 9546 2136 12159 13284 11170 7894 796 11640 13317 12030 15178 8481 8626 8444 5870 5051 14000 1375 16946 5207 13229 1347 4922 14050 10824 3921 11877 7570 10526 8424 277 9910 3646 8697 14985 7141 4332 9514 2978 17133 10145 5582 10523 9977 15583 8232 14461 9012 7510 2089 12629 9792 4644 16091 3572 3122 4535 6926 16186 13690 15744 16052 
5847 13756 14583 12943 14661 13093 2724 14932 12001 15901 5060 11184 1545 10560 17886 15552 16435 10546 15119 2893 10069 14924 6676 16582 4105 9731 16624 7703 8083 527 17609 14213 2119 10348 4918 6209 3202 1295 16003 2188 8016 6378 5395 14911 13281 7562 16768 15013 17631 8112 2884 17672 17698 3245 4127 12238 14361 9447 15397 2362 8271 2655 14664 10913 8709 17380 5618 976 2580 9839 6618 899 17889 6129 16815 
5145 11814 8808 15400 13647 2218 657 1861 6036 10520 2793 17457 15591 9384 6567 10156 2405 6539 5720 8216 2865 15384 57 878 11837 9409 6172 8540 283 3995 5927 14489 17844 9178 1421 10292 11002 12359 17390 2422 776 6041 5531 4221 4056 187 2333 14988 3875 2416 13331 5726 15497 1407 16812 15339 4861 9928 4783 15742 2315 14513 388 2636 1522 664 9674 5873 8123 13495 6241 8958 
2412 13335 535 2374 8263 6157 13644 15121 6113 1233 16638 17925 7620 12978 7269 10116 288 8206 9893 1430 7233 9690 3528 1481 7495 6052 11954 14206 8210 13189 8164 12930 5707 957 15188 7193 10967 9771 15674 14356 10317 8545 9914 7876 8722 2379 17835 10037 3873 5628 1845 6798 9509 15320 8280 16834 415 5563 11992 6233 7954 14842 4029 12845 13506 6969 17435 4798 4976 4257 2853 8435 17045 
9201 10215 13098 7795 5182 9310 6308 16954 2759 6815 17955 927 14220 16668 5484 4345 11247 8723 15431 12498 1294 12576 12810 13309 16944 6884 16819 13805 11291 14713 11327 12653 9902 8788 9217 17827 1373 2977 1538 364 17181 6053 11608 9048 4946 12012 661 3802 9548 13455 10600 13611 4412 5123 13104 12026 5472 15388 16107 17511 17959 9847 10981 1631 2186 16313 17902 13617 13340 3443 586 5735 14765 
10176 4363 17310 9661 8965 3621 17422 9349 17695 5957 7206 3174 11646 5100 327 9142 11716 13276 5983 17186 10946 17342 14916 8754 11426 17178 4778 11681 17560 16517 14060 2768 13709 15440 4727 2400 1127 6443 7925 74 15370 6374 4424 14165 11591 10666 15107 5543 9594 1842 5647 1223 13012 9567 14217 16497 8748 3040 17230 17347 6784 2583 1852 6057 15141 7142 7260 11220 3083 8240 9059 11454 1544 1571 17084 
10332 4089 14697 5962 5223 2530 3850 1477 10129 16716 11178 5835 2253 4384 11949 3370 12925 9220 6851 2670 3138 14955 14242 6065 10033 15376 1268 10568 4679 3101 3055 676 3722 12649 12766 2024 11435 2266 3518 2907 15153 10183 10349 1085 5848 16997 529 4132 9984 16734 4210 15124 16979 10834 16341 11010 7766 8273 1792 14676 11001 3792 14469 16017 6446 12443 1778 17824 12759 3165 7923 4486 
3078 16260 15831 735 13410 15633 11026 8804 4007 17496 6270 9189 14883 15903 17097 15771 8401 9922 8528 11328 15033 8821 14008 6648 5168 5470 13826 7498 5629 4715 3917 9962 16973 12164 11990 4459 6140 1807 12566 5975 11955 4259 17359 14990 6600 507 4304 9021 4299 14274 7371 5577 11790 15570 3808 5128 13921 17798 10411 9268 13416 16940 14179 5120 4565 16420 2406 2229 3395 596 4469 13262 
14544 2181 17505 15985 14934 6970 7087 16213 1784 9078 13836 12660 15201 4656 14064 6178 14602 14368 11804 3127 5790 631 4230 603 486 9760 13493 4027 2552 12284 16028 4055 15688 6716 10664 6595 16865 8792 7306 6764 316 12181 9590 13841 9424 16763 1318 5348 3181 1870 15157 8243 15573 16731 7220 11654 1338 477 7780 4288 14391 9119 2817 13343 11269 14886 10124 14432 2185 1782 12503 5003 10882 
13725 14427 16611 15009 3933 17739 15667 16603 16019 1941 4279 9540 5358 3267 8415 297 2278 3107 16406 5993 3255 15626 6016 6874 2945 15607 12997 2243 16244 5503 15050 1919 12696 14434 15071 9576 1598 14543 6361 2981 1768 8303 17000 684 17832 1709 15781 11466 6444 17854 15047 2635 4460 326 3090 11887 2099 6769 8904 10851 5825 10250 8768 13107 9285 2445 4569 842 17278 4730 12152 13964 12603 15680 
3585 9471 13371 10329 3972 5917 730 6151 16408 1471 1823 2058 8688 11139 7074 11209 951 15499 16562 15306 12701 10353 553 15462 8278 1715 10217 11018 8093 16067 16897 13940 2071 6214 1144 12437 5425 10001 11288 6261 3128 12189 14590 13039 13201 8388 1513 5986 8953 5648 13552 2391 2432 4733 11849 7403 12541 14712 17328 9275 1872 4633 15648 11508 14160 12209 15611 8825 8490 14587 13066 8057 201 
9666 190 12903 15984 7326 11578 13566 10488 13835 13874 5724 13912 17067 14069 15780 3097 211 2288 9094 3996 13520 14721 5662 2846 7974 10901 3548 12734 15989 8200 11398 17546 14087 15730 4190 294 12415 12878 992 10694 138 2088 5541 1084 15479 3241 7130 9218 1326 2170 10627 10776 15917 16029 5258 5465 8750 8154 13655 11659 17523 11719 3415 13182 2133 2562 16715 8295 13833 3121 9244 12482 13768 
3192 14037 10878 6234 5181 2257 3344 3733 3617 11217 575 15981 5178 9696 8166 11326 7036 9815 10468 330 13696 17334 12186 7420 17635 16262 5324 8437 17519 8033 17398 11522 3545 14061 4060 3124 8094 11409 15569 8459 1201 5511 7486 14703 14111 12870 15905 5452 312 4107 11402 10505 9976 15910 17238 2632 365 11753 8251 5703 16305 16536 12205 16425 17746 12659 469 15411 16655 10475 17005 4235 
8889 7561 6859 7171 12708 17623 17700 223 4938 1200 10598 9579 2994 11091 17604 5125 8245 767 17878 806 6336 11005 17596 280 16457 12136 14011 10394 358 12362 15348 12398 1763 4736 3726 7640 10070 6080 1568 16 17663 12962 13923 9525 2664 4015 8533 15561 1682 889 5173 7956 3953 2294 9213 9691 3909 9915 9096 8446 551 16346 3632 16508 1644 11415 9517 17049 16304 6008 12365 13534 
1401 3117 4677 5649 16023 5106 3817 10680 8497 457 8765 10948 107 16916 11261 4314 7518 5007 14212 3575 17284 299 16465 13930 1422 13660 16390 6367 4622 12713 2066 7604 12178 7969 5392 17922 4676 6365 1985 14270 13373 1751 7679 8030 17689 13429 12770 15754 1145 10154 9204 8619 1409 4348 14439 12051 10165 12472 14669 2560 532 17628 14423 4049 12595 14194 7671 5349 12959 10943 2441 15884 7187 9933 11411 
9240 15402 8928 15478 8419 9583 8686 3695 7440 7869 12465 6576 5880 13641 11482 3136 13939 2054 15275 14214 9417 2241 8873 4339 9614 12812 17092 15968 17159 5495 914 4935 6665 13919 11249 3740 13897 14564 13905 10551 8293 16472 14699 14742 11322 8073 10015 5187 16823 16646 6954 9959 26 3132 6756 14296 7502 13274 8254 12901 11712 6727 17876 14558 15719 7645 6597 11195 8464 1288 14470 12932 
6627 5377 17584 15207 16257 8614 13795 4708 10325 4631 7395 2676 17268 9039 5943 11754 1937 10312 11141 3809 7573 16153 1180 15852 12596 5714 16496 11387 16010 5987 3764 9529 7921 17415 14989 13164 14465 1495 1556 15145 1967 1889 1182 2494 17725 9168 14644 1234 15466 6805 9967 7103 10705 8397 16807 505 16662 10035 7285 8973 2164 3797 11836 13408 9656 10128 1271 16953 14588 2012 7256 17105 
9825 16570 14739 5496 5767 14191 8608 613 12002 3812 8799 6693 17229 13947 3501 12105 17176 9308 2249 13657 9035 7350 13980 4534 3431 6679 6785 10417 790 11437 9134 10434 8356 8714 3247 6587 10586 2375 9329 9455 13927 5066 4243 10021 10374 11076 2976 3864 7073 17494 6745 11166 1340 16762 7003 2031 2418 1368 6800 15215 11644 7179 4159 11235 4525 5366 8742 10697 9635 36 17093 9639 
17781 11383 14542 8655 10564 11889 13215 10792 15083 10909 5294 6849 9063 1584 4227 7972 7270 4501 4433 17927 6286 15061 642 6180 12693 7966 7859 11894 14897 9515 3803 10161 5633 14369 16592 5403 5807 14707 12384 8849 13125 6946 10465 1451 15231 4010 4070 14979 14779 6252 9157 4945 10874 9906 4965 13077 14247 12563 15378 13848 17548 8427 1964 4465 998 16113 11984 7047 5666 2679 6107 6515 11355 
9978 6312 14775 13722 10563 12391 307 8335 10486 8258 16176 6660 342 4860 10911 3876 8050 15889 6149 17713 6102 7768 16983 12732 14710 4250 8267 1258 3569 12100 15142 10214 16315 3488 524 7843 9732 6938 12749 173 16037 3713 3164 8003 11803 8516 14118 4666 17130 5229 14959 11787 126 11881 16623 2650 4302 10789 14481 5180 2596 9202 6496 15787 3352 9518 10553 14353 10752 9383 6263 16563 2848 4313 
777 348 16063 14112 2725 6229 14459 12982 6931 7668 7707 7473 7752 14094 7114 5827 6334 1664 1274 12857 4971 8832 3294 2701 15064 13033 5849 14684 10451 15521 5286 16805 11626 7548 16696 641 7913 3679 12185 6647 4142 2595 15756 14444 11682 1487 15008 5346 975 2677 11800 8082 11856 8624 9436 12811 12862 2421 565 7123 11420 12338 13269 12447 5682 12599 11277 8508 10206 1509 7026 9270 
6978 4638 17467 7209 3622 13327 13834 652 10403 8298 8877 9507 4743 3891 10701 1965 12418 3068 6695 8138 3419 4492 5088 3169 12539 9536 3949 2378 16571 4342 439 12224 4073 2240 7774 17056 3557 2127 6014 13363 862 6197 9927 15647 17667 8043 17309 2827 4917 2070 6610 15222 12210 15566 3714 11108 2666 3822 11865 15232 2749 6376 4522 12702 11389 79 3667 1445 12442 16130 11506 1922 
2451 1713 816 3154 17545 16219 5683 8842 16365 10754 3105 17657 9935 11691 7621 13938 4306 14807 11999 8364 8442 3985 10673 2514 9331 8756 1637 15599 3119 1843 3403 7682 6604 14833 11366 15812 12449 17429 1035 3800 8835 16700 15994 4376 5784 5830 14140 8390 13203 17126 15219 5864 13006 10399 2457 7883 16614 5658 9246 968 14706 6418 11263 13965 10619 12287 16797 7281 11099 13037 15138 10592 17694 
14817 13140 8343 12477 5338 11110 14536 4911 11304 7521 7205 1239 5801 6114 498 6387 2823 15897 11130 13354 14134 10467 289 15850 8871 16738 10849 4659 3263 1463 5431 1648 11348 17120 11318 11504 3704 17822 6470 758 4844 8090 6803 10894 7189 17125 2829 3527 7367 12281 16103 5746 3168 11602 8020 17670 7800 14116 2060 1592 5335 15748 627 4967 13555 1345 7519 6162 3485 17465 14547 17247 3398 3251 17068 3747 8368 7208 15544 7433 16935 4629 15563 7177 11294 3706 10358 12481 1561 11234 7021 
9474 1672 8302 2647 9198 6507 3304 1984 2958 14576 11767 1116 8375 7980 13251 7323 7824 16092 16122 6138 6880 3486 17683 5350 10431 8977 2561 1539 16855 6104 15209 11816 15649 17404 12968 506 17648 5186 12133 1690 12852 1885 14954 11830 11405 1517 16479 1846 4966 8913 5027 4147 14859 3196 1916 4928 14756 9138 12717 877 14364 10569 16373 17860 7809 6410 10730 4984 15310 7591 13887 10945 14890 8914 7410 304 2515 3235 10959 11427 5617 10791 4106 2624 1314 17044 11060 5132 274 5305 206 13651 
2883 15285 5143 12789 17583 9588 15711 7405 8848 7951 10714 16760 6309 16020 12900 16293 13952 4904 3222 17799 9375 13626 5242 5203 1001 10127 2035 8431 11367 11203 10498 1112 15833 3400 15727 293 4183 10178 6650 7877 11912 17489 13387 10148 6175 9888 8159 5542 2617 5863 17376 7418 9836 13507 4052 11669 5737 10028 15300 11938 7112 11193 14455 7461 10698 17626 3535 8173 10528 8541 6148 10796 3619 10912 6433 2104 468 4390 4260 14552 4148 11464 807 6497 15506 6402 13466 7043 10029 947 17863 1171 8997 3143 
8304 5613 2100 2646 2532 15594 17306 2529 6429 8496 7282 6464 4709 16799 180 4548 4164 7908 8136 609 11286 3565 2512 7007 15821 11297 12721 13618 6832 6754 12305 14752 5782 9604 1346 14840 9224 11543 14351 13147 6205 9524 2339 11245 9758 11483 8831 10651 14438 9407 12839 8311 281 9151 3870 2900 2852 11916 4478 3992 14221 4226 4595 14279 15720 16160 9547 1714 15336 11859 8865 2611 9177 1290 11527 9014 13123 9034 10920 11553 15768 4166 5058 6397 5861 3260 417 300 4842 2888 11545 14743 1626 13734 
1089 15675 9081 14970 13683 12513 16057 229 15868 9901 5450 8648 8727 6225 4626 7479 2706 69 4899 8487 11442 5008 12535 13510 6871 12604 16671 6949 6141 16663 16673 6221 13571 9214 8639 4300 2183 3046 2426 12086 2080 10306 12328 4662 13234 9685 12150 9108 3635 13593 9368 17468 16458 13268 5365 5833 15224 15424 9764 11101 12761 633 16529 17826 5157 1560 15364 3708 14305 12879 14695 3581 16729 17174 1023 7169 5992 12122 12368 11664 6380 11662 1844 10141 10809 6207 10541 10298 2780 13127 13661 
12399 9628 12436 697 14229 7989 17578 891 2915 4124 379 3540 1311 3690 11456 10209 576 9180 17488 11832 16824 16084 4550 4511 11765 7417 10732 6258 3478 17206 3052 14255 15454 2750 15298 7409 875 8393 13736 5941 9563 11015 16813 7375 6317 3553 14022 13866 7726 667 4819 4532 6730 14981 6942 521 11118 5794 10377 5538 15885 1163 15359 8521 4351 8755 10757 13347 7120 6327 646 3513 11029 9374 4309 3766 8555 10184 11244 15527 10518 8114 17265 11528 8235 284 9362 3004 10492 16664 13378 
6198 268 4597 6081 8029 14458 13990 6658 6542 5138 12196 2954 8843 17292 8766 12621 10077 13314 3057 2511 4188 4890 5749 7709 13130 5673 1099 12994 1879 11192 943 11213 6572 9924 17326 4406 14750 6353 1191 6055 17220 13504 14984 515 8086 4311 17749 2244 9212 8147 11782 5183 15093 9060 10578 5560 8505 13324 2299 6314 14352 5190 7803 16645 11631 5586 9009 232 351 863 6082 3600 1786 1735 61 1624 16701 9670 11898 6895 12949 16235 1197 5471 9851 17733 14285 8213 3209 16703 15455 
10020 7132 7758 1165 15010 7555 13452 15004 13645 7399 10753 3183 10632 887 14304 336 16605 4695 11559 15303 6568 12028 923 12184 650 12545 6414 17654 6921 14409 15893 11320 4425 13348 16702 10423 4388 3743 9451 5009 14092 7297 3332 2786 12254 14139 9239 6548 14894 5477 4766 5521 4520 1963 17399 5619 8332 3315 9480 15325 2215 3118 15403 12316 8594 4572 8683 17901 5024 17143 10756 3610 3925 4477 1638 5491 1962 14725 10594 3795 9574 6324 11971 9149 6965 15601 7316 10596 11711 10024 5210 2736 13700 
192 8967 16533 17196 3388 4987 9076 853 5494 1940 10953 11963 1623 14532 11886 16248 13401 17190 4275 1575 10896 9415 11833 13247 2366 14086 4570 6364 12292 6793 9983 8161 10139 9916 389 11788 13163 17402 4814 11314 4610 16376 10304 10941 8900 13061 4303 12211 6634 6322 7509 5536 17753 10572 8105 3095 3898 17676 5589 655 11758 12680 10023 17913 7227 6532 8839 649 3588 8104 5274 16880 1953 9665 5036 14561 8204 5733 6538 15807 12758 11156 4409 9683 17951 3711 41 9361 3589 6090 14938 4876 
1245 1126 8809 11499 5922 9004 8418 8847 10169 6580 7945 1433 6347 16326 522 13713 6426 10131 4305 16512 366 17098 3146 3614 9768 4102 12799 9172 4924 7807 8249 12128 10061 16439 14557 829 11167 4427 4505 10031 4034 17905 12298 12891 7782 9200 12688 7991 10339 10105 3064 11895 15814 10016 989 15346 5006 17828 5903 9241 16706 15717 13572 8934 5591 519 14940 9018 13636 2577 7559 3783 11488 9911 10223 16043 8014 1156 11943 10241 11243 4915 12741 15182 5721 15845 12247 11546 4335 9192 10653 
7563 2064 5808 15399 15321 1081 7054 12007 10134 4909 3929 15550 2643 5489 16215 2247 102 9259 3331 1537 5866 12106 12077 14760 13286 3829 13111 7467 3021 10938 4495 7625 3413 4076 6512 2857 1960 3977 12029 1486 12866 3787 15097 715 17493 17212 19 6799 8476 4797 9797 5803 15691 15876 10445 1494 5078 5443 9920 11852 15564 8126 2861 10934 4566 7268 2209 14040 12590 5192 13906 2228 4789 11781 13993 7929 11430 12405 15531 7304 12091 10284 37 14574 17161 4296 5136 14002 7706 15627 
11502 14815 5067 11733 1 15166 11728 8062 6936 15628 15784 692 4353 10480 14445 9351 11685 12861 15186 4696 2044 15265 4667 4347 3653 5751 4609 8002 14791 11239 16546 5012 6161 12646 49 15581 14997 7847 5785 2478 4606 4030 3592 9629 10387 1408 15028 8679 12458 16969 2765 9095 9413 11324 11062 6717 13001 2996 11815 1153 11218 11848 14634 6778 13724 9677 8121 9569 2808 15739 4995 13068 15193 27 2003 8026 9821 7325 16032 3814 11917 13595 5171 15446 16430 1548 7109 13418 16503 3750 1704 10337 13872 
3312 16140 1830 16647 10605 1593 4287 5449 8764 847 9468 6698 7907 12977 10437 7044 12456 4422 639 11403 12573 8830 689 13590 12877 12370 5361 6325 3634 16710 3140 12147 8239 9175 5551 2155 1074 10820 4294 4805 12293 10703 10378 12922 16193 7250 7886 7016 7180 16294 14884 16461 251 2145 14969 15203 6613 16380 6291 3857 16194 984 12778 3703 5160 9652 5731 1231 15970 17650 10289 2674 1262 10778 9709 13174 17062 12021 13040 13265 11511 924 4175 12429 17279 7182 9634 2585 11702 5561 474 
10644 7015 189 7639 11923 15517 8452 6703 9511 9427 11495 2916 7751 10014 10359 16794 7746 13446 13704 5865 5475 16367 12740 6383 16426 7105 15880 8169 1801 8015 4765 10810 11359 2935 8863 15152 974 4640 11603 6955 12913 6275 6331 17638 489 6413 3102 11084 7211 13628 12874 5152 14482 6472 13937 7970 11444 9070 12294 4972 9904 11888 13129 15341 5653 9124 1209 11978 5141 3457 14006 15052 6747 8633 3129 7162 3396 16087 11732 4685 13035 5271 12351 8855 6228 470 17382 14822 15857 101 821 2324 
7134 13257 14620 1281 8067 15792 8536 11305 9467 4201 13210 17502 1935 15200 4710 12783 9741 453 7464 7855 16981 11677 5915 15538 4277 17724 12194 1032 14604 13415 7040 6445 10228 6328 16933 4271 8987 16284 16106 15262 10136 4523 12731 15660 10058 16128 14958 10144 9512 6409 11604 14477 13697 8554 2462 12020 15653 15661 10591 6596 4444 4577 9538 5304 12772 3554 11176 15371 3262 17447 10786 12460 1819 2794 7949 17445 16606 11581 9073 14483 4907 961 2381 10727 14297 11472 17317 6476 1899 11468 3941 7550 5969 
17001 4443 16882 1986 16453 1711 6819 14659 13873 67 2135 15629 11490 17424 15630 3915 570 14187 561 5164 1498 15460 3848 10439 7924 16387 8938 3470 11746 11164 1325 10852 4133 16301 13124 1871 8441 1765 14443 16778 13823 13151 598 16245 15578 6092 10426 12094 3492 11643 7145 12952 2471 5910 10854 5309 15180 10845 9704 3106 9564 7764 14065 8729 7279 4081 5307 9957 7390 10405 941 13448 2889 5023 10567 10656 17009 2011 2544 7238 8113 17846 6242 8357 17912 1532 14223 3399 7879 8937 
3348 933 8421 8457 7833 8107 10168 14737 1705 3383 4670 5606 16955 16449 11652 5802 13869 12612 17058 3798 17020 15421 11521 5096 9932 4531 5038 13150 3665 16008 10412 8707 1073 8317 15220 11798 12763 6062 13607 7535 3674 16744 6292 14239 7696 5000 8593 3449 2353 13334 12692 16553 5713 15976 624 15274 15271 7454 4751 5404 3151 6238 9430 6743 6951 4126 3937 11085 10255 7656 1468 13318 404 11410 12684 17564 13565 3753 15703 13414 8308 920 1688 16290 9734 6125 4253 1054 105 5500 8919 
9276 2490 7249 3624 114 6664 8770 15558 7204 6937 11533 4944 12976 7590 2525 11 15551 12699 14250 756 13119 3838 3643 8450 16164 1812 1976 9807 8080 7701 6338 15139 7352 5587 8795 1999 1559 98 13437 4328 11080 1330 11860 3219 2453 528 11855 12406 9824 542 14348 14551 4806 15054 4315 6979 2783 516 5040 10076 15476 17516 1465 11686 15105 6974 12065 471 16821 17533 5277 14422 4192 6669 7598 1365 16451 10193 421 13599 1610 14262 7611 15016 16836 2385 12425 6359 14709 14090 6475 
11385 7443 9435 2220 345 11968 1479 13249 7048 3539 16371 5373 1740 3612 15006 4866 10233 10350 11988 5748 9805 4267 8060 1586 17225 6219 11679 4620 4297 13208 985 9692 6902 2594 7030 12344 2516 5624 6959 10863 5360 12107 6066 3211 17702 12679 554 286 13710 9572 9161 7874 15086 12070 1058 331 4255 15795 10808 6293 9170 16366 15973 980 8183 11335 4368 15252 11878 5043 15614 7357 13486 17555 16885 10661 4858 15408 10123 17192 15818 3794 14492 2654 2363 6320 9834 16134 11784 12369 13574 
7836 0 3309 17077 12672 12514 12750 4324 14419 10091 9663 6621 2394 4587 3422 4280 1473 5997 13914 10975 14875 6734 1703 5506 10821 11406 16905 17089 13267 4934 3899 3762 1063 14047 12412 14674 2899 2192 5776 879 9926 9091 10391 16618 2855 17792 10534 2318 14317 16856 95 6466 1948 512 1933 3987 5928 14881 15174 13302 7201 11400 15327 8092 9321 15419 7630 702 12875 10574 9881 156 4767 546 12166 610 850 12394 17458 12871 1454 7203 3282 9405 16719 11021 7997 17795 7749 401 15835 
9318 16492 3741 8148 4675 16609 16720 2335 13294 8374 11573 7516 8921 12353 15975 6381 5295 16911 1809 10779 11950 13120 8411 10283 11913 9963 5311 447 2854 10277 3218 13922 6863 59 12167 4885 14450 8055 11951 4754 9806 4879 14880 472 11674 2431 2500 15011 13256 11622 17164 13338 14161 6283 10032 2850 8417 4104 12283 2476 5004 8209 1774 10530 4393 6973 7831 6272 5245 8482 24 5153 4254 16795 16568 11380 7658 14650 13051 10142 6246 2068 6124 15143 7022 1250 7567 3356 1756 431 10892 
16689 5572 1243 8185 10446 13840 2140 6619 1121 7477 14225 10052 6966 8103 17370 14523 2526 3423 13587 3058 5086 7943 15977 15314 14690 12654 17685 8559 7027 8208 16925 13241 12791 13855 13142 7810 14801 10472 15911 9494 14672 5846 9442 5039 3718 14291 14309 6010 14867 12142 1564 7861 932 11552 5775 7078 8527 2627 10071 16678 12473 2143 13731 15887 11159 2657 7000 9460 7500 14357 8741 10159 14433 12044 11725 9190 8234 16105 13204 13770 17010 15414 7528 4808 10085 11311 10883 9478 6813 7983 5444 9830 
10410 4557 17037 5262 15595 12126 15127 3694 2992 8063 7356 6581 13674 12627 13470 16746 17892 12066 13518 13275 7358 2717 2756 2425 5634 1071 2826 1489 8990 11601 1208 13972 17869 3782 7196 5520 14330 17138 8696 5902 15175 7496 9221 2063 16237 14798 5052 1027 2110 17610 14516 6963 13043 8407 1855 6031 15261 129 15603 1111 1358 39 8650 3602 4065 11870 4483 8039 3157 8299 11976 5667 8182 1799 139 15778 8617 12775 13076 2557 16264 17478 10089 16854 13673 14063 14202 16308 5656 3555 
540 3936 10722 14503 6468 14152 17500 15940 6502 11143 7088 9428 10208 5133 10404 10755 849 17613 17409 14133 8400 8167 17732 10712 13949 14749 5486 3673 7378 11016 13220 10969 7721 9905 12771 10654 13085 16613 17597 10607 9763 12883 1850 203 14209 6027 4225 17524 5200 10573 4364 17173 2790 16540 17706 6889 16649 6232 2716 11826 13480 2237 9282 11374 1287 3892 9099 15651 11739 9725 5257 4120 13893 8890 8833 51 8176 31 9801 9287 11620 11670 1133 12053 4218 7801 8291 17054 1878 13145 2597 5432 13496 
1128 9121 3390 11697 6195 15439 4479 17271 228 8881 8959 9974 5333 497 1317 6386 13680 2901 10443 15273 2589 3291 10428 5085 6841 15343 2551 182 15618 9445 12448 15267 3177 16699 1726 9913 11330 10373 9965 5459 8912 9565 2974 7526 5512 13202 4567 15253 1772 7852 12601 2747 1018 12727 11891 13802 9434 1022 4442 3479 13788 12800 11310 4914 17870 136 13311 8422 17436 16974 14773 7081 10065 343 3561 9626 10620 7770 28 13828 3405 17218 15475 14023 10650 8968 5270 9619 9265 7727 16116 6993 1214 2037 9782 10318 11202 7546 13620 4621 4239 11844 15350 4491 14184 5393 10151 1562 13730 17561 14475 3043 17707 12608 768 8174 4136 
4365 17311 11112 774 16686 15477 13878 2803 17071 496 5918 9739 2409 3462 5139 2252 13445 14850 10749 1731 11481 2004 8244 17722 8791 12769 2600 15587 65 6422 10860 8325 17354 10420 8405 8657 917 13943 467 15532 7651 15464 13688 16195 17836 10940 8471 16354 9607 8952 5620 4298 15340 14828 10565 15596 5594 5087 5858 3436 10733 11448 9158 12987 14566 11480 7981 10942 5960 17962 10795 12531 5201 13740 15912 8846 9307 1987 16112 5557 3379 1309 6981 13492 5908 6635 315 16887 4939 4380 1312 9402 3354 5674 13759 1017 14157 6038 11519 17343 17616 12013 12248 6944 2858 14418 17318 15953 2328 4145 2975 11199 1410 14960 3979 12404 
10371 11929 10096 660 8731 2178 11694 17032 3661 4831 17896 1978 3227 11223 2097 9150 5328 12432 11910 13665 912 15615 8517 14095 14172 10195 8128 15197 6024 962 14370 6999 16114 9253 14671 11086 12089 1021 13961 10043 17765 10111 8306 5126 17039 33 12125 2357 12796 8198 1222 4411 4949 5741 16631 9598 12562 13983 15851 3323 12423 9085 3893 11341 11792 17504 4458 12889 12728 14082 12232 7552 2437 15926 872 6288 14968 7714 9697 3519 4958 6171 4205 17413 3736 14344 8739 3391 936 14559 8131 10962 7903 2372 2001 5747 4171 14636 8252 9050 6536 4023 11974 6887 9869 10631 13521 14627 674 14301 16108 14510 4457 10970 
16338 17974 13842 12942 3778 13060 15516 3109 3738 3226 4358 7750 10954 2329 10832 5919 1979 12314 7517 6069 9234 10125 13782 7035 15459 16279 445 1918 10556 6453 17139 10966 6570 8509 9788 13610 1102 2807 6765 13883 5966 8983 3562 9575 17024 13355 988 4970 5456 854 15964 17585 7236 12215 17255 4771 16596 4779 10916 12371 13008 12683 17845 7312 17486 14974 9216 10750 16355 11246 2067 8034 17308 1248 11998 14508 17637 1574 8661 6240 7068 1299 2833 6667 14891 1864 10230 7341 12104 5073 11020 10227 900 16870 10310 2944 14818 7422 14845 1805 764 16698 13261 2814 13067 8738 15260 7265 6891 7538 16577 13232 2090 4317 11493 16620 
7017 9979 1791 8538 5028 9622 1945 15126 6853 10636 7010 11729 2681 13918 7011 2564 6465 4242 5685 16005 10671 8751 4905 6256 12534 17147 14768 16640 1149 15774 3439 17537 709 4843 1736 2672 14398 16894 9809 2194 6562 12422 13259 11050 13025 7423 5417 13069 14759 6829 17407 4498 11462 4571 5854 3757 8506 14018 793 1230 11708 9863 1075 12571 4802 9925 3990 656 11797 11563 3524 2198 3742 7931 11146 8680 5218 11251 8773 13542 7798 2622 14667 12441 1558 10494 11446 8695 9730 12043 6059 6839 78 12099 11478 9229 5745 785 11937 10415 8369 14514 13326 11780 3186 4803 9878 4993 4760 9812 12234 14315 9071 7845 14067 2367 
12828 1750 5142 1906 2485 3460 12787 8499 970 9510 4630 16525 16682 13288 5529 12816 7167 14328 16707 11301 12348 10506 6295 16902 14563 11063 17030 7085 13735 7183 6091 16621 1383 17014 10470 10121 4817 15035 7693 17102 449 4346 910 3626 7028 14980 8744 7687 6395 8129 9719 12805 2474 5651 17259 3601 17446 6686 15682 1062 1170 1482 11491 17819 16575 64 15398 8511 2556 7110 12307 7564 2769 17933 13809 13246 2 17289 3220 11471 14656 824 11042 6766 11371 12928 12402 17821 8290 672 6343 14500 2820 4724 16412 2739 256 3268 16061 7733 15354 17751 626 3126 14280 4652 10709 362 14480 7650 318 10454 14847 17790 6948 
14973 17856 6313 7717 5923 9549 10212 1900 16959 4786 1355 8453 11299 12118 4086 6776 13557 8649 17736 17346 15156 4827 1044 2316 12886 11638 12691 12623 3692 6812 1040 7690 2397 16270 15295 15638 14359 17492 857 14986 3392 8891 13075 16418 6712 17723 15092 7111 680 16232 14287 2197 10682 12575 905 8970 6170 13970 581 8558 1880 16489 9135 3001 15543 8399 3529 10583 14215 4173 9948 7683 11349 10260 6678 4594 16321 2323 812 9909 3084 2527 17542 10711 14740 15163 5898 16784 14878 11049 8836 5758 6054 11536 7305 13135 15692 2154 13048 15606 7460 6579 4759 11957 10167 17201 17551 16732 14453 7646 3477 16191 708 11935 3048 
8460 17937 3583 16881 6588 9550 13839 12475 15634 15316 10603 9940 17895 1628 4982 5718 3656 15902 9891 4320 13596 888 6879 7426 834 600 17605 12964 2386 1723 11551 8782 10899 16398 14554 5408 5498 15365 3725 6991 15841 17599 14273 17248 17375 14915 16844 9767 12203 4194 5239 3947 12068 4619 620 4996 2158 2999 82 2903 238 563 4244 9148 3173 1677 17823 10140 8716 12723 15332 9625 8856 8241 15029 2859 4790 1123 2047 16158 9647 6399 14851 16597 14389 15208 16945 4672 9369 14868 15892 11040 8156 11698 11576 13513 12502 5989 7747 2775 16352 6992 6033 6774 17903 14402 15484 3828 2342 9800 12195 13131 4681 9461 279 2892 
16494 15090 14154 5845 3075 3232 11812 11851 14658 3070 1783 2096 9584 1511 13917 11260 11724 7083 12119 17697 16410 16434 15966 4851 8322 17381 679 14963 2951 14573 10615 5779 3907 5712 13122 9300 11915 2204 9887 10763 17258 740 15014 7448 16462 4931 9295 13000 6248 14096 14660 52 12137 10547 5321 3194 1997 3011 1386 10356 16142 4637 2582 15118 9286 10438 17679 15447 1348 8048 5029 8117 2081 2343 2443 12706 3912 6571 13884 17550 7822 7909 4772 755 6564 14049 17789 9187 15235 17759 16402 5843 6145 6479 17140 11709 3970 1533 12980 12837 625 16602 11181 16781 7490 12638 4608 3590 6670 9773 3326 13383 12686 7421 820 4686 
15948 16728 11227 1554 15129 15673 5883 9354 6352 2408 17701 7984 886 11613 6537 9780 14616 1551 4782 9960 7230 10593 12588 14758 7309 2912 3536 9688 12935 3088 3957 12108 11211 16827 9562 15022 4973 12175 2495 1141 13982 9476 12461 11738 8473 7718 5069 6448 8420 14646 6300 5945 10040 4268 12917 6482 13160 8740 13853 5122 15500 7842 15803 13780 7851 15066 5875 4322 3125 14110 13047 3178 3691 344 16619 16197 10640 5937 555 13152 5151 83 15481 7725 13662 2111 5075 5524 1563 8693 6701 2908 10659 11205 12494 3671 15866 8344 10308 17327 2819 14782 13427 14241 2874 14276 1415 15900 7377 9929 12074 12092 9093 14925 7767 8720 
13998 13686 12087 15753 1086 11656 9237 15751 8926 16330 14302 6346 418 11105 16560 2993 17696 11808 14844 13289 3759 5553 15225 16357 5320 7631 6763 16903 10595 11044 11523 1461 1578 17958 9339 4074 5985 13543 8395 5704 8132 10459 3481 15347 16234 8654 17741 2201 15362 16432 10657 9919 9668 15058 8966 17195 12710 3077 2344 4155 8445 16463 8995 17064 10062 5424 17704 11363 5380 12931 12056 11761 6396 9335 13765 5433 12528 16651 10884 16311 6165 9723 4634 2040 12177 15391 15183 12524 5297 13843 15469 14383 16073 16924 3368 15736 13714 9794 14182 3240 2519 4278 703 10341 8513 7763 2051 11321 5578 13457 5266 38 13634 4720 15797 5895 15407 
5379 11658 1905 16725 12553 9159 3699 10876 9193 1627 15790 808 3071 11455 1668 1350 11106 1779 10515 15825 9228 11871 17253 17331 8752 1693 835 14105 7241 10907 2698 8041 11863 16437 1695 5548 12451 7108 194 16975 8951 15815 3002 7147 17485 13312 6097 10395 2084 17680 14521 11869 7158 13901 8276 15136 9551 8549 5278 2673 1096 17645 12554 911 13591 12267 16717 4481 10717 9982 11074 15185 3914 9681 12892 4382 16528 17965 10893 867 7734 7117 8037 13889 16626 9954 7692 10806 7887 13870 12200 558 10110 3744 811 2593 1253 12951 5911 6516 17868 5093 9561 9348 12698 12842 1912 6953 15935 10614 15060 7724 13817 9410 9873 6930 9032 
13761 17079 17742 5727 4869 1198 8692 1393 3660 7950 12981 16921 9939 9111 11144 653 3618 4977 10053 10155 648 12543 10545 16395 6217 1576 4033 367 16476 14144 4336 5428 7300 15217 5322 16351 3959 6094 17804 3335 3296 11564 3041 8122 7661 4112 9147 10370 4832 17480 7289 12289 16936 11150 17567 8779 4208 8069 4580 3297 4506 5980 17737 1179 15167 14486 12909 4366 10835 9528 15726 17470 1436 1618 7354 12602 6254 13235 17945 2830 6405 6574 1270 828 7814 15313 11680 2076 9672 7315 1526 14377 10503 7832 14657 7663 17325 6018 16012 5738 11592 13213 11906 12273 11628 491 62 6285 452 11082 17873 3633 8152 2546 14012 15861 6134 15471 13478 
17040 3702 2101 3310 3231 309 16258 12865 17817 3148 3032 6814 10597 14811 848 12158 17891 2754 4046 9033 2433 4821 3720 16162 5593 10273 4082 10080 2113 15100 8052 9991 17568 6492 17323 2867 16468 5129 8111 6523 712 4963 9877 14794 1499 16505 1322 4775 8428 11210 637 762 1339 3644 5963 4697 17957 1620 11947 2106 15323 14044 16828 7084 5341 11179 8940 4017 15115 4953 14015 17594 13750 5446 5419 7383 17932 188 7337 3756 1972 778 2262 7447 861 7744 13136 9642 8463 6477 2499 17754 9753 3658 15804 10216 6103 2887 12910 9557 15116 4746 7450 14393 1761 1098 8894 10068 16680 12390 5115 7031 3984 7455 
13803 13491 14619 10173 16765 10837 6508 16218 16842 7165 11689 3265 13639 8292 8454 16059 10365 6528 7902 1590 14289 14679 10482 8713 15537 14407 5798 15782 9386 5127 9729 8587 7545 2347 6026 14058 15230 6211 10735 9520 5821 16634 13663 15643 15855 2851 2396 14950 13671 9654 9338 13997 10495 7076 9459 17532 13511 10114 13186 13646 9793 4341 17709 544 1491 2969 6174 10555 200 12187 15098 8046 9087 12707 4795 2618 13898 17525 10825 16054 8950 16578 3012 3976 2235 6213 16636 14896 9438 9703 11368 10773 2761 617 6135 5329 5719 1622 5588 12257 1427 14041 5539 6085 1493 1115 296 9761 3321 6212 11727 9695 6163 8932 
1167 5925 11226 11734 12045 1633 1437 10798 11031 3507 12201 9077 12470 8219 5255 11768 6425 4236 17487 14889 6255 3417 5670 6762 6997 13237 1459 9727 11375 16094 3879 1851 5049 14838 3868 4269 14216 2779 11075 7487 16000 9799 13816 16518 545 3896 15635 7080 10044 7895 6158 8615 16705 10278 2279 10885 14404 10777 12220 16120 14174 1369 7229 6438 5616 1053 17406 4109 5580 4195 12736 1457 17608 14327 11861 12687 14452 17202 14662 9899 12049 13074 9007 12689 17348 7408 5550 10243 6355 9145 11809 14784 10932 17582 8544 3541 2937 8807 1930 3316 1956 4642 6554 14691 12581 5267 7061 13310 6302 4135 5188 11043 2601 16469 7299 17668 
8070 7677 5301 16726 13489 11065 11695 14770 10681 8725 17852 6000 11067 3534 12704 2721 17931 14186 8019 15435 9702 10287 2121 12457 12300 9269 10936 6919 9250 16086 1333 15930 15111 6375 9846 11174 2467 9068 3179 7274 6434 11983 14156 2534 10846 9052 8519 5546 3180 15465 16259 6821 16310 3584 8771 15023 2868 10928 1790 15582 4545 1184 2393 17397 15263 10006 5850 13308 8670 12060 1000 14079 5414 10271 3625 6488 9684 16534 1390 9879 9633 906 3827 10678 14403 4585 334 6321 7993 5017 8767 5814 7708 14678 10328 802 4705 2891 13857 2934 3980 16893 15311 17678 5877 11337 8815 14531 10648 10926 9795 12218 12330 8279 1583 14080 10180 
4947 16180 14464 465 14193 11187 11221 2997 9432 12040 462 2603 15941 15746 1746 6738 3306 15000 12276 12933 3885 14928 8946 3252 15888 8674 2239 16757 11960 10517 8645 8247 2280 15763 9211 2971 4698 17919 12050 3821 17219 10891 77 88 10841 16454 3163 8398 8510 11097 5317 1100 7769 11447 1378 476 4584 2648 10616 3514 2314 2738 13030 9163 14121 1942 9296 8945 10087 3471 7463 16589 7376 5219 9421 9404 8851 3432 5842 17793 6408 6577 15458 10321 2489 716 5235 11982 15146 9892 9541 14628 1950 16509 3112 2118 2923 7257 7731 16690 13185 11896 11259 1388 569 10229 11857 8724 9089 10713 13535 14496 2936 6514 16148 5370 12950 5817 
17469 7014 15087 3114 5418 7009 8613 7912 7911 925 10519 12392 6073 5762 17580 1077 492 5958 2559 12510 3603 303 15264 2434 11014 4189 3770 16133 904 876 6071 5272 5868 1190 17716 15269 14905 11512 6952 1364 7469 3062 7175 17471 11119 8523 13351 3176 14078 7622 2305 4463 4064 17944 5351 13397 5261 16657 60 12033 7796 11095 2939 7215 1699 11315 14937 2401 11007 8326 14033 5240 10952 4455 53 16750 2579 16502 7237 5492 9294 9762 3201 15915 7012 5212 2956 9363 3223 13065 15436 2781 14176 1452 9358 12180 1630 10748 11255 17300 16286 10112 12230 16776 9176 11142 17322 9752 12833 6827 12989 9816 17768 17239 591 
10254 17430 8575 4519 15051 7243 17898 16876 112 16291 9232 4553 9857 6543 17540 15044 14103 10521 4509 6723 17340 2160 2979 13666 2200 1235 16328 14173 11687 10158 8288 15189 15860 5857 8189 14448 1775 12674 4835 634 7732 16117 6452 9182 15894 14855 4654 11306 1456 16159 16337 11345 866 15713 5936 7384 1876 3765 10850 17156 17086 10122 9247 15820 15809 13352 9964 16617 12895 12219 6176 480 7920 17438 5095 8098 3424 16584 10496 6552 17782 1285 2811 3586 4887 10737 4975 10996 4407 16424 1260 16511 17611 15871 6527 7429 12999 9324 12468 11862 9483 15095 4040 7745 14258 6909 13716 3767 1834 7632 13223 16152 7655 5042 9829 
9864 4560 12165 894 15636 1555 13333 9513 16135 10759 4051 7321 1003 9545 16566 1589 965 4665 3066 12081 6147 17223 1692 15810 12222 484 94 3721 14300 12818 2007 1110 10197 11531 15334 6609 5909 9292 16379 272 17978 14819 7838 4700 2711 4658 15036 1892 10261 15933 6400 14131 6131 6569 16220 11899 16579 8927 13078 14365 7523 2933 14993 3051 1207 2543 6623 11154 1923 15612 15171 2521 8943 8078 11625 15018 12031 3006 170 17107 2505 6557 2605 1335 6137 7812 6752 11497 10608 14793 7198 11783 694 10822 8923 12843 9470 15832 13932 17065 11038 13301 9543 9167 12716 7919 1249 17283 17577 3849 13989 11996 13729 7958 16386 6982 17122 
3465 7678 3975 3187 7873 2023 7404 6118 16101 14224 12124 2018 4318 7322 15824 13830 8414 12153 10710 16950 1863 8916 6411 9103 5437 15304 5174 5603 8957 15228 475 9737 17100 17401 17482 4141 11270 7144 6668 155 13465 11671 12188 6083 17180 12830 5729 3167 1634 10760 16688 6707 15791 4649 5555 7583 1837 9880 7041 1737 1010 1730 10444 6878 9519 1033 15873 4095 14075 12792 15319 10432 2588 15934 8300 9280 16350 10728 14689 4273 11134 14338 9664 945 9675 11358 5396 1794 17296 12597 16857 4839 11224 9798 3437 2349 11547 2872 13701 17871 1232 1310 2614 14535 16758 12915 9171 5604 6150 10102 16208 10263 10532 7806 11433 7905 11372 
14622 541 15714 17076 7407 16648 5688 17350 14965 9116 15745 2212 13055 14693 4392 10164 12393 16287 17541 12738 7971 6216 3495 1342 8869 991 3877 10819 3487 2163 2776 16913 10186 798 2475 377 12342 4261 205 15883 322 13865 2662 400 3598 9370 17840 8939 8597 3904 11515 4038 4957 893 3141 13112 425 2812 6920 5035 5893 11704 16025 2120 2925 14093 8711 2549 15878 3258 8151 9179 9236 12824 10686 5608 1324 6644 10951 17787 11700 2265 10218 14803 7525 4251 919 9031 373 14722 10923 354 7042 7415 4533 11397 822 1702 8573 14120 17669 647 17756 15684 5544 10245 9907 15874 2346 9791 16694 3065 5081 14804 3989 12364 
7446 6861 17038 14580 1164 6235 10407 9355 12430 8146 5104 13405 4284 7128 10715 14030 7946 6932 6582 11958 5016 10905 14016 13392 5202 7387 16591 8286 338 3224 10119 12225 7456 10264 9456 13319 17950 96 10199 5363 11827 7760 12061 13376 2311 2392 5481 8718 11006 17624 11747 12809 3085 1464 4484 177 13771 2734 10721 16263 11440 3761 1056 13706 14130 8853 6605 4098 1443 1136 13260 7926 4178 11914 10718 11017 3831 11271 1955 13224 3620 13024 15508 7588 16048 14767 2606 3295 12093 1150 3776 4075 2287 14598 17007 17452 13 8222 10367 16282 9400 7242 2692 7529 1137 11571 4837 9751 16932 13812 15065 752 17556 4487 7589 1678 547 
1674 14310 11853 13059 12552 3031 14076 6736 463 7524 2486 340 13991 10485 8180 16604 10092 16989 8025 9345 14732 63 6177 13212 14649 9414 2238 5515 14913 9376 16445 16016 6227 7818 10147 17295 720 15490 10108 10041 9367 15103 4562 16312 5948 2105 3314 10724 11111 7470 9593 10409 8077 1841 12334 9602 10075 13108 11969 3133 17060 14668 16869 6127 7197 15401 8888 247 15621 6457 12973 8638 3015 5355 14839 11332 3496 4087 17770 1755 10998 16324 14143 12726 9291 1455 10633 14903 7649 1507 16227 13441 10890 3749 14345 8466 12361 13648 15678 15983 14316 17940 13837 5101 13494 724 13854 8212 14077 16990 2801 11705 6499 17085 3108 2849 4998 4223 167 2039 17928 22 17400 9539 11238 6072 15485 14705 7944 13010 11589 9132 4980 17946 1951 12057 
1752 2452 1635 2298 2022 13021 4170 2914 1827 2641 13449 15789 185 9388 17188 2481 3033 14577 15078 11880 8058 12666 3657 1980 12231 12114 12120 3642 5554 9181 3185 13042 4238 1177 10314 3517 14253 6882 9874 16166 8197 7927 1286 12947 17882 11465 17710 2321 15415 9029 8991 3172 8281 15206 6807 2578 9611 7072 979 10512 17788 4793 14824 3367 8498 8537 15986 10655 12614 7871 12229 6711 17416 17764 3880 5199 16996 2479 15575 17275 10257 8641 3568 1296 7688 14013 16594 11329 12505 7948 3301 13915 13109 11293 17601 120 6915 2839 178 12333 3366 10767 17497 383 13954 12658 739 17748 17587 6847 12356 1904 16958 6896 434 2926 10414 196 1505 8486 608 5422 14730 2615 10259 179 10674 6007 8841 14168 7710 6485 3945 518 353 13769 686 5232 
4092 8733 5571 17274 10252 6 16845 4441 1789 3577 11494 6035 2056 17033 15356 14264 8687 14538 458 9858 15585 6294 10944 6771 17293 8556 10194 9844 3760 7465 6373 13481 6726 14222 9105 13785 982 6481 10478 11980 14390 14507 14440 3130 13044 2828 9437 956 15503 9785 8150 1928 4069 16393 9169 208 9377 13749 14599 5074 16046 15491 10924 5300 9325 14738 2002 5804 3047 4888 11903 11647 10198 9131 1914 17096 7549 5889 9886 16782 8266 12873 3503 14299 9775 2033 12260 11003 2752 12161 12902 1212 2813 8778 4529 13097 14556 6123 16912 273 6460 7402 11023 14530 15502 7351 2138 8358 15229 780 4507 5970 3346 2572 3082 11789 1025 4508 2536 16875 5522 10575 2809 2000 10999 5955 17595 10982 10268 12014 1895 4213 15758 16537 1392 8703 10280 
7680 2413 10449 17352 9783 17625 17968 16962 10525 16530 17622 4714 17773 4162 5528 14108 9117 13368 3924 3111 1278 8064 16209 16551 16956 12198 4930 4500 3954 12808 2161 12467 13473 12389 16250 14437 4854 3751 6169 15308 14799 5509 751 14487 17042 3275 4856 6590 4846 9827 1187 11720 12635 9069 2882 15075 6253 6370 11786 1681 16276 10781 7501 8827 6782 9381 9030 15257 10343 3311 11873 16167 9140 9207 8124 2404 8144 2460 17431 7062 5599 1104 14701 3476 17848 13533 3212 7608 11303 87 8823 8193 2449 2733 6903 3061 6076 14608 13987 13909 17338 1981 7988 16558 3641 7676 3139 10689 8906 13776 571 7263 1475 1579 5082 11932 898 13292 14436 11117 5292 9371 10323 11922 791 14319 14909 16147 257 8876 14714 3248 11438 12815 5734 5643 17885 10181 8781 
4950 2649 16806 1399 2685 9589 12085 15870 5065 9393 3538 10831 7595 14966 13752 13796 17853 3339 5411 15936 12471 15863 5256 5124 10974 17916 4149 16552 250 8089 10166 16055 17459 884 2464 6598 17802 8918 13072 2924 2272 16429 14762 9643 8618 12802 8774 17588 2477 9139 17290 11189 16206 7999 9420 5108 5793 1971 10629 9958 4961 12944 9641 16115 15192 12484 9715 5768 13273 14594 10879 6864 3866 10162 15202 13896 16433 2196 5942 8672 1787 13453 6772 8143 13102 10009 3552 14550 4400 14823 1599 763 2377 10968 11012 1719 6700 2898 2430 2079 13175 9184 10133 17270 17163 15515 14579 6630 7695 14591 8702 5967 6187 3685 10372 8040 2538 7451 7862 12208 881 3170 4356 5448 4062 456 158 5657 15489 1718 12663 15957 17552 17132 4959 7866 1938 6173 
17154 151 2920 8772 10059 14386 6822 11377 7053 11149 2256 15205 1510 7868 2524 14926 14772 419 11340 13797 7941 693 654 5022 6840 17137 14211 1732 10390 874 17917 13432 13900 8021 4823 7885 11902 13052 13902 11047 14292 215 8054 14663 4456 11252 9710 17053 14411 8870 4801 5615 3063 1460 12593 15218 14802 7930 4264 12956 2929 11635 13585 4810 9473 1811 2890 14677 3648 16300 16947 3574 442 17520 14774 14238 9558 14374 13221 1106 8065 11748 4538 1095 8924 12912 1012 9243 14071 12151 5118 2128 2306 3120 9223 9255 337 12550 4497 12017 607 12882 7 6265 13545 3781 5736 3613 6550 13984 4744 1909 239 14205 17091 6710 14024 3689 15251 14808 6185 14163 6358 11450 15689 11000 13751 17244 13443 9578 3092 6480 6770 1293 15913 8196 9582 10436 
1206 14778 8301 9862 6469 12046 1438 4986 10090 9856 15394 13293 11845 12859 17145 15980 7635 5021 2637 11802 13986 17775 15708 5904 4041 810 13524 9024 328 13754 15743 3926 11590 2074 2943 5935 12350 2737 14203 2222 5626 12206 17453 17297 5342 17939 14546 4310 9941 12718 1958 3882 15284 16549 17298 10898 8081 407 7973 1217 4013 2621 3389 12376 13139 9845 16384 9498 13685 5222 17372 12382 1865 8056 6995 2574 15605 8800 6984 2822 12806 15722 14857 13903 4868 9397 12678 9587 7617 1582 14043 17369 3542 1553 1218 14820 17562 9937 734 1078 7998 6015 3034 6535 4134 12801 15843 4237 14630 5011 6733 15995 13558 2567 9128 12637 3654 4292 4586 4452 11818 14457 7382 15767 1727 6671 17304 13248 1483 2991 11273 2263 16230 859 3394 6826 7979 
16182 16767 3234 1087 13959 13801 1788 4480 17115 17193 10917 17929 7244 3305 16721 11061 15434 13095 5568 14259 16137 12270 1887 11599 8868 8673 16708 6100 2941 9152 1420 12896 13988 8099 15891 4648 7116 5946 4180 1372 13629 8044 12724 9281 14596 15766 10540 14869 2984 11944 17794 15170 4537 3428 7626 9065 4598 134 17203 12644 6989 16787 4091 17975 16544 14872 16241 7055 16181 3796 1595 1925 15413 10669 6967 4641 12421 16129 5031 17353 6245 7825 11413 4421 7624 17653 14467 973 17036 7307 8238 1279 2301 6513 5131 13240 8884 10457 1441 15514 15664 4187 10210 6357 15442 11458 8819 794 13642 265 4897 11276 11254 1172 12737 11194 16967 413 6714 14977 4096 15368 12252 1193 13422 1064 17366 15528 9556 2913 2948 11394 8864 13184 16888 3147 4496 
5535 9084 2842 5650 13723 7716 7794 8224 6781 11773 8380 15867 15511 11339 7712 6191 3456 12509 9852 4125 7161 12003 882 12354 6099 2667 12417 7737 8440 14017 12262 1352 17644 104 4921 9378 14281 8130 9835 13083 8949 16231 436 9653 11699 2027 12373 16532 3023 1400 779 15482 2630 12618 15838 13420 481 10538 15379 14555 12497 4272 2695 6509 7757 7150 7445 13398 12103 4896 12367 12501 11168 10622 7536 15593 17394 3861 10045 11090 1117 11742 12249 6249 663 16607 6779 16138 10379 16695 1521 3652 12611 4265 4663 11215 14491 7532 5926 14405 616 16383 2137 7915 1357 16867 8787 8456 11198 13253 3290 5972 4517 15559 6181 7164 10385 11467 16733 9210 13517 8708 4964 6164 3901 10376 10736 6341 8620 9254 7728 3131 10904 16226 7694 17907 11740 9387 
17313 6744 1125 4989 14971 10330 12009 14035 5064 10012 111 10441 5176 6854 13444 7166 12352 13485 1083 2949 1785 16332 11208 13002 11169 8790 3993 5241 10818 8986 1029 4355 1313 15353 1079 4784 5166 16535 15412 2592 8345 4191 9380 4573 16741 15571 4913 2818 3608 9848 13316 1061 1148 7457 9949 9728 15610 13546 7349 9022 3272 3215 2322 8909 8242 1673 14638 12657 5702 7172 4857 10192 3414 6591 15954 5313 17103 149 11778 9876 3698 165 8160 3558 10406 14384 7666 7474 2533 12733 14600 5114 13428 17777 4822 3067 4605 1728 11771 11703 14410 4889 2554 4841 9714 7959 3480 1897 7507 17894 7149 4048 14511 833 13633 4143 16212 3242 8075 530 11350 5579 2034 4937 12386 15645 5717 2468 6753 1298 14726 11684 11351 6111 16169 8543 8061 14753 6267 
6315 6237 6741 6858 6976 3000 16564 17544 11577 10291 12670 15589 14029 15239 9700 531 5216 9813 9701 6888 3651 17112 13440 11763 1263 14727 8284 14797 16201 3341 6617 16991 1781 5623 5896 9612 7155 9523 8678 14858 12888 11554 10345 10256 11933 8899 10295 16751 4211 9164 4818 5429 9173 488 4988 16440 4415 15227 17961 1283 4853 14837 8948 13615 12025 11838 1759 30 13502 14716 3563 9301 14196 15007 6449 17121 8502 8524 12655 5062 11113 48 13079 838 3931 207 15102 9001 92 10386 9046 11425 14449 15865 7174 11107 950 1825 5352 12712 17043 2026 597 12288 10978 6271 12143 13753 10138 11196 17692 2021 4036 2806 10191 17113 16948 14145 12507 6809 5739 2970 16742 4340 6281 17405 9440 3533 5778 2351 9713 7918 12993 2211 5600 8915 7850 313 5427 
11073 2491 16650 16299 6432 17934 5454 4753 8769 11032 7633 618 1745 17501 14615 7829 15512 9350 9934 4476 2286 1434 12587 3330 1974 5592 804 14874 2473 11609 14718 562 8879 8177 7662 8704 4932 11317 1450 3595 10236 11289 6962 1890 2623 16223 16907 8969 7381 5780 8072 6746 2465 3986 16922 1088 6296 5044 1343 827 7067 17918 2236 13784 7262 7735 16986 3089 8203 7765 1716 10226 13931 14313 15280 5387 17972 8663 11296 17954 7369 2599 9443 7759 14210 12967 6301 578 9023 11985 6194 2995 8700 148 10296 7578 7910 14611 15759 3198 14488 5894 1565 15690 2510 12567 16901 3805 3385 16541 8287 5901 10113 10533 17087 11904 9127 1210 13456 15237 5783 3433 6848 11901 17786 13911 5813 15914 16937 15740 15159 11867 2402 5968 16225 1839 6095 3221 89 
9981 3349 7992 12435 16024 6274 7126 6541 12163 8535 6079 10324 12592 13328 7906 11183 14460 15590 10242 11300 9648 14382 14376 8142 10481 9531 12 16785 13315 10000 8011 7153 11336 11443 14885 6804 9651 15969 3361 17791 3684 16515 11777 10303 9749 3988 556 14128 12919 4193 4367 6980 254 7891 10274 8432 4025 3748 15223 7579 6491 940 10859 12176 8272 1425 14126 12965 10487 15214 16064 13619 6495 10143 2193 9486 9196 9950 4936 4270 8628 15619 6318 16099 10647 10842 902 4873 1007 10093 17041 16899 2332 16233 7722 7302 17231 928 10542 7614 15931 8572 6126 5251 8195 15846 12400 15522 6856 11693 9837 3347 6935 13090 12424 2167 3872 4018 6731 7060 5315 16040 1757 11688 3404 14119 11009 10805 6345 15545 14900 743 2952 10397 8582 11333 16498 3677 8135 
8577 3466 10839 6196 4870 1744 14308 8296 1866 11538 13567 9544 4397 5059 10285 16448 4436 10559 10638 14654 11100 11022 15279 11325 15039 5319 17658 3213 10662 7933 2785 3799 9074 11882 14612 1606 9640 9328 4378 12459 10927 5420 16847 564 16205 9671 11434 14468 16184 10579 16868 6725 6406 15890 8047 11813 11994 1031 2804 12848 13702 6144 1534 5243 15149 15535 3804 13381 13819 4403 2531 10976 17718 4224 1485 7393 15625 6740 12914 9789 15729 15079 5655 5362 5185 8149 12817 4405 6332 8495 7978 8248 1051 12957 10067 9252 11514 6906 17862 1026 14777 8066 7098 5265 16612 7961 13928 17374 9636 4978 2791 6934 4165 2778 6106 17048 2182 13868 6792 12720 9855 3472 11477 17015 9722 12291 15701 183 6657 17249 8816 14904 7689 13209 14042 7160 2541 16069 13539 17109 
4131 13023 7290 2727 14853 2446 5025 14341 7483 14497 13132 17110 17539 16920 13679 10170 224 17228 17034 15240 5952 13523 13128 12309 11793 7932 381 16083 9532 13783 3955 3458 10010 5252 4862 9289 10548 16835 12264 15501 1151 10160 4882 17627 13384 16273 7586 584 15950 3871 9086 7214 17441 3531 15248 14642 10855 754 3206 15916 14451 5113 5438 13732 6573 5468 15461 16783 10612 1382 11587 1213 5772 15387 2847 10672 8539 5394 15096 5045 9918 2248 14578 1546 14272 14004 3035 7792 10723 5196 8059 16697 7786 16246 110 11419 9382 16151 13859 16417 16080 9606 2020 7432 4616 12034 11079 13726 12336 6633 13116 9828 3786 13825 3308 12953 3841 1683 12624 10571 4274 8503 6203 352 4369 12101 15705 13400 13622 45 15567 4019 7685 10050 3962 15779 3069 5097 15494 885 
9669 13374 2608 7638 9822 2259 10641 9042 16608 6702 2875 11612 16370 2563 12157 4787 8 258 2832 614 15785 12042 17619 17838 8370 6927 1225 9936 1458 15070 12067 17254 4121 5291 12662 3731 6063 14729 15919 291 14175 12615 17843 5519 5899 10022 1520 7253 7778 2506 16666 9302 7136 7232 4286 996 12529 12149 16622 15617 16978 983 606 3952 7613 16154 10175 17758 12540 2905 2665 6833 14150 4871 17855 12037 2705 14898 6622 15210 7458 13659 15286 12090 17926 6310 5413 3152 14527 15001 15882 4354 13045 4884 159 8817 9748 12840 14227 3944 12258 15541 16204 13733 10266 7330 422 8305 8260 6908 6589 8612 4371 432 13876 3418 441 13063 2146 5890 11121 9595 13829 10965 508 630 16654 6797 17655 10787 378 1259 9527 2927 17356 2390 15728 13154 5383 11897 11550 
9630 2919 14463 6120 387 4791 14809 9043 11148 814 6463 5493 9779 16994 10675 7790 10793 3734 16488 13211 15669 4008 10872 1653 2565 2628 16317 14733 11676 5632 533 13509 2639 16172 2015 5681 2620 6442 14877 11941 9261 397 7664 17646 6299 6601 428 10267 11621 1910 13337 10529 9359 4895 15448 6023 6599 14945 329 8866 567 9680 290 14200 7314 15292 8749 16285 242 1868 8354 13576 1946 6713 10864 15656 10581 6223 4410 16831 17153 9411 17575 9655 12478 17302 14617 3025 11829 6067 10249 12154 7018 1418 13360 6401 13570 16848 13811 12648 10617 17252 6160 17767 7013 11230 955 14715 4003 4156 3229 8872 16957 16168 8917 909 17708 15250 4916 16035 5423 17148 2341 7762 5639 16772 6735 9777 8412 7489 11216 10557 16442 3434 11507 7221 5760 17473 16391 13028 
15363 17118 9552 17466 11343 4716 15322 16993 5527 73 12279 6078 15555 7634 1277 12041 17774 6152 4704 5334 11373 7113 11028 8439 12807 15927 1380 16669 5788 2668 2356 6061 10400 17420 8489 1773 16660 10381 14526 15345 5478 12420 10823 15443 10685 1336 1580 166 10774 14167 13103 4729 17953 5676 11362 628 5711 13568 6994 16076 2041 16388 16852 11470 2687 593 10504 4450 333 11253 3609 8701 3791 9373 11942 10601 7224 10 3412 5401 7488 8963 6561 2469 10171 3905 15988 15839 3593 12641 11810 9002 4906 12255 161 3886 12112 9496 305 6990 675 10042 16224 1657 9592 11586 8989 8349 15949 1643 10344 5102 8585 16951 13026 13029 12790 14744 903 3576 1835 9644 15272 4262 13088 860 2030 8256 10775 6306 15572 2016 16559 1883 13053 15640 7667 5929 4430 8954 
7602 6039 1596 7444 12904 3076 6273 2836 2139 13605 16102 769 13094 8647 12899 11885 770 7478 9038 8571 13640 1107 3500 8376 11847 2277 16239 6724 3019 4540 9883 17849 15694 10868 1734 14643 4414 1684 16749 3559 1996 6356 8434 12838 8228 1687 5285 4094 17570 244 3982 1169 14635 13412 14919 11089 13036 17450 5581 13242 3991 16089 7154 3943 8225 1261 15019 6179 17762 6337 17078 7730 17242 11392 17837 7773 10393 1911 6628 4568 14864 2359 15297 13435 2652 9603 1591 5660 12082 7497 12580 1379 9365 10691 16071 8885 9372 1446 5797 13926 8190 8828 5892 10886 4875 4627 8004 8812 9597 17920 7881 15154 2398 13604 16009 14539 5774 13924 4881 8201 1466 15173 3030 10493 6319 7802 6787 11039 13656 17261 8786 13417 12335 10046 12564 8642 16581 3884 8903 937 
11229 6276 8226 15519 6034 4942 15282 10797 6351 1983 9272 6003 14537 17579 1160 537 8609 2598 16526 1707 8955 3447 3018 6489 14655 143 678 444 4072 13159 7982 5135 4375 12428 1391 2581 7896 8158 16554 10771 11278 12253 15776 7849 9398 17531 3364 17351 9341 9838 10079 2921 7037 4116 511 1152 12047 8822 11557 13958 464 13727 10738 11353 8289 12064 16709 3098 949 11240 14751 14005 1597 1836 9508 8992 14266 5109 2450 15268 12622 1758 4182 11088 2232 7159 10305 11035 14249 11987 9938 12863 1992 2788 11498 10990 3454 15837 12583 3769 17455 16353 16217 5680 714 13538 10971 1982 13402 4527 10179 6545 15800 13207 13194 14350 16598 3246 9956 8504 4691 13283 7217 17083 3338 1973 14882 11204 17941 13482 4101 12642 13110 5951 8178 15445 11585 1917 14748 
150 9120 1204 9006 12826 12321 6900 10213 16486 813 1549 3895 10402 17266 15823 10013 7200 186 15741 9389 6654 13563 9453 8337 1857 15786 11053 6060 9687 13549 15849 2483 7280 8684 17108 15158 7077 14331 319 6687 16075 14994 4115 14089 6835 7186 12565 3286 6143 15305 3662 7370 15808 2699 5195 5885 11158 1066 1417 9416 5949 4493 216 13589 6517 2773 953 5499 16081 17743 13537 14192 5091 8394 7471 538 3883 8580 11173 12463 5382 8814 8215 9101 16792 17101 14001 11820 10084 3932 14639 15775 14293 17757 5238 5474 5284 15637 8468 7610 13650 13971 2691 8826 17881 2496 14233 14104 4780 7025 11544 11948 15547 10048 6544 7841 15549 10424 13461 9153 4707 197 11819 13890 7568 4955 14675 2250 17651 3516 9245 12542 1991 10908 5678 14982 3888 1665 16274 
4404 4599 16375 15987 12825 7834 7872 184 6156 1009 15828 12123 15907 10870 12747 14381 17111 16014 2052 15942 15123 7830 11145 10623 3096 3564 17371 14406 16747 5710 6802 16679 12301 15080 2990 11484 3450 2815 12966 8637 6455 5831 673 17141 3842 4154 16790 4952 6182 17170 16769 5828 2219 15422 12536 2049 5347 13490 6651 4077 11284 15557 16397 10811 13515 4186 13295 14711 832 2726 17403 7364 17571 15242 9053 13672 16801 12317 15963 3705 677 13425 12714 10262 5485 12141 8784 14442 3964 14474 5121 1858 117 4282 4563 851 1767 13935 10549 317 4848 14962 2053 4639 15670 13711 100 760 276 13191 16539 12182 14501 9850 1975 7320 17358 17717 11160 1700 16196 6602 13946 2576 7494 8625 8352 8391 10947 9699 11801 1016 6692 9166 16966 16421 6866 3810 
14349 1323 3156 11151 13372 4209 6705 11188 2602 10875 9817 14848 3461 1588 16487 12313 17385 11925 16170 6108 10130 1043 15318 14148 16521 16980 11256 9882 12963 12846 15967 5047 11404 1547 12779 2873 16309 5283 9055 3283 2555 517 12526 12908 12032 7643 6239 6133 16730 9203 1478 6640 11423 13320 5698 1712 9992 3956 3024 11756 16961 14720 17251 2656 17273 1577 17099 2036 17207 14408 15518 9122 17715 15405 10847 8282 15770 9174 12767 1663 3483 11069 8862 6750 17152 81 8032 3948 4185 3123 4763 599 10801 16665 4912 8199 17640 5855 17250 7754 15921 9555 16802 1569 6379 16890 12129 17559 1621 2125 666 1602 12511 13503 13019 959 8139 246 4097 17522 15918 8022 8933 8552 34 10219 15333 8157 7295 3668 10146 11805 8191 2702 15216 5700 8079 14626 10463 
16377 11346 12048 6783 16416 3777 8262 7672 1516 17740 2680 306 5956 3967 12748 14185 15161 11417 3846 14298 14265 4632 1824 11769 960 3175 6372 6607 4228 4812 15655 8294 6188 4589 1508 1227 9885 13228 16359 13746 7194 252 2009 5381 4757 4739 4016 10706 16322 6629 15677 3596 1970 12961 5364 8576 6673 7739 7271 2626 10253 2439 3523 1439 1612 10625 6907 11431 13827 10772 16900 5984 5638 13342 12636 636 14155 17158 2411 17286 10232 14949 8095 2683 6811 16190 12015 16580 7697 6683 8429 7965 8534 13467 12561 8667 3008 7968 14267 3834 2895 12609 4933 1524 13967 2482 844 16658 3515 7156 8485 7286 6850 12489 14595 6037 16422 14322 7827 15709 14197 17123 7008 15212 8763 15510 11741 10220 4408 2480 17538 10649 14665 7880 3482 3299 7082 8564 8096 14392 15221 
17157 17155 9277 16884 1359 2686 14346 17506 13684 12396 15909 1632 12631 17779 6391 3429 6430 12162 7482 13216 619 12547 2447 5372 5254 3578 16877 16331 17964 5177 7629 13011 13173 13329 726 5172 1389 10910 2472 7512 4197 5709 459 9141 14562 17956 14446 12144 5369 14251 3604 1264 6032 17761 13356 9025 3302 16211 13198 7846 13403 15724 2932 7670 241 17287 7615 4718 14138 137 7225 10784 12227 13553 16039 15131 16340 5860 8561 1442 17727 16585 16475 13777 16858 2651 9364 8133 6335 7934 11267 1256 12515 4528 3506 2782 10019 12527 15998 5897 9650 16319 160 13476 12111 17051 16401 2517 17554 16930 14724 15409 4974 8984 15068 13948 8438 9226 14178 7063 15349 15631 7539 16846 12063 5336 10861 5063 14032 10783 5316 4429 5823 14834 5570 1257 17241 8085 16672 11934 11391 4549 7296 15164 1886 4061 1301 16441 5385 15609 5887 9867 3207 482 1251 16261 16119 3688 3664 15020 16066 7234 5882 8163 7096 12171 9469 17160 14366 5820 5931 8979 12439 10695 11764 15580 6925 4022 11634 109 7276 12970 12127 1351 4680 4646 15073 16165 16456 5947 14812 5770 17169 7146 13291 16265 7819 13614 17052 4689 17517 786 234 16820 66 10190 11766 17712 5149 9422 15155 8474 13049 2653 14570 1766 15801 9712 3342 6189 10224 13886 17240 14666 2484 5032 6870 5565 4703 13712 13439 1821 10570 2810 3053 8192 3104 12169 10848 3906 9426 8334 5812 13271 3278 13907 14246 15623 8274 10011 15081 
9279 13762 3193 6546 10566 13996 12397 9315 14113 12709 10992 14854 11463 12474 13171 6190 892 7711 384 17969 7556 8998 4747 7122 7362 17930 6303 5488 7863 1862 12894 12822 7089 6498 13992 14610 7278 17106 8331 5061 8712 11295 16098 3681 5217 14601 7152 16863 11911 16045 4618 7777 15616 17215 10117 6305 17332 6656 7787 4316 12272 13941 15423 14944 7272 10002 5818 16125 11785 3606 7937 12518 12214 5675 6806 7576 17549 16156 3013 13436 8785 9632 10189 644 16400 3865 1988 2162 11331 2231 1754 10590 3094 9334 14009 1135 14248 3137 7119 14252 16583 12259 1798 9646 10196 10456 1603 16495 14334 9061 2825 23 15539 5273 16514 836 6236 2712 13849 3073 11037 4009 8170 17472 14101 2348 15057 12322 17282 16483 4728 5959 12522 16210 12751 11068 7702 14572 427 4731 1306 997 11627 11283 13285 2203 9535 5391 209 8338 3939 1480 17865 711 12349 17016 7090 7520 5950 3288 16146 13942 16684 321 10366 7396 6204 13341 13460 4499 10279 15492 3836 11953 16628 6518 1039 12434 7188 3441 2242 10455 10126 12385 1738 10552 8312 7318 4900 4546 14520 15525 412 3281 13616 4504 8646 11439 13382 13399 15417 11645 17191 7928 13968 17396 2459 2831 13287 14652 2268 9522 13105 9309 2640 11961 323 9968 635 12754 3225 2129 5661 14519 10814 13300 13677 17444 8993 3789 15584 9985 1470 5310 7628 8426 13188 12326 10843 10986 1367 8347 9756 5505 16832 13925 14597 4847 11667 2234 12530 
7368 7366 10995 16569 4129 2571 1282 6625 855 13255 3934 931 5298 8341 3270 8803 385 13054 5605 5103 4435 1199 1394 15005 7434 14454 11651 9618 4202 12548 5995 10676 9819 1512 4826 9501 6606 7659 8253 6777 13407 1341 7776 15342 13158 7308 14835 17682 15733 54 17877 4462 11219 10429 8518 11755 11570 1966 4628 14261 2631 17451 7963 9534 15813 9796 13475 8236 16866 8665 662 9097 17752 1832 2428 5792 8941 2573 16595 11660 2436 5507 6484 6019 12266 6244 11596 5977 16127 7565 2704 15335 7388 14763 9017 8363 13532 7275 12813 710 17636 3826 17515 7002 12995 1205 11721 372 11357 8818 56 801 2075 9871 446 8623 17335 4684 17002 10469 11561 2535 17341 2271 4293 16667 5716 14956 13438 14673 1331 12134 4611 2072 3859 16909 5140 9463 9 8433 3230 14625 15213 12990 7254 2340 11475 1273 7580 3951 14286 14306 16411 6093 7266 6193 4153 3334 2284 1374 16656 16188 8644 3425 3627 9457 8377 568 6961 8931 4399 285 753 8461 17603 16918 14734 10338 9330 5290 4777 7686 6505 588 2930 577 15144 8971 17731 10357 3307 15798 16051 13526 17074 6912 2177 8425 11965 15307 11441 9833 5483 259 15796 12062 11312 123 8387 15875 5822 11272 1103 5110 14948 11858 14237 9990 12521 17924 7967 14207 13885 14861 15428 8153 5033 5583 5622 1366 10731 1254 14441 13856 3200 12312 11360 9995 14324 10830 2757 9323 8348 16615 1132 11516 15120 14592 3732 11663 1020 9366 
6549 16143 16065 16998 15361 145 13099 1321 12243 11611 11344 12360 5689 13800 11422 7288 852 13366 8925 9662 10987 4943 1316 11962 574 16136 106 9267 12626 5098 7245 3499 6732 4903 13167 12860 3963 2955 10320 13791 11964 7284 843 8604 5289 8838 4203 14484 3135 2862 12768 15498 1108 913 2083 12183 17303 15187 9464 10049 10244 10985 17810 3409 13364 611 7046 9066 9183 17412 17061 4687 17440 5584 13863 3325 11135 13442 5439 907 332 3374 3801 12880 3938 13787 8285 3050 4222 11710 2740 8675 5264 13748 12228 6122 9256 1529 14633 2669 8116 14395 13307 7691 3362 5585 47 7430 15487 8008 10699 17117 7431 17872 8237 17216 6521 15947 4350 16362 3371 4645 16774 13693 11041 6435 8480 2388 9987 2141 17425 1514 17720 8962 1384 858 17815 9379 14428 1072 4655 6098 5482 16288 13313 773 16965 3844 13421 4845 7558 7493 9257 13096 17621 9613 5687 2625 14647 6028 17633 9889 295 7775 12450 17906 1319 9686 4660 11517 13597 2962 772 12444 3919 6830 6011 13369 2352 6522 1969 14871 7675 11737 12570 8378 9781 14901 6077 16307 13703 3730 42 237 12836 13516 12492 14208 7039 8761 7585 11615 13747 13877 16938 4717 13497 12765 17893 13263 10188 5050 11282 13322 13689 864 3923 10107 10336 17027 3243 2966 13652 2558 1639 7373 557 11750 10025 4721 12179 2658 6407 5912 17729 5696 17591 11165 17006 17200 162 1431 13365 9678 13973 10380 3182 1076 2507 14397 17829 10453 7294 4859 7416 13266 7338 6086 9054 2029 7499 5744 2537 
3195 1284 7719 14505 15324 8574 3544 10018 1666 9316 15283 7170 13254 2568 4084 4552 7361 5299 15906 8340 10135 11924 263 16643 3110 10247 14731 13718 3345 7674 4080 1155 15663 14967 10286 5796 13050 14694 13875 225 7854 5514 13602 8492 10389 15069 483 2902 7348 9610 5280 4111 1888 1069 17498 11989 9113 9620 5330 260 2210 7339 17479 17128 16543 10587 163 11718 11874 5701 10082 13358 1762 818 1219 10316 5740 14099 12401 10150 8327 5236 14117 11125 16556 17780 13217 14972 5225 15872 5480 5434 17914 16163 12991 9490 16349 11058 15179 11774 2283 11526 17684 8051 6638 5473 8328 8666 4623 14816 10239 3440 13346 6998 10707 11986 11799 602 13944 1065 16295 13385 6467 13892 3631 14321 6304 13815 9989 7363 10500 9274 14413 978 10873 5231 17581 10413 103 10132 17977 16814 13321 7291 204 11549 14522 8560 16550 3971 16171 7783 9814 14137 688 4114 15600 4997 3086 1474 4650 7513 2528 12992 4494 16238 58 6316 3093 6109 12054 9118 8383 16314 1891 9772 8455 12453 3145 3522 16121 8794 14098 7052 13143 3363 3407 14318 3630 16860 16567 12372 10516 9842 16178 13772 4855 6639 16041 12411 11237 13789 14199 15385 4137 3044 17364 4764 6116 17884 5510 6875 16247 13149 6593 16576 9917 1041 12776 1444 12936 10064 16542 2168 12452 12039 16811 5852 9972 17171 5111 16109 15939 17166 80 4603 11103 15650 10502 1600 11532 5344 12920 4196 17534 2246 4613 8737 8898 7572 7811 11979 4682 9500 11116 13773 4434 
13764 6042 17388 3037 4014 5964 16336 3582 9115 2373 16687 3700 3855 12594 11850 12006 8569 3188 10290 14692 15979 4669 15472 14771 15706 16096 6030 17812 6659 6892 8960 13479 11919 11730 809 6504 10008 10326 7317 2877 17262 8181 687 9897 11418 12972 15732 12549 5631 1770 12651 4773 210 10234 4394 7231 3292 11131 14055 3214 13393 952 10361 4472 221 16281 5400 17841 16523 6715 1921 5010 4063 7857 1931 11593 85 12409 16808 13280 410 7428 17510 13699 4991 13501 15181 17131 17063 8590 4381 10799 4337 176 8874 4583 15854 12695 7817 8705 14607 11977 659 8172 6404 6612 15032 16085 15452 8896 16275 7310 3935 16423 2985 1616 6478 15959 8757 737 11630 5191 2960 398 16011 15247 2414 539 2609 17711 8315 5518 7240 12700 15752 10060 2293 5375 10026 5268 10327 11505 2410 499 13148 15358 6694 3217 6642 1689 16789 11388 14462 1019 7917 5575 5001 7530 5084 12395 7878 6825 4880 6362 10276 10484 16840 1501 17224 17938 1423 14825 2254 10301 11566 7091 2423 17213 6681 929 4761 17569 11959 12377 2320 14472 707 287 6064 16926 15761 13850 9392 7413 14995 8956 4878 17355 5742 9840 8550 9313 10333 8329 3320 11956 12960 16929 6616 4510 8837 13339 685 15416 3638 3550 7772 15588 5345 12174 3511 16342 218 6224 8036 10375 5331 14509 7684 7606 12117 6758 10401 9908 2303 2458 157 6068 16771 9137 4925 4083 2108 14964 8084 8386 963 10034 10961 6636 9049 1220 9605 7533 2697 8309 6680 17439 3014 17088 9566 
11931 14700 14814 16374 5533 13218 1011 13020 9199 14502 8382 14034 17703 15355 13528 2763 13606 17818 4207 16018 11772 10914 14810 4981 10558 4285 6971 15278 15862 1662 8999 8491 5879 4119 6855 1161 3228 15390 12426 6996 5250 2208 1302 1068 15702 2043 6933 11412 14991 9064 14367 8829 16941 3682 6958 17 8635 17527 494 16942 13169 14914 3322 11473 6988 2659 13434 7781 10665 11952 10626 6637 10100 15620 9448 7292 3442 5753 16777 3158 12110 7898 11008 5771 9994 15191 12022 14312 5275 3869 7331 1291 14177 13649 12381 8350 10690 14906 2504 1049 7821 14135 12072 6755 6530 8753 11370 14629 6556 2361 5144 14525 1655 10382 9044 8194 11565 3401 17805 17168 1993 8207 5247 4385 15301 411 3752 6084 4699 14795 2131 12934 6720 5146 5809 70 2427 2728 5609 5148 131 12884 6956 7569 7029 2365 6155 1959 12148 11542 5940 11675 7298 15449 15241 16177 2744 10881 11056 9090 744 629 1014 8858 2223 14254 3508 8706 44 15046 12829 13219 5669 10812 9360 14930 16809 16879 6857 13864 382 7705 10535 11722 9755 746 16222 12985 8355 7006 17029 9638 4516 13196 17075 8316 7207 16450 14517 10104 16027 13779 13643 6115 10204 3942 2755 2989 10471 14166 15042 14124 4200 14978 11155 11779 3755 3927 12286 938 15962 5189 12998 7100 1800 8542 15762 11940 2931 12413 2094 7226 9912 6641 3551 17850 6904 16889 2195 2498 14769 3911 9444 8074 12975 15896 6056 17634 6575 9036 7199 14648 3594 2835 13014 222 17226 17357 235 4512 
2415 4521 17973 3858 9747 9271 4596 17820 1710 14269 1354 4833 7756 12282 14614 13411 4513 1159 10956 15433 12202 17384 2173 12235 1901 17462 5840 17423 3889 14805 1122 13601 2799 9969 3768 10398 5445 5640 13056 1428 4788 8259 219 6348 17184 6153 11715 7542 17019 8985 9649 12924 3916 12495 1848 8907 7503 8557 15148 16786 3380 11726 13715 17615 6344 15665 408 7038 14417 17830 11453 837 4960 17888 8314 1255 12058 12069 12760 9770 683 13621 15074 9146 29 2417 17276 13894 8834 9242 10004 10499 10501 10621 14863 5576 8640 5030 11834 14387 589 5130 719 12905 7102 15734 11072 2297 1954 3233 9251 14933 199 5083 269 8636 5390 16674 14036 11540 450 6885 7024 16042 9521 11713 1412 10450 5435 11236 12410 4701 376 4750 8566 11201 198 13396 15592 5162 17013 15632 193 12639 17023 5811 7922 13304 16779 1652 12804 14235 6511 15749 1143 14240 7190 13547 5999 15765 15956 6837 13375 13350 6986 16060 10652 16892 5953 2644 7890 16216 16704 13477 3142 4054 6330 9577 549 11537 3490 8929 9028 5706 12558 12343 16082 1046 1780 1636 9314 5686 13126 12979 16896 3547 15488 10115 1831 819 1877 1641 15536 460 17165 13233 16002 12076 248 14201 11595 17386 916 14162 9859 15094 4490 15534 7996 9986 6788 11918 13388 9110 16693 396 13573 16118 12308 4920 9738 15562 3005 12725 16329 17031 10346 9322 16074 2419 2264 16850 7148 4604 2429 3628 14007 4447 3355 782 8465 12130 13807 13500 9205 1236 8893 7577 11883 13027 13739 14921 3615 16928 8469 
9123 3546 7095 17857 11070 16455 6975 6624 9861 10761 8068 13137 8850 13757 11421 5137 3973 6897 3739 1008 10363 6268 12703 12591 9037 17344 15556 4241 13016 4865 3421 11690 8336 16443 6021 7239 12197 17073 3852 14025 10866 17769 14415 12504 16629 5406 11451 11364 523 12027 9930 6529 1147 13431 11794 4940 14339 14456 3253 15031 13013 8908 25 15236 2171 15072 10322 5155 759 16788 11414 5077 9136 2126 17763 11668 9027 8735 4289 11486 2087 6289 1034 16049 17677 7001 7547 13153 10646 2789 17443 7058 17393 16280 9458 6842 15721 13303 14582 4144 12306 2843 16670 17801 12788 368 13554 12640 15881 13086 12008 16748 13975 4420 7743 13451 10768 14243 13880 10785 6526 11011 12341 3835 15504 2509 5988 4307 1166 5781 6872 16735 9736 17269 3900 1691 1989 8165 7335 9452 8895 5677 16344 12745 1134 3710 16316 12650 13230 1101 5112 195 880 11225 17915 3184 3825 5068 5463 3719 12850 2661 16444 13687 8494 14920 17750 8806 7346 12324 10895 11098 16302 14829 13681 11817 4867 5368 4438 3724 16249 9733 6928 10561 17257 11900 2501 13458 5836 14605 7385 11354 4485 393 1221 7137 71 360 8578 8553 16385 11731 3100 856 14786 4673 16428 11530 3313 11966 2710 6389 8319 16522 15859 15554 15198 5765 13391 7476 7004 8630 5851 17573 17474 4530 11610 1371 15017 4448 5354 4863 3902 6168 12018 12954 15662 245 9596 9790 6046 13808 6051 7398 15367 15315 8777 9890 9227 16407 7616 8330 4028 10103 2302 2771 5227 8976 704 17690 2731 15104 4252 13613 12755 6675 14987 
1362 2454 8811 17389 7560 15168 2881 6354 10683 3343 17851 13879 17349 346 5766 8379 8145 3271 4323 4864 3928 17662 11460 4592 5800 15668 6424 4514 1042 7557 16482 7713 4002 1818 3072 11574 15507 2370 9102 8283 12237 2395 966 10281 8634 16278 9492 7815 10935 2629 10624 5397 13705 15382 1810 4735 7202 1157 416 14495 7935 3965 11843 14019 7534 4745 3645 10392 5353 2982 5732 1403 11036 865 16574 5888 5205 14830 5938 8600 761 3353 1619 14723 1541 4796 8935 7392 17281 3687 6877 12890 17333 5356 9290 14473 11479 13238 5386 7223 12983 632 16830 386 16791 12773 11696 9693 7700 15955 1300 15760 15886 1829 9810 17563 1659 745 14256 10460 3280 16661 2513 16895 10109 359 967 2777 16883 15418 403 11115 5641 5357 6739 5881 5287 17291 9769 8472 897 6006 12278 939 1696 7449 7057 4468 12083 12831 454 6132 5965 8229 12109 5708 3727 10539 16333 6121 9616 17784 17124 13165 11673 17179 14 2547 3678 13464 14910 15853 17433 3847 11469 4451 8227 6096 5853 14569 8488 10288 7541 12095 7736 1426 16723 4894 11558 11308 16477 10477 10510 1669 11302 243 7858 9418 15196 12388 10182 994 3659 14020 8360 17080 13798 7441 17360 13581 13031 15683 4387 3420 4146 15991 2380 1484 8659 8313 10440 9283 4418 13638 12347 16910 5994 8621 12681 6280 5228 12780 3365 5916 2069 339 5071 5150 17590 5526 5795 13790 4941 9673 15099 14046 12832 16070 3360 12296 2732 17460 552 16988 5461 665 16859 11723 4664 392 6540 3317 5019 
3351 5730 11616 1557 12633 5376 4402 12867 736 7093 8616 4792 15165 6780 5961 15712 13527 4713 9745 17233 13678 14263 12357 15160 3504 12781 6775 16175 9273 4359 5684 3027 14766 7283 2091 7785 11846 14068 3144 16683 14688 380 1506 10827 6075 1185 13353 10677 15474 16917 14181 2745 13041 6451 4657 15030 17566 11872 9971 14534 4852 12340 6843 8255 4979 9191 17576 748 4113 10225 2202 8392 11757 1859 13579 17050 174 8910 2165 4386 14585 17022 11445 2116 13454 12607 5041 7069 11369 12578 11993 10997 1492 8512 5693 8930 788 12479 1729 17719 7804 14780 6690 8462 10157 212 13741 520 6751 9537 16493 7340 4229 9143 5442 6860 10473 15844 17858 7544 4151 3410 13654 6950 14170 11981 645 8120 918 12098 840 671 3162 14447 1542 6722 11313 3171 4829 11407 9057 3237 1519 11854 5179 1764 4117 9870 15676 11124 13146 15176 14917 113 5056 1114 1124 8261 17592 3591 14923 10679 9631 1748 1753 10354 7176 8115 17260 12556 8500 12355 8780 7344 8611 3717 8656 17057 1416 17211 10513 8017 6349 16132 10929 13180 17035 1803 8599 783 805 16431 8351 3113 1402 583 13141 721 1045 11452 2772 2742 15999 13974 3493 14416 13584 1875 12785 2566 17182 14670 10282 14189 2176 7045 266 17127 3867 9114 6419 15038 3160 8318 16949 15432 10766 13612 9011 12911 1337 495 4161 1817 12023 7511 5466 261 8603 1289 5978 2463 17495 17183 5799 4781 1142 14275 9305 9439 12819 8396 15879 4118 6719 5900 9015 14471 9621 6029 16464 16031 3823 17162 6202 236 13556 
153 13179 9591 17149 13176 5610 14385 14895 11034 10642 11268 3153 10447 16803 4635 9466 14736 12898 16923 536 9705 16681 12625 7439 10207 14342 16058 13522 8882 2369 9233 341 8721 15624 2838 10248 2019 3579 2760 7347 771 13134 12705 8175 2331 1146 9843 12885 13206 13236 10740 1419 2824 16006 7660 17449 8596 16240 1381 13676 8801 16484 7319 13559 13278 16289 11161 3166 3840 15735 16796 8860 3411 13239 9406 12643 1968 17557 3790 8470 9107 4804 3998 2038 6824 5194 12011 7459 5314 3832 1424 10919 595 13514 14606 17960 13844 4108 17411 8732 11123 14326 11171 12462 17909 1105 10430 11579 10577 1178 5871 230 17129 6682 8562 11657 9997 15114 16501 3020 9637 559 12605 12523 17294 6916 9568 16727 3960 6049 15799 14785 14057 10418 15777 3284 16272 7481 3340 12719 16743 13299 1241 6691 16506 1680 6415 17665 2722 10762 8385 12466 15944 10054 9608 5224 4756 14708 7468 12645 14852 4026 13625 16021 10522 6371 1998 370 17536 5933 12667 2065 3854 9711 16775 8202 2245 3666 1613 168 17204 10708 8053 11030 2455 7023 16185 1240 1760 13867 10489 7566 12138 6350 7168 14800 13916 3444 13564 1267 14228 11393 10984 2735 17387 9343 10964 12168 13594 17809 438 12193 13999 17146 14545 15817 13297 5979 5998 17263 11449 8269 747 8586 14379 14081 11298 3771 11087 669 12803 14831 12140 14939 15602 357 4330 17339 16343 12269 1990 8529 9600 1332 13222 5930 430 6558 15372 3784 13851 14548 1605 11828 12096 15978 6146 12325 2312 10302 4547 16927 781 16637 17864 13985 14553 1349 16056 13379 8447 
3468 14466 14115 7875 16491 5769 9784 10174 75 2061 16335 11109 7755 4167 1515 5805 1828 8652 6585 3772 5332 2368 3894 16565 7673 8297 1822 5645 12431 12938 16292 132 7049 16644 17574 3150 10989 6231 14109 9258 12939 14796 15312 5763 8214 14922 15045 615 4968 3837 1497 17526 10476 9726 13081 11365 5944 1771 2863 11287 9776 10663 7592 3029 14027 455 5759 127 7389 4308 7623 6728 4219 2046 10576 826 17365 350 4503 10072 3091 4417 10696 11972 10862 3520 17237 9047 14039 3676 3715 8501 3328 3530 11876 14412 16507 3999 17017 14083 11228 12454 12579 8601 12059 15877 15106 9615 15457 2205 871 9724 1361 14789 7587 13463 17234 16822 14295 3605 6838 2045 1581 14426 8038 3116 15951 9707 4849 8584 12285 17728 8905 14806 10606 12383 14998 5134 6883 7020 17442 6020 5430 6454 3597 3580 10562 8027 1833 14435 11081 10388 15291 7805 13113 16653 12551 5664 2338 8346 16068 2638 13258 2800 5791 7837 9262 7252 7605 10003 12834 390 10973 1530 13487 10700 5862 11641 5725 5070 4561 3464 7151 4962 4020 16372 12416 13845 13692 1826 310 11510 16389 12795 4694 3386 9716 12407 3022 409 16038 7181 17899 12304 2762 3435 5976 15427 11946 14188 16639 3649 2148 1154 10887 10658 5487 4214 3521 14431 7957 9288 9206 16810 17942 3560 16030 14704 803 14003 8035 11672 12000 14354 10362 9327 11048 2420 10770 16849 6012 15194 15718 1215 15021 10307 16173 12491 3377 14414 17629 3785 9215 8759 15783 1796 7788 7437 10670 14141 16676 7343 10865 
2610 7365 4248 7329 4090 1320 10369 16764 13332 15088 501 9238 14307 17232 10524 2961 9942 9706 13483 16413 16759 9623 13956 147 16252 17307 17227 2876 17301 15317 2487 2442 16677 9585 1004 13089 4593 4671 15234 16254 5679 5211 7050 4071 2082 7386 3369 1536 5991 11013 10311 16590 9219 5905 6918 10702 12652 5671 6266 6578 11921 16825 8606 1188 11133 14651 11083 14378 4815 11122 11250 3489 2358 2787 13969 15256 14866 16478 2633 787 10433 4172 8423 4466 12986 10355 14565 5147 5080 14957 6456 3080 16829 8171 9058 12302 9875 17285 6796 15383 6721 6222 15266 5005 10005 15496 797 14504 17831 5378 7856 2570 3445 10083 8627 14278 10963 11908 325 3375 1893 15565 17606 6924 13888 7531 8268 14841 550 14603 17475 16555 11597 1642 16015 2304 4800 7848 227 11147 2255 9346 8134 12697 2866 15856 643 2260 4985 8000 7480 17314 12512 9750 4956 6649 12668 13806 14062 8719 3446 2050 15793 5755 8410 590 15137 9580 9865 17589 17614 13586 16756 1387 13499 3103 6070 5034 9326 13603 11264 1994 14862 14026 2845 12694 10588 8371 15495 1246 17806 16334 4198 10474 451 1670 7637 17114 12199 1884 14335 14072 17367 8546 13799 10461 1725 3274 278 1647 13272 3327 5981 1717 2897 3324 15757 6865 5154 17361 11594 13794 9344 13695 3845 2575 10869 7784 16499 10514 2770 12872 2619 4044 2156 9617 4742 3537 13846 4 6563 3746 9020 3650 14549 14826 12569 7607 11390 14129 1874 10826 2117 9284 4725 14843 1176 7889 17483 6914 8859 1449 1934 3239 
2688 16572 4872 13062 11071 2607 5184 5844 14698 7056 3273 17116 17664 8106 7990 1120 6307 17272 4123 16414 11539 13717 8023 1048 4085 1432 14074 11265 6697 9194 1706 301 13951 14961 15473 16097 13406 16995 6186 9195 5841 15396 16356 9735 16599 16800 15195 1467 16161 5412 108 9570 4539 15546 13860 3448 7192 8205 13197 4969 640 1625 4150 9854 1929 14136 3918 11200 17771 8567 11258 9601 11991 3723 3216 17217 15150 9573 1567 6531 8793 8366 13200 6403 12869 11309 2584 3236 11395 3452 5119 6689 1676 11054 7264 8012 1804 3709 10097 9125 5659 15604 13277 8406 2275 14231 1651 10231 17688 8783 7345 7574 17649 5048 7952 8250 16189 1308 7808 8211 13966 10265 11319 17134 17528 9802 14360 16739 11864 3329 13225 4333 2227 16415 12493 7960 308 4688 13745 15288 5479 12757 15254 17514 16773 7101 10725 4543 2973 9477 10817 9931 8936 8690 4488 6388 4327 8475 11995 8404 6206 5699 1585 4582 16500 15453 16770 12427 895 9353 11751 3922 13976 890 6277 15598 3639 14935 16077 13357 6282 5279 4555 16093 4556 16851 6922 9803 9645 3134 3256 9391 1894 2086 11614 12868 17867 17004 1903 8911 6917 8592 9742 14260 585 461 6869 10201 15788 16256 11241 668 10483 11927 11140 12132 10900 4711 11623 9293 1881 7185 7216 14336 8685 4157 8408 2190 1527 7901 2523 9401 17600 8660 12585 9660 8581 5462 12620 8802 17512 6987 1328 2497 15840 7411 5549 8981 8607 4824 1873 14219 11840 16641 15974 10297 17378 6653 11745 15134 7139 1739 16625 7359 10458 10007 2285 986 2965 14051 
17976 7251 12906 4948 2025 7599 5532 10095 17235 621 6117 8886 15750 1944 11890 2062 146 423 5722 4240 12937 12984 7789 8257 1667 14073 15043 964 8140 15395 10442 12586 3774 1194 15117 15357 12036 5646 4929 11052 7425 2988 3813 10833 8922 6957 16527 8088 5490 6684 2355 15858 2550 15693 11092 9337 15226 2746 16864 7865 4706 6500 6110 17362 3372 5829 6960 17490 9144 17529 15373 4776 15958 1528 1656 12019 2152 4581 16192 8353 13592 14645 9955 6416 11759 15685 7157 5558 3754 16361 2350 3587 1793 1924 16271 9988 10238 9317 15374 5715 4372 3878 347 1139 8246 10313 12969 12841 6985 5013 6487 9278 4247 15331 15920 14902 15972 17879 10902 9208 3683 5971 5169 6136 3293 9953 17454 10235 7761 13121 8658 11162 11752 17797 13190 13264 1462 6339 3056 5625 10425 727 10840 6045 10335 12577 11770 2613 16378 1806 15731 17299 6789 6201 6048 9694 8631 9658 2187 8745 922 6427 7293 4588 4039 6759 14946 11285 13831 8277 15456 473 14244 6652 13742 3003 1808 16685 2345 10645 11352 4449 4373 5107 6043 14586 6706 14790 12544 17208 9067 2267 12346 1397 3357 6050 4653 271 560 9340 12480 6901 4614 13226 12160 3636 17055 9304 7435 12190 8339 1002 12102 16931 13525 5764 2107 5756 12756 15406 4395 2792 509 10163 15806 6943 1679 5054 13166 13071 14687 12403 2112 3940 12677 6384 12213 16971 8591 335 13361 6524 5627 6368 5990 13778 13205 4079 4551 14028 11606 3473 12893 3498 5934 13404 9010 1181 5388 2987 16871 5072 15276 14870 15679 3416 15524 
17391 16026 15246 4794 7248 1947 8458 5728 696 10251 15438 10368 8964 16174 14424 4636 580 5644 10246 17194 10056 14107 7828 12358 2837 5878 6737 17379 9818 8024 6269 14303 4398 3968 9774 11534 16409 1272 5451 16838 17730 4437 14421 17535 3525 10794 1038 6022 17448 15381 6801 12261 15420 12690 172 12613 3408 17059 6685 14680 14641 7738 5564 5837 4891 1898 5876 13832 11835 14827 5244 1645 15997 369 14983 2389 11114 10509 13707 9222 993 13161 9487 14476 1609 5636 12656 17687 130 12752 14021 14100 6913 17198 13395 2387 8483 3467 14941 9056 4883 12055 16323 14908 5598 2309 7540 6218 7484 3640 43 8978 5269 5819 17671 4177 9303 6166 3570 4021 16358 3358 16904 7301 5668 1573 14568 503 17866 5630 15309 13082 15695 15140 3319 1202 15034 2180 13664 8188 6708 8878 9475 15644 17018 9235 1721 11665 17923 17943 14735 638 12628 15015 817 11893 3675 5318 12921 8789 2226 12277 17330 4575 2059 349 493 11212 11059 16144 6142 5421 8797 4100 10099 1129 17236 2947 1448 12446 8589 6474 5497 5602 3680 3510 17277 8897 13882 12606 2730 10639 10957 5692 15486 8758 11556 5248 3469 1608 12121 13157 10903 3298 16561 7195 6662 4276 14171 733 6340 622 13252 3279 6004 13804 12483 1370 13430 399 5501 16460 846 1055 4473 13193 10073 13544 10726 1743 4413 2663 13755 11233 8880 2055 10479 16976 2693 11624 6363 8568 15328 9946 3707 8430 7099 17963 7138 3824 3512 14792 1566 2078 12794 16079 6852 13106 6423 17456 15992 16992 7593 7554 16157 7723 6696 14158 8669 13092 1059 
17859 5574 738 3780 16179 582 9708 2766 2805 13569 13138 12630 8223 4326 1867 4591 5839 7953 2296 15829 6586 8179 11066 11222 12508 11266 3811 4908 2251 1550 14498 6615 14888 16214 1356 68 11496 5523 1395 11379 1701 4431 10047 3735 1926 4344 2784 16044 10599 4578 5826 9336 13471 6333 9766 7582 11560 17800 15109 14992 7124 6412 14846 13091 9425 2124 2553 14515 14320 213 10693 8743 2748 7261 12927 11057 6845 46 17744 3060 10880 8119 11476 3881 2300 14947 11408 14936 13231 3910 623 8824 10628 11639 11632 2123 6551 3793 8402 16145 5161 15830 5672 5906 13359 6760 1113 6326 9689 4454 4576 10352 4233 2591 8671 6287 14490 7414 4910 9533 17602 1815 1724 17337 8632 815 14560 5552 7267 7882 14681 17936 4541 17363 5504 15085 8484 3701 9832 11051 14754 3978 9530 8137 789 14088 7032 12207 14084 3775 11232 9945 11207 7619 3763 11661 10544 10939 13118 11485 4093 17949 4758 356 6584 10315 12499 8736 6817 8365 17776 12519 1292 14907 142 15040 5816 3571 17046 175 17199 11831 4068 7975 4536 13536 6428 6483 6945 13820 10383 20 5302 6323 5635 16724 1396 3463 12823 429 10464 13960 12856 6220 1816 10452 3961 16034 16711 6834 841 5921 15827 13694 16183 6394 14169 15410 13057 16963 12538 3599 10319 15952 17205 6437 13170 10844 16381 9188 9266 11555 4994 1405 4902 12647 1275 5409 16368 12374 11489 13950 9449 9951 16914 3806 16793 6047 17673 9088 4954 1952 13934 16347 11633 11316 1856 3459 13847 11025 5249 15666 7472 12191 12897 6462 14943 10258 17639 13691 6836 
2844 2103 3036 11617 7797 7173 6510 2142 8265 2880 2337 11307 4011 14425 16804 5371 11967 13296 17461 4206 10057 5416 10758 14931 11182 5567 11378 6385 8530 6230 17072 12080 11027 7596 3384 13362 16761 3696 2682 17136 2871 14226 10554 249 7191 9765 15468 12855 4461 2940 8010 990 5046 4734 8361 8127 1303 15577 13978 8947 13861 17966 10088 15938 1118 2522 728 4004 12233 14056 4160 7826 13462 16972 6130 17167 2503 13774 7729 4035 3946 3205 13738 14323 17705 7820 478 701 4651 15657 2360 5246 14879 7771 2048 17521 2261 8186 5090 6941 1733 5399 13472 2864 8042 9980 1949 10066 3830 17948 5867 16627 13550 13624 15925 1265 15652 4169 749 8796 15184 9746 16150 10643 9186 4615 11045 5824 6846 7977 7813 15344 18 8324 13775 6119 3289 10838 12488 7995 11735 4042 17738 17419 6795 13682 2508 16841 3451 7644 8416 1131 12941 7892 16818 2184 11776 17221 12797 17910 4607 6210 958 14283 6259 13981 15898 7129 10925 13474 8775 15697 8734 12616 12010 7246 8845 1329 13070 12329 11152 1797 16587 17185 5694 7897 8982 9109 10918 7324 298 10613 14052 766 8436 13575 9599 6940 10269 9333 7259 7715 11432 2917 6128 14540 8602 700 2774 17319 6661 6886 4139 10906 2540 13279 5089 14325 12996 5167 181 16399 13781 3337 15026 14860 1376 13583 15056 4140 2307 5306 4291 16364 17807 9249 1587 8776 17288 5834 7255 12676 12793 7515 6749 17210 4301 3693 8451 573 17187 7372 9075 8547 4370 4564 16269 2714 981 6553 12170 3277 3629 9332 513 7823 3009 5159 16524 9098 14865 6290 11428 11064 
3039 13101 1360 13881 8694 13608 7914 7485 2407 972 9973 17778 8730 4357 2179 5884 2095 5415 658 10719 14190 6898 16447 11806 4474 11416 1082 5723 2642 3655 13250 8448 9624 14147 15707 4554 7551 8097 9312 14499 12777 6420 14142 15513 7581 16473 17565 13080 13744 6645 8049 9454 7699 1186 13003 14485 4579 9571 3994 13588 13325 16718 12847 15509 12038 6013 10790 1216 16874 8598 9952 4152 5556 6559 2191 13512 4349 9944 2230 12500 14632 4542 16088 10334 12849 14284 8522 9554 3491 14528 7079 10667 7303 10384 16985 6923 5665 11206 17432 10668 16886 6044 21 1109 11323 5165 16817 6257 16306 12926 3843 7648 2492 191 9884 6677 10889 12242 10300 10933 125 3839 10331 2102 2634 16111 5750 16557 7406 15128 10508 13073 14621 1776 13459 2816 5690 5530 1175 7379 500 10803 4489 2645 17316 9502 1920 2700 16360 7452 4992 9482 9129 11842 12246 3532 9092 14038 6279 76 15375 1535 15024 16255 3903 2310 217 17686 6009 6761 17904 2274 3203 12589 10294 5263 10221 253 7899 4446 16199 15112 2326 4990 6486 6167 4471 7034 6506 14396 9811 17553 7442 3028 1552 487 7636 7720 16862 16229 17197 594 13786 9808 11274 1660 1543 17887 14589 3359 3430 12485 6867 13945 214 13519 6360 11575 4692 11524 7213 2150 13962 2157 4799 15681 15937 729 2273 6458 5540 13578 16095 4668 14899 12854 2207 15290 15723 12598 742 40 16616 12798 15641 10497 1406 15393 13505 2225 17747 144 17811 10687 2502 10185 10536 8006 8045 5015 6501 11126 12971 6017 1523 4877 1601 11138 11762 1037 4647 1640 4379 3966 8373 
543 17508 12711 1749 7212 9045 16062 4128 9396 9082 3819 12204 11655 15672 3856 16369 16531 9433 2217 13015 15082 424 7127 4006 14146 3427 13758 5293 731 9072 926 2291 2715 2448 2174 3266 8565 2169 9429 302 2214 3729 15162 9390 14757 3969 171 9804 5436 12582 16839 14329 1615 2590 7075 6490 2005 15811 11492 2980 2834 16513 6461 6968 514 8676 16348 4737 10275 16203 13005 10704 7514 15568 11356 15579 17245 16283 6005 3567 12097 15287 17726 8579 1052 3257 1814 7537 16691 4612 10745 10550 2963 2456 3244 8746 8384 6377 4874 17081 2612 14755 14746 5308 901 10118 4220 1226 12735 7492 12722 355 14122 9403 5932 5117 7964 10153 1685 11214 13498 14114 15764 3484 9446 11513 1269 5339 13541 4740 14529 17507 5374 5208 4338 17312 5458 5513 1936 4738 8367 11257 10360 16519 9431 9051 8875 7681 14747 6243 13469 2488 4295 17530 4719 7864 154 4923 13419 9820 6791 12244 14832 4416 7374 16110 6525 12739 5869 9970 5296 6089 15993 12290 7575 10101 2694 15658 2983 15125 12918 15586 10630 7273 10747 9720 15960 3376 14311 4263 10611 10347 682 3815 3669 1650 2115 2957 5226 16363 14494 6844 1228 8892 6493 6862 5407 13609 13162 6873 4712 17647 1189 14478 11605 1604 1195 13187 13282 3269 17612 3204 5405 16547 1913 8162 14358 17772 10635 16586 15329 7070 15003 13560 14314 4057 4179 16446 651 16737 4184 17513 6983 14631 7333 3862 435 17070 3745 3611 4838 9868 4391 12560 690 11376 5891 12156 3716 6436 16251 7277 6905 5076 7884 14999 9894 10960 15255 8681 5695 
11619 270 17586 6547 8187 8109 7600 11500 10137 775 10836 12084 17150 262 5806 14151 2802 1237 15238 6390 969 14380 12319 12318 15204 1047 141 5020 8413 17617 9311 9657 2910 11334 17656 12275 17847 8805 3300 13743 15084 8994 921 13719 3261 2520 4749 10716 8844 3807 12378 9999 11457 717 14524 10857 2707 9298 1654 406 718 10507 11180 4774 8362 5447 5476 7612 12574 9581 3887 8275 2085 12155 5116 9757 16952 15696 13345 32 9679 7342 14164 15053 3099 4893 1853 1091 11866 11094 15932 15922 1531 3647 7955 839 4445 16267 11749 1385 13631 6101 5534 4927 2942 8342 11292 8710 17012 1304 15110 164 11760 3818 10036 7704 4840 8108 13658 7115 13156 1447 16007 17329 10270 13858 12445 16268 7033 9553 9342 5282 3016 12320 971 3054 15816 17324 437 4138 13433 3079 1252 5508 15686 7424 3983 16438 14371 8076 6215 7071 1363 510 11137 15037 9743 1168 4176 14942 15190 4926 12619 226 4204 16207 10396 15943 9787 12004 12853 17660 14288 1429 12088 12517 11875 13818 7571 13087 12814 13653 12226 16545 12455 13370 8901 3393 12073 4419 1028 1540 14400 14637 3820 16392 7627 8477 7419 7642 6262 4836 13018 604 6369 11907 4283 6025 705 10867 13955 16022 14332 16548 363 16236 526 282 9106 3318 10106 4683 15687 13508 11503 8443 11584 2718 13669 8525 2675 13244 8118 3728 10692 12113 391 7394 5193 13227 12546 5856 7840 10419 84 830 314 6748 9465 8972 10921 1094 7121 7355 6398 15294 15822 4067 13895 12715 11649 1015 10202 13115 13183 14102 15077 8664 7412 16659 16325 3438 3833 14198 1961 16001 17417 
2493 2922 9786 6040 9667 9627 6666 11775 16141 3663 6159 10408 10993 17383 1594 72 9903 579 12820 12864 13957 13920 12079 11650 9154 9900 17151 3189 8920 3851 4045 16755 4163 15351 17028 9740 13323 5601 17189 3573 8760 2130 5055 16878 6342 8610 5874 11535 13821 12192 13548 13977 11637 15147 17760 17839 14953 17410 16123 124 9659 7553 11055 9503 7475 11024 6773 5018 7163 13306 3049 4043 11648 16036 10030 1138 11642 2896 16632 5974 15805 8091 9320 5402 1229 3920 15737 1297 14518 7118 8717 17861 15961 7019 1183 10589 2906 2545 2144 13270 15326 11132 12490 9100 1720 6790 6088 9008 14479 16471 13181 5156 4130 11033 4181 9104 2587 698 17368 16202 10807 10746 15929 10729 169 13862 12419 8264 11509 11384 12345 1525 6768 6868 16516 17025 8449 4723 6447 4693 11396 7597 10081 9165 13199 4000 4343 12115 2276 17598 10120 12940 2109 10744 14929 7647 4816 5440 2092 12251 15924 2767 14686 4439 14951 8087 9450 6366 2684 7793 490 11744 7491 10769 90 12271 8110 14781 16919 13243 3788 17952 750 16090 16149 12024 3402 9352 5053 17172 17377 1377 8583 2928 16873 1413 14394 1747 17026 15169 7753 15505 10211 16573 2371 12173 15826 17491 8563 9319 6184 13767 695 13168 10340 5752 1675 6087 4702 11588 13531 9831 13389 6329 11823 8698 3161 128 16754 12988 534 15233 6251 15177 16898 10853 14363 4058 1158 4785 5276 2796 1860 4898 14787 15450 7334 10609 17144 17066 15389 13349 11004 14236 1649 12559 725 11399 275 14340 6632 13963 908 15923 16538 6519 825 2151 5838 6592 5037 14375 3672 
10098 6471 11382 12945 13177 9472 4518 15946 1398 3897 426 17935 14230 7327 5566 10720 15048 5259 2764 10602 1276 691 8101 8218 16798 10915 8570 12821 14653 16837 14849 13133 17735 12236 1896 2604 6972 3378 17813 17463 3890 17808 10203 8220 8961 11997 13635 420 11529 8409 15108 15654 15864 10078 17175 11520 16474 4423 16630 13822 7436 2317 8762 9542 10751 17069 7397 845 15470 6520 5213 12537 8520 6247 1617 17880 10802 12916 2308 9495 12682 16242 8548 7235 2077 7313 11525 9419 1414 14372 11905 13114 13582 2282 13933 15698 4690 6002 9682 9866 5637 5559 2972 10972 2470 2894 7618 4762 11678 11821 9260 5815 5663 15270 12610 17320 8389 8320 15101 3155 1503 17593 12332 11487 5590 944 8588 9264 1334 13979 2946 5234 9841 17090 9559 7835 3038 2221 16266 11868 4809 4329 255 11120 5777 13737 5786 15895 4919 10684 9996 15520 9491 17503 7942 4432 15366 5872 9759 15330 1404 11361 16394 14355 741 17280 122 2008 12907 6566 7332 11973 12327 4602 9112 13760 16675 8221 6594 3758 1036 799 1092 16155 4078 11436 9408 13409 16853 10237 4770 3997 17874 7051 11046 9943 9872 1611 115 16327 3210 13994 3853 792 10991 13214 15834 10299 14813 9826 3276 831 11569 3285 4678 13577 466 395 13698 15700 13792 13721 13377 12433 5705 13675 8820 2073 2424 10063 12876 17825 9479 119 11567 8100 1488 4122 17395 10531 9947 5288 5327 8747 13929 15289 9717 16013 1093 17222 50 6441 2224 1119 1661 4574 3264 3287 8217 13344 13305 10580 4005 4526 4886 14783 11177 7940 2909 4643 1977 16520 942 2147 