72
1323 10759 7522 9162 7875 11650 3816 3426 13138 13800 9432 7056 12002 6775 3383 380 5806 11490 4314 2017 6069 5085 4665 9033 10818 1740 10936 7855 8634 10117 7436 3263 6344 14846 6286 7475 8754 13317 2904 4141 2698 13473 8910 4648 12890 9320 12050 10529 3686 3676 6767 11245 3913 14373 13702 9256 12094 14560 3410 8654 6877 10460 13788 1256 3562 5932 13355 645 12527 5495 2977 3393 4270 12211 1365 805 11253 1682 4130 5395 11427 967 14299 1808 2886 12402 4873 6298 4538 10349 4153 12021 1943 9668 6440 4126 9060 14391 2755 5497 11124 4351 11673 12541 2268 3962 3888 10323 10965 66 7109 10570 6017 
9942 348 13177 11385 13608 2883 1947 3192 1557 10915 4362 14965 12235 1316 4007 10749 7362 12933 687 5373 999 12431 9507 2019 8088 12417 14446 3799 5203 11131 11960 11102 11629 8247 8021 13980 5088 1528 8364 2399 6122 7214 332 12986 9008 8522 13397 7175 7774 4601 3392 6044 8600 4052 6517 1027 9356 155 11717 4108 8597 13217 12497 5066 11869 4793 1291 9719 8007 1248 684 12706 1556 14218 8502 6215 4845 12940 5591 14829 961 1657 14834 2354 8104 2508 7683 14010 11932 9957 4653 6174 7948 9470 3814 10929 10411 5742 12531 2014 3151 14470 14275 8890 8583 12959 1327 8240 4652 12247 2835 
7797 8109 11577 13920 12045 13761 14736 9238 5418 14927 3778 6386 12435 12743 13601 7166 2993 5289 9818 14688 2838 810 12660 6138 9063 8712 10234 13198 14144 611 11336 7280 11356 11551 943 8392 5509 7623 829 3938 13826 10667 10334 2464 4729 13436 8824 2087 3413 11387 3608 4832 662 2279 9247 350 10763 5498 2010 11267 9481 12406 12796 8272 3176 13112 10465 9403 14642 5867 10192 8714 7856 9274 13763 7376 12956 14820 4442 7988 5869 11625 780 2588 877 9282 12161 9352 4797 3742 6121 11081 13765 9577 3464 1504 466 2850 5713 13 9284 10015 4586 5193 3264 4496 5249 5934 11298 8660 
3117 11736 10956 14581 6390 2797 11968 8379 1086 1048 6073 3499 1511 10051 4782 1043 12105 14538 12729 4359 1809 1107 54 14835 912 4111 7124 3068 4550 11707 2269 12818 5049 11640 7311 14749 8132 2085 1422 5810 7313 10217 4328 12295 32 13220 11426 1676 3832 14660 1378 10742 9671 2591 940 13827 10391 3943 4844 3896 11396 8030 6236 10265 5200 8133 3631 13086 2193 12285 6856 11508 9145 13850 1207 8521 1904 6388 14408 12480 12338 3769 10959 5479 6084 6633 3680 4939 11076 3522 5396 2878 9989 9720 11524 245 11264 11312 786 11789 6155 7203 13778 5354 4213 
5535 9549 13413 5298 3312 3193 1009 1945 4597 575 11923 3772 10597 5605 3773 11496 8376 6459 11847 10281 3462 2721 5406 483 8596 5749 8528 3565 7787 9113 14671 8080 11835 12186 4620 4180 10576 2009 14858 8629 3197 2885 7693 595 3626 14606 10979 11972 5044 2882 9650 14486 10894 14941 2127 7030 12055 14906 4233 3453 11306 13537 13880 4151 5360 12707 9525 788 30 6131 14789 13882 3900 2432 6293 9681 688 1806 6967 1689 5385 8962 744 6722 12879 9675 14600 14199 8020 3162 9372 20 11069 10840 2905 6213 5266 11064 10414 7645 4058 1912 13812 4106 11021 
2142 12279 11073 8928 13218 13255 7173 9511 3856 12275 10719 8024 4899 6892 14459 13602 7005 5367 5568 13236 492 2160 6099 2472 4384 7163 14027 3723 8918 13707 11601 13033 11785 6299 12810 10657 10002 7966 3530 14635 5966 449 2687 1726 2467 1187 1063 5702 4952 8203 10339 2400 3917 7687 6838 6881 12371 3726 9446 1070 5676 5754 13854 2674 838 13146 3440 14781 2258 13664 7201 8857 13772 8975 3490 12892 2969 13728 1292 12268 6098 9558 122 14478 3607 12044 5043 14127 6789 4945 6135 1168 8884 11936 12131 1913 3572 6788 8552 8162 7723 5705 
5106 10095 5067 11307 10722 9973 10914 13879 5415 13405 9311 11066 4748 10443 6810 9726 303 12543 14133 3643 4578 13665 1069 9805 13637 5057 3419 7846 2503 12370 9573 10147 2074 4492 14206 2300 4027 8366 8171 14390 254 5431 2711 14957 8129 1790 6679 6846 8978 7691 5594 1261 5975 2938 13043 14309 7197 9022 3389 10122 3662 52 10679 7507 8662 5148 6505 9265 1696 4264 8622 13633 2182 12494 9636 4195 8260 7546 7403 6004 136 14059 13681 851 1396 8722 3883 2479 7237 3391 9138 4802 8585 14219 4340 13361 3131 2156 12881 669 6384 8864 
5925 11892 1479 4833 3895 3153 11151 11221 13684 14419 11694 67 1940 12548 4826 302 11417 2760 5514 8916 2355 12691 7035 13627 5018 6188 3224 14838 4160 10225 8996 3489 12799 6258 283 3782 2963 13922 12802 5977 7459 7235 2417 818 7586 1453 6668 3016 14482 13190 14465 13736 5152 10253 2240 3683 14170 7002 7897 10317 2228 1022 2421 8498 9275 152 7312 13802 14842 12909 9186 5325 10964 4142 9177 11308 1677 1916 14171 1650 3652 6350 8131 5414 1669 10094 8800 5040 5569 5185 3446 9469 14020 2544 7034 880 4023 6306 13349 10142 13232 2458 2926 2363 9734 
9903 6159 2802 3546 10527 5727 1633 12241 853 8218 8140 2758 5488 4977 12353 3651 14889 14796 3306 10038 4158 8649 9493 11404 11092 12662 5155 4191 9612 12877 12147 3275 6414 5236 11447 8735 2633 3509 4484 7303 5030 14596 1424 7487 7379 1802 8744 208 14443 12922 6690 10972 3116 4133 797 10573 5156 6764 10187 4038 2049 164 6369 4403 11994 4017 10928 968 14221 10491 3705 5998 13508 11927 14756 2543 916 10650 7374 14091 2644 3290 2499 6649 11517 2788 2599 14286 8349 6499 11698 11953 7866 12603 14831 8135 782 12209 2741 11117 11493 
13725 7212 11775 8692 2685 9355 10488 7633 14542 9310 2447 3700 6387 496 11416 8843 3851 8136 7869 3642 14289 4554 10974 12972 1731 13861 12779 913 5907 14339 8645 6297 7116 6481 10743 4804 11122 7584 6512 11047 14684 5704 1481 4640 907 14078 4991 14165 12323 644 1330 8939 3406 8288 5698 6565 5286 6682 8350 7067 12320 7874 4684 11072 862 5130 390 3648 8354 13848 5577 8716 2301 8073 8739 12488 11556 6876 8584 8065 9645 11631 278 5160 939 3836 9291 3051 11898 4127 13074 13798 3118 8856 5472 675 14158 9908 10064 10453 14046 1600 2168 14024 13262 
4716 3114 12007 6471 6391 13917 3271 9393 1554 14185 7984 10442 4942 10554 609 8487 11373 3339 3807 10482 4119 12183 13041 11248 10468 14222 12964 14905 2405 3848 14866 13774 4102 7391 10813 14713 9253 1793 14255 205 14039 467 14135 5654 13866 4376 3991 4796 10157 2002 4927 12086 464 2860 2933 6686 5651 6496 9278 617 14126 173 134 2999 7697 13474 7695 11458 12205 10757 3588 11056 6041 7279 8422 429 10705 6694 7575 11948 117 2964 8268 13694 6184 5491 8661 11212 14882 13010 12737 5483 13482 9527 14080 6887 1795 
10293 579 2217 1671 891 9895 14731 12703 9003 2491 6541 10402 4202 8331 14376 8955 7317 12192 5241 7621 5202 14641 6968 11219 8442 2288 11317 397 4542 14097 13824 10459 10540 4336 12607 3520 9164 2495 1581 12830 11720 8980 6562 4871 12500 2270 13160 6455 5963 5247 10586 13671 368 8159 8909 1724 12961 8164 2609 12377 9340 7190 9307 12784 14044 82 14903 8338 3178 6362 7041 858 11430 1296 1257 3064 11478 4839 8332 8973 11466 12636 622 12957 10903 388 5140 10422 12121 5492 3143 3521 11803 1132 8408 6497 80 11438 1314 3950 
7134 8031 5730 4404 5104 697 190 10369 8965 9471 11884 13644 12826 11110 4905 5177 9930 10130 5913 5124 7746 12900 11802 2637 9429 4422 2862 9610 7387 1888 13988 1461 7465 10704 8353 4854 5946 3010 8899 96 13610 7456 9448 14624 8122 4934 9341 3598 12812 4105 13242 13498 2768 1174 2786 7189 1148 1837 11518 14252 12944 13394 6275 5732 6712 10690 10183 12800 4467 3050 13867 10395 13993 12912 2254 12544 14356 11123 12199 4517 1794 2315 12460 7129 10864 14169 9519 13650 12037 10466 1231 14630 14920 4850 2978 4555 5413 10494 12368 685 10067 7851 5630 3210 9652 9018 6883 14072 4260 4156 9461 3745 12598 10102 183 9266 11477 7174 10089 11528 2848 552 7260 11684 
12789 6588 11578 9862 9901 5338 7015 8530 1632 4207 6859 1126 5839 12626 3149 2485 8652 6542 12699 9195 8493 11958 2018 4163 14064 2745 4266 6997 11014 211 4345 12584 806 5818 3614 13930 5400 8949 1500 13592 3374 3257 857 6559 5860 5186 14050 5225 511 1577 7782 1010 12185 1907 12410 3431 3328 5087 1538 12866 2531 9455 13316 13433 10811 4520 8008 11682 47 13334 12367 6439 3362 14483 13974 3445 11432 14249 6183 7949 4304 9982 14327 7268 8929 5981 9638 12310 11654 8222 734 3880 14260 13604 3698 14054 4338 13733 14093 1514 8945 9918 10767 3639 1387 2749 10418 4795 9500 6536 12286 8742 6774 6943 10518 6242 11238 7021 7472 8529 4252 45 
9630 11190 7602 777 4792 13171 5962 14034 13522 4089 5722 2997 1784 10714 6074 5996 8 13134 13874 7167 2667 3963 8478 10935 9141 7050 6762 5359 7114 8801 2327 12467 13052 9105 9445 124 1773 13278 3294 2386 9107 9643 2155 9398 1648 7352 11915 8515 2509 8005 2582 8445 6495 10352 7921 14174 12298 3709 5234 827 12008 9264 910 13958 10682 659 10348 1031 2196 11080 485 11674 3553 9781 1097 6006 2427 12523 2611 4836 8195 13662 4605 1872 9002 7293 7262 427 2622 558 6630 7527 12026 10232 4088 10783 5992 3669 12154 5062 7642 10123 13818 2284 13382 14098 729 12478 8681 3287 6423 7710 885 4881 13049 4590 8425 12117 7694 6792 14042 
11502 14388 8341 13723 12084 1867 12477 6307 5844 10875 5020 6697 7053 12509 7985 1701 10086 4866 14805 9657 5800 10827 1965 10053 2292 4227 756 5865 7777 11716 10858 5525 3838 3029 13364 13793 3244 6013 11525 9952 9300 5623 8275 2038 3647 9604 1208 6328 790 5246 13202 11270 3414 9485 3644 7271 11409 4619 2816 8969 10343 2465 12532 2734 4818 13139 2414 7583 4099 9902 6626 6483 9442 14477 11704 7496 4958 12394 6839 10417 8767 2645 10652 6015 422 12914 6089 8861 4875 9538 2767 6984 6123 4563 14845 14628 2827 7580 9899 11748 8407 4343 8702 11085 649 12824 12517 31 5079 8689 4512 1413 13613 335 8387 9346 6770 8976 1717 4647 5306 3550 6111 6462 11411 
6978 12750 13840 3115 6039 11343 6861 9825 4519 3421 9896 3582 6463 6853 9701 10598 6972 2759 2520 2598 10242 8961 14250 7737 8181 1693 921 8011 2356 9932 10585 5369 1118 13512 6422 12381 7105 4464 7046 14333 4310 3754 10061 10186 623 10977 6083 8111 10862 13649 12752 7930 11192 8693 10668 14291 14759 14351 14507 754 10508 6885 2570 8233 10850 8810 12536 1850 12878 14566 6860 3428 9013 8633 12684 2223 11240 11045 1129 6488 7369 2184 4867 11168 8666 11653 8232 12129 799 2106 6772 6708 10555 14038 4334 841 13542 11313 9811 13338 14311 12249 354 292 13136 3164 12979 1585 4508 6025 11901 3477 14324 6134 5549 3849 9621 1523 14748 12798 12369 1899 2234 
6042 3741 267 14076 12786 14193 3661 6157 11889 3 13249 12625 6780 8569 7751 2603 11300 224 7868 8526 13407 11925 12821 10983 3993 9423 9922 4344 3331 7631 9103 5476 4150 1157 11757 12576 5010 2046 7261 1570 8356 3138 8860 8052 9731 3743 3548 14089 13348 7760 3353 1478 6491 6534 5707 10256 1252 12306 3601 6158 14824 7540 6573 13385 9381 8278 5668 9863 10855 10105 5663 1234 4216 883 10499 3173 11157 347 14491 11197 1572 10945 9252 10622 6899 4868 8789 5391 10062 4176 9670 13770 13497 14623 14650 7578 1842 5725 5231 14101 14734 9820 6435 12439 5770 10744 3334 8188 13677 7263 8695 9829 4408 9683 6124 14488 14237 14597 4486 8747 13184 6753 7811 4565 
5301 11268 10642 2803 4986 7251 14385 4012 11305 12828 10637 3110 9466 8998 8259 12114 4397 12665 2486 12621 849 11724 9180 9532 3175 7269 10897 10780 10439 1859 11921 9261 10615 12069 8444 12409 9916 3177 11174 3470 14585 6707 2750 10745 6923 2066 6640 2183 13748 6019 4651 11440 8237 5782 9905 7661 7427 9200 5520 5282 8827 14755 14954 9754 13646 7289 10582 6053 12593 10001 10005 5191 12785 11462 9364 3613 948 395 2638 13984 8321 14959 14366 2839 1894 5006 12884 13416 9762 1145 1942 7720 14935 3678 5862 2388 4972 12366 1014 7078 8417 12829 13331 4148 12226 11888 11244 14077 7226 8708 9894 5054 2536 12989 4317 6241 10865 12018 10752 3459 10180 10670 
13179 423 11853 4987 2563 13062 7755 12630 13216 12553 535 4129 4787 1549 5528 4167 1823 342 12777 5411 7122 14961 11808 7239 3720 11691 10779 13626 5787 3253 2980 10390 6851 12389 11980 9679 1383 12030 5205 12331 3595 29 14047 3881 5558 12188 10412 14060 5831 9125 6260 13124 3878 2435 12632 7250 12423 14945 6395 12805 11639 554 9793 7063 4481 14720 11279 2517 7414 5633 3843 14833 27 7743 2166 2944 9633 6857 13320 14795 1503 10971 13224 9296 11251 1117 5986 8316 6644 7569 1833 1950 4655 13675 12012 2908 7315 4117 10255 10383 6964 2956 10535 12792 6254 12895 10764 10562 6232 2146 2911 13656 9088 5643 13769 9557 11741 3537 6696 4625 2601 2055 2000 1895 
10449 462 13176 6666 3037 14229 10212 3349 2727 6580 11728 10831 1667 1433 11729 3930 8882 5919 9696 1395 6294 9039 5801 3261 3876 11685 2004 9454 2005 12379 9620 12506 6773 5506 3907 826 4453 9055 9926 5712 13434 8639 3673 8395 9136 8930 12557 8561 4718 10058 8016 8328 7111 7423 14750 1772 8437 11015 2357 11899 6014 8935 12554 815 1283 1673 4654 13437 10976 5590 11821 6222 544 10066 1425 4984 7364 3106 10656 7385 14884 1831 11322 6349 11783 4724 12177 14500 8281 7887 958 750 2625 5095 12090 4499 3159 78 3184 7842 5134 5036 4432 12336 2167 14740 11865 9385 4568 5505 861 1293 10697 13622 14870 11428 37 13535 9929 144 2558 2679 9114 2697 
6315 6619 8262 12085 9744 345 1477 8068 12984 7171 14809 2602 10056 1120 10632 13211 2682 8805 4943 10521 13080 3540 147 10872 8205 9453 1746 3057 4579 11091 11287 13910 7826 12350 9924 10626 8177 6754 13005 3062 7898 13415 202 13356 14273 7196 3793 11876 8707 7820 6874 12596 1520 6629 14234 14213 9966 316 12376 4693 7960 6803 11930 2656 11813 12952 6729 14426 10512 3289 5401 6400 121 5421 9280 10315 11302 5719 8748 7883 13737 3593 2657 7929 3873 663 13226 6009 2554 11497 900 14472 9837 8390 10115 13558 13804 3103 10842 638 6766 5290 7468 2716 1721 11563 10416 8919 1436 8235 11818 14588 10674 5501 2445 14457 6163 9851 14354 9839 3365 12949 
4482 10215 11656 9939 2529 6276 11733 3858 7093 9739 13912 8764 12981 1749 11339 13440 4436 2642 5841 8766 14484 11105 9000 2199 12822 13353 14524 5475 3760 7592 2171 2893 3166 2319 11679 12264 2007 2483 5935 9796 6962 9515 6980 9838 12908 11398 7994 9565 9799 8941 5239 4576 9693 10784 9044 1244 1880 8207 4424 9927 4688 6088 1061 3024 13472 14321 3748 10136 12220 6924 5585 10920 11998 402 8641 2627 7258 214 1262 5263 26 13503 8758 9438 8234 12519 5716 4155 9499 11342 4003 4880 5167 14940 6460 8500 3079 7839 1955 10728 14277 8867 9391 13168 6410 11868 4585 7511 11606 1454 10297 14843 6554 9215 6267 8318 807 6212 14012 5721 11204 
1242 14427 4755 8499 6508 7014 6937 9082 340 13371 5138 1589 7054 7790 4865 5762 5372 6269 13401 1161 2238 4695 11256 5553 2785 250 11833 4501 12652 3497 3380 5486 1957 13579 1333 6442 11211 14827 11055 5459 6102 12490 14762 2818 7409 1091 11135 14702 2573 10139 12770 3397 12610 230 14867 8501 1651 4736 4840 6058 12476 1096 12146 8952 4268 5785 2704 14075 9576 12680 9412 8619 1607 4756 3870 13233 4722 8628 12076 8943 9938 12931 8266 9236 5382 5053 5729 1933 7123 1212 2518 4371 11581 12648 14026 5979 819 9594 14435 2705 8443 8358 10717 92 7302 6418 3961 313 2572 14691 1951 357 9656 8279 12920 13925 8670 4 2692 10336 13188 1934 
426 8458 4989 9783 12163 10018 8967 12514 14775 5181 9081 11304 1666 12860 12201 8730 3460 2875 8804 6464 14303 6113 4710 8244 966 7401 14849 2097 13704 4587 8751 2239 9492 5905 5554 1615 1313 7309 5174 3604 884 14242 12615 3840 6492 15 11434 1695 9222 9983 7690 4921 2438 11668 11291 10306 7771 3130 2945 9458 12011 4144 10027 12766 1853 8116 9866 2197 7211 9563 3442 2426 3297 2261 9997 8717 3986 5300 3839 11509 6634 10590 14512 11903 8051 433 8966 5910 6665 9248 538 9677 3430 2664 14767 5078 11514 8446 11558 6506 7656 12411 7676 11488 13965 295 8750 5875 9213 4536 7814 12745 2976 14862 8963 12853 11527 3788 7137 10003 2131 8280 13655 11276 14325 81 12577 13538 3568 3230 4327 11196 3649 2557 10444 14962 4594 9149 12522 11667 7784 5795 3689 11645 9323 13963 1757 1488 9605 12408 713 14675 14007 14124 7689 2537 
1986 2961 1869 738 10800 14661 2415 11617 189 13918 11850 7327 3622 7750 964 1081 5566 6503 7282 7512 9389 7244 12036 7089 10359 219 1302 14337 5826 13470 10896 9024 13510 1498 9337 9064 12457 4862 13208 2670 10361 57 2553 7467 8793 12526 982 7963 12071 1032 8834 4456 1715 10121 6824 4094 11036 98 9380 7955 12696 2222 2041 13358 2500 6794 4073 8913 7016 3804 4649 1811 4883 9286 6989 12133 9299 8090 13424 6751 1620 14153 4428 5433 1324 9655 8656 5629 2260 4031 14114 5814 3875 1799 14806 13859 9642 7207 454 11544 120 794 315 5258 9840 14033 3922 234 4607 8009 7800 11232 12726 10640 3912 13887 9187 3714 10583 9335 11751 2359 8817 13609 8273 14405 656 8053 3441 1524 5073 1631 4426 2819 3615 11567 14886 3599 4603 12248 11996 2810 1103 3906 7437 11043 12074 14340 2562 11750 6480 860 
10761 660 10758 8263 543 7678 8809 6117 13605 6156 5496 7990 13015 72 7438 10909 5808 12704 10832 8725 1160 12899 13367 9663 10287 7434 2208 6147 10164 5319 13050 13237 367 11170 2746 2824 12701 11950 8635 10712 143 13150 13785 11804 670 4219 564 3021 2620 1071 8559 4269 2194 8306 9146 10997 2165 1375 985 6416 11281 7877 12380 13238 2244 12788 8636 4034 6977 11696 1655 9005 1568 13931 5048 1997 7579 957 3605 6963 9598 12293 11596 14880 14434 12462 13264 2556 14118 12020 6394 10048 8285 9184 4543 60 3047 24 822 271 3288 14800 13962 1755 7917 5830 10981 14316 12992 11810 2099 4350 5151 1930 11792 2761 11836 305 10354 12434 14634 148 14773 11374 5326 14591 11198 13040 1786 13324 668 5647 10912 1608 9148 5760 12325 3381 8997 2012 8213 401 8308 7650 5540 10571 6363 11922 14496 2112 1718 10258 6368 7008 
6624 2688 14817 4443 14778 12162 6507 12513 11344 736 7912 14112 11112 4557 7555 8731 1822 12196 2992 2676 4085 4860 14811 497 14220 1083 14532 297 14649 6771 9336 8727 132 8400 7231 11365 1586 2473 10322 13735 6110 4999 5127 2581 3458 5857 14448 8041 6871 293 13122 11252 3715 14138 1804 1102 1814 5303 11323 14429 13298 11621 8381 7718 2985 6119 9724 8320 6842 3133 14365 14638 6322 10898 11561 1829 1421 3367 5780 996 8983 13312 13152 13814 6144 4060 1280 3570 4247 13967 8027 12918 2605 11469 9521 1884 5265 13976 11800 4719 5972 760 326 7766 3797 6226 1326 7033 9196 6550 14968 9750 7003 7959 12151 4822 6093 4611 1787 2076 9314 9909 785 2739 6527 2164 6245 178 7627 6206 5635 12583 12489 3951 4291 10185 10947 14609 2615 2702 7178 6056 1015 1410 9110 11571 4457 12179 5510 3186 4902 4135 13495 
621 5457 7836 6783 7365 2920 9006 1320 6430 7833 14971 7204 8023 8184 1939 847 1862 5723 8375 8141 14848 12939 11529 1473 14181 4305 7245 1902 6264 1380 7933 11100 9804 757 6841 7748 9893 2395 3809 12927 9027 5642 9367 3957 6715 4885 5974 10381 5129 6882 9016 5693 5264 7721 9086 5470 13103 6806 7370 8623 823 3857 320 13164 13624 2960 4493 14902 3211 13568 12384 9880 251 3952 9568 875 2829 5711 5534 8558 13810 8155 9709 12601 2683 4571 10538 8307 3886 6011 4841 8110 1179 12923 5513 6096 14506 13620 12817 2352 1358 6635 8826 11503 14595 950 14508 11725 11407 6282 772 5791 14929 8014 10795 12251 1845 9911 2460 1725 12840 624 9085 5764 7422 13107 6928 8507 5469 8862 10713 11740 9712 14808 9660 14548 3594 7928 3902 179 5588 8786 12039 8759 10424 12374 13973 6831 13427 
1596 2062 2376 5262 816 5574 9706 11031 3624 775 10675 8302 3777 5176 12202 6230 7165 5139 7088 14733 6036 13992 146 10950 9156 4392 11412 11418 717 12432 5802 2277 8752 12184 14261 11755 1625 13286 6734 7974 9484 11172 10030 5634 5556 11289 14058 4581 3481 12955 6445 10940 9292 8696 14869 4690 8774 7565 14401 4523 311 4495 4271 255 7076 14746 14369 8077 1127 10300 7349 6530 5858 988 13819 7891 2153 7952 11353 3155 12749 11618 1803 1301 6404 13876 3038 1591 2501 6862 9017 11973 10962 337 590 2345 7890 12317 10434 12134 11163 8461 7156 7961 13923 7307 9569 14318 551 8371 4680 2115 12304 14951 3081 10366 370 10198 5850 9859 3931 2021 13045 5560 13341 3580 10386 4438 468 6745 3040 4566 4955 1844 10229 7979 2675 13634 3204 7242 12062 12876 5076 690 13340 2073 8113 10986 14129 2771 11784 
582 3039 7017 1908 7131 14310 5337 10290 14814 1238 13410 10207 4128 5416 14068 14732 4123 13406 3500 5060 6342 14694 7206 648 7478 6543 2988 1926 13432 10741 8829 2706 172 8323 8050 8606 6227 3770 14885 14183 4199 4386 4425 3567 14359 6578 9378 5158 9487 10033 13865 4739 8317 9770 10607 4183 7097 8210 14209 14117 12189 9019 8246 6743 9409 9888 2894 4957 2595 6487 14555 9083 3921 11111 12437 11423 6300 4333 10261 8510 10387 3336 13117 9931 6452 1720 9988 3407 9516 2817 7402 11914 11576 14678 11909 4075 13630 8339 12407 14584 3758 8892 10645 5694 6706 12751 4985 10879 8953 1886 705 3893 2752 1368 3181 11959 8709 9369 14257 8787 6054 14389 10299 28 12010 11202 6077 9984 13448 8738 3170 11875 821 7905 8464 3147 5015 8396 937 118 9673 3667 7281 8269 6914 1484 469 5656 12443 
6354 0 3663 1167 14466 12592 9198 3348 6936 10953 2100 1861 184 9661 8258 13718 7243 5918 9583 10520 8370 7712 13914 1434 537 8142 2754 3495 10866 1551 11145 2403 10078 13393 5164 10975 12418 2912 9503 4082 9074 1898 4074 6890 7935 8637 13657 10392 1266 1021 11710 7818 4289 13904 11905 5888 14450 7643 14663 11057 10969 3140 6884 14195 1109 706 2275 1698 2348 9178 6760 11362 10409 2634 6010 4757 11033 7622 13970 2621 13490 14841 437 14603 9108 11058 3713 12762 2232 11987 8701 12501 5573 2198 8026 7630 6318 1279 443 8082 8736 2206 2917 12173 14344 11475 1357 4488 5816 11007 14598 4471 5563 10240 11907 10505 3451 7337 3067 409 14015 10101 3549 2118 9886 9801 14332 8383 6070 12811 3480 10308 12382 8305 721 5599 10016 14043 4288 4847 9635 2853 3238 13088 362 10401 14028 13092 5315 12208 3399 11165 2913 998 14067 5639 6125 6982 
11580 2061 2569 11931 10371 9474 13995 7516 11382 2178 7405 12904 1047 7594 1706 6621 7673 3032 14966 145 13836 615 1744 4749 7590 3378 13821 6576 5904 3369 3525 7230 4929 7153 1342 835 5837 4979 9415 10420 5876 11609 12721 1547 12974 8403 9289 5798 10665 10735 10860 12412 77 174 12851 14879 2623 13181 12997 11933 1034 5480 11327 9490 10660 13229 11657 10004 5819 12341 4853 14334 7345 8615 2942 4949 776 1373 1612 10694 1113 10070 2972 2470 91 2141 10054 285 2379 13689 9541 10421 2410 3602 7346 8319 5273 14065 266 14974 14857 11413 1852 7688 11781 8472 5034 10126 14322 3783 8034 10218 9736 10464 9235 1101 5226 7942 792 14410 10321 1457 1338 12485 2059 8846 1972 5296 4416 5329 1540 4254 11709 4964 11624 4175 5214 10034 9868 10982 7901 11727 10141 5033 674 2385 14765 13946 6107 3087 6475 11234 
13491 10563 9357 10137 12591 1 4903 541 574 8497 6385 12937 11149 1432 6615 11652 5957 8063 10437 2442 3189 13640 5685 14187 14616 6186 7284 12198 4071 3486 12534 12067 3526 11676 11492 8869 7397 12545 13676 8411 14008 5166 13863 11687 9835 475 7662 10823 11330 673 8423 5353 2729 7264 3052 9994 6278 2935 6478 8462 2548 1347 11011 8003 11487 6261 9763 5363 9329 2552 4261 9100 3293 10370 8576 6257 3514 2322 7817 1100 4169 5208 2478 13693 5443 5430 10781 13845 8087 6360 4967 11154 9528 9321 3402 5179 8477 14825 12265 10773 8436 3295 8904 714 6901 11549 373 10845 11285 6786 1202 129 897 11895 8134 1429 6467 9062 14244 12723 3357 12212 3547 12221 10884 14442 7441 5609 10009 4026 7285 13851 12170 1328 1449 1922 9071 7880 491 14145 7918 274 6524 5627 10463 10883 9917 2341 2229 9128 
114 12594 192 6003 4713 9084 4675 5026 6702 7560 10524 14856 13132 2724 12782 6035 8842 731 7477 14615 4704 12392 12470 1467 4515 9384 13899 522 1458 5709 834 12651 3877 6919 13276 5291 6880 8099 6539 11200 8470 1539 10080 11083 12604 1968 2932 1297 8405 946 14604 1442 1268 12869 12713 5597 6835 3791 3977 10816 8324 974 13901 125 99 4545 7696 9182 6080 12579 2673 2439 8342 14122 1451 1729 7037 6647 3219 12332 6790 3892 5074 4848 10274 10037 632 4556 8429 14832 7539 4584 10310 10760 7383 14708 597 9928 11388 13009 7176 10617 9001 1390 2733 9959 8931 13260 6808 9876 7532 10388 10452 5872 9599 3307 13162 5180 8488 13318 7449 2040 2593 1780 3113 13141 10360 8592 2484 10614 4780 4526 5227 12793 4759 2732 2039 13574 12053 9188 2147 12686 7879 4083 6085 14783 279 7489 
12165 4677 9784 972 1011 13528 5883 1438 6664 4981 14191 10324 652 1239 7321 12041 7010 13167 1590 3227 1121 13328 3657 4080 14025 13875 3456 13549 13362 288 13860 4618 7348 1381 5983 8947 5398 9386 6656 4113 4121 6266 2202 12487 3946 10509 9692 9066 4573 6016 12292 7937 14177 5361 1970 3059 14000 6250 2383 12245 8912 403 9554 13078 2513 520 1382 12727 6829 12224 745 13766 10729 7072 14529 5204 542 199 12839 11041 6392 8870 6511 13143 14201 8147 4751 1797 3163 334 1290 7393 324 5435 12034 9457 4634 10530 11347 11510 4204 11937 599 14494 4368 7705 13614 6148 9755 6896 10723 3825 4912 3990 12024 1106 6087 11186 10513 2050 12054 9053 9603 955 161 3581 7731 4029 1441 10435 5813 8291 11194 5366 4370 14549 4681 5271 6146 2424 9566 1805 4330 13244 8993 12213 6203 12101 2441 
12282 4326 5691 3975 13722 2139 2686 14737 10090 8028 8686 5221 12157 11651 2412 8575 11962 10091 10987 2725 13288 11646 8179 9155 4280 9077 9038 5529 4162 7283 11334 6153 12977 327 2511 1653 2940 8292 5796 1771 601 10507 8206 55 6529 11599 13715 845 10985 4433 7651 1110 4893 2113 2358 4035 13083 1411 5701 7300 3452 13709 7079 8977 5041 8951 9175 10295 3296 12178 1999 5675 10579 11470 10543 3559 10703 11206 13862 6863 13966 10924 2648 12930 8900 10239 3718 10785 11587 5815 5516 1634 598 13710 9334 6066 1885 9342 4342 11483 1066 8069 4910 8874 507 10026 2216 2411 7371 8427 6201 677 5504 6825 4750 209 3992 1992 9555 10427 13792 6415 3786 833 3259 343 5257 11108 12934 7624 8823 2111 6109 7552 1114 3753 2762 12953 1897 6321 1925 13525 14361 8209 12122 7130 11753 8066 12492 13419 10438 8165 5664 13935 1611 7181 10700 3749 13747 3970 8539 13360 13118 4789 10269 1426 12608 14301 5744 12000 12642 9167 391 13170 6436 2324 5700 9855 3455 3633 12326 89 9166 12803 10970 12169 2636 7359 10887 10853 8295 2585 14709 2809 
3936 12087 12633 1282 14151 13489 1866 11227 6195 5650 8106 9666 4206 4831 3187 2025 11338 9545 10792 2836 12938 11143 1584 4241 9741 6348 6372 13251 10515 11022 6660 2949 1122 8790 7191 2589 9609 5163 11715 14719 2902 4110 8283 3107 377 1937 4394 11677 12896 13941 11328 4823 2425 14136 8197 748 7976 2506 14128 13044 4562 11718 6765 11369 13894 2105 2378 12110 14489 10160 166 12089 6872 2144 11543 11582 12761 488 14564 1768 6799 13919 5009 11600 6608 8047 3041 4325 6902 5000 13225 14395 11873 4537 10504 14018 8471 450 10817 11591 12753 11335 1361 13175 1318 8000 8365 4025 12921 11739 13531 5538 5989 5833 10276 13441 6847 1569 14474 13753 7780 14533 8599 13687 1156 12065 11030 10413 4460 5068 10457 8475 14859 4382 7566 1877 5004 7858 14703 2028 773 10608 10533 13721 7461 12283 8644 12570 4516 3535 2457 142 10071 12502 9580 5557 10796 6176 4244 8761 565 204 636 12239 11446 8602 9132 5292 5578 9578 13439 10541 10268 12257 4057 14570 14431 1094 3560 4257 8139 14921 9059 11099 6813 6185 11819 3473 8217 11333 13872 3026 10736 1561 12234 
2064 11658 3156 9669 12321 12006 4791 5454 8850 1008 4245 1128 8453 3075 7249 5332 1627 7087 2953 5371 1042 9735 6191 12391 1785 2793 12081 9312 14226 8610 14304 11769 6738 12354 5607 678 6996 11013 6295 7504 5046 9570 9688 1196 7894 9571 14456 6032 2230 11765 3450 1188 3751 837 9172 10810 7222 10693 4531 11590 12383 14741 8678 9536 6026 8434 10472 14099 6757 3871 10040 5906 4502 2456 2188 1300 9451 5854 3665 1798 4112 14645 4541 13975 6556 10994 6920 680 2812 11604 3241 372 11752 3020 784 12029 12835 4498 14278 1166 11093 12765 516 10889 4415 6477 6037 8433 1309 3425 10725 4992 9477 12324 4897 2577 8095 7234 5820 1000 9853 7993 1306 3212 9881 9967 1423 711 12797 8046 9207 11856 13893 14416 7073 10561 12639 12060 1535 6323 4312 2996 10471 10822 14647 9775 4522 10182 5619 14383 11230 331 4468 5323 4639 2 12700 3671 11771 5942 7747 3561 5794 2538 13981 13847 7266 9951 2346 3589 7334 240 4920 11467 708 11489 9206 8894 7568 1661 10791 9327 4331 13261 8252 14535 5188 7788 12525 8932 4725 11663 8191 14704 
2805 2454 4908 10839 2256 5379 9705 2298 1788 1476 5025 12781 613 13878 13060 2647 1471 3929 4201 2330 1707 2559 12976 14069 2325 13548 7752 10052 5489 8565 10716 2175 2643 12393 13791 11832 3954 210 927 14055 5631 10273 3019 796 1216 12038 9308 14417 2776 14125 10314 6208 11941 10205 12448 6531 4776 14554 8821 12791 7420 6746 4037 2204 2339 7001 2828 7069 3218 12305 14557 11309 3640 290 13607 7587 16 10933 11513 3311 394 12415 9056 7821 13983 7453 11089 9767 2461 14521 2790 1369 9832 893 7544 510 5195 8944 14231 7418 14061 12775 11471 1287 3914 6379 14157 1647 3028 11436 1443 8968 8076 13625 8494 14501 2921 9787 14449 12070 8923 7135 2845 2120 12567 6340 5864 3691 3201 5109 7715 2535 10113 1474 11969 11859 13921 12668 10578 12141 2443 2950 13035 2104 9567 2072 8853 5965 6610 7432 1482 13453 11839 159 6076 9535 1558 7413 3997 5219 11705 4781 14769 2541 1332 3299 13595 5198 5852 3706 13014 12486 2497 13115 9231 7607 14626 4994 6592 4218 11233 1055 12950 547 12854 11584 9985 3494 13365 12521 
7641 13959 12711 14932 4324 6352 11814 892 13021 13254 9544 7911 10135 4786 14190 9271 11148 11845 12742 13523 10325 4709 13639 9774 6932 7674 3461 11104 7791 14031 5022 11208 1896 4851 8517 8994 7542 7425 9375 4383 14640 11521 10039 13754 12301 6763 7202 1820 3536 14963 14105 4659 12342 12420 3918 9534 7701 9991 6648 3528 7545 7147 13582 322 2428 5743 4222 3959 5324 917 6133 10696 1269 3158 9914 6378 13841 14161 8303 1191 8194 2344 6994 1308 2201 9420 2431 12671 247 7406 9958 1295 7652 3566 5013 5434 13632 6911 14802 7172 7730 7314 4598 4220 1708 2450 5464 10647 2583 872 12882 4641 7254 14194 5173 3268 12104 13643 11449 10344 6589 902 11207 1312 922 7798 9769 11193 12714 4399 3898 9374 2033 6642 1370 4341 14608 2934 3802 6243 3327 8514 5686 12187 10483 8202 9048 11809 12333 7666 9204 2026 9007 10120 1023 5212 7754 3318 1351 1602 4332 13363 4767 5362 6428 11881 5101 513 5427 8642 8075 13817 12581 7958 2614 6437 1298 591 3278 1640 12647 6090 14652 2351 13886 13716 13344 11009 3108 6173 12413 123 9010 6458 4253 1406 
13764 14232 8382 1360 9900 9435 3468 9276 5689 8067 4284 10797 384 2680 5064 13372 2763 10948 8920 2252 13327 692 9546 9780 6309 13908 11568 693 6465 13479 4242 3501 7323 5172 2121 1745 8595 1614 13081 8049 8907 3252 10312 10702 9025 5047 6685 4706 12838 7319 3575 2124 2436 759 14760 14214 10275 3361 1879 5478 12100 11554 9497 116 1247 5314 14216 1775 13234 896 13777 6551 4913 4307 4924 14738 1364 3484 212 1919 11431 13697 11866 4069 11465 12289 7328 10356 11054 7813 2045 2110 6725 14919 7184 13554 8771 1088 1876 14404 3128 13165 13148 2189 12242 641 2382 304 2981 2215 8768 3864 8085 1881 10630 13402 11926 10549 12375 3249 11965 13659 7335 6811 763 6869 421 14481 6805 7812 9360 2154 755 1397 13065 4215 12372 1911 3471 11001 3552 5001 7853 5518 2696 12327 5667 12836 5530 6310 6730 5114 13077 4894 10104 11849 13889 1195 5201 2332 1051 434 61 11241 7499 10436 2034 11957 11156 7823 4001 6866 12837 12776 13730 1605 12716 7320 4876 8412 13053 12794 13227 8646 13300 10532 5773 6072 9790 4136 1878 573 11879 
9981 2259 4636 13561 8535 7638 1515 5688 12360 4630 1276 5845 6703 1828 2413 9823 13059 9154 6897 9233 13484 12469 10949 770 2096 9852 2136 1941 726 11028 7503 7049 1545 12066 13797 14016 7473 4306 12816 5592 11053 1264 3681 10156 6412 4004 3887 104 14378 3060 9815 6609 280 2737 6052 6832 6338 11320 7654 5899 4349 9721 5342 9476 4679 4417 6941 1736 5792 13961 10774 5161 10967 1564 5438 14087 9845 8863 4303 3319 9572 2492 8905 8562 11735 3527 8055 9377 2924 10604 13034 7024 14411 13082 13295 9052 4580 2804 539 6486 3479 3405 10055 5793 2418 1565 4567 2652 4741 8229 404 5229 6330 6942 6493 4965 9509 5128 9592 2891 2047 3298 8193 97 13682 1173 3763 2830 10477 13954 14267 13299 11797 12619 12962 8594 578 8524 3168 5541 2973 12804 13565 6555 4000 4182 2861 5313 4861 6669 13926 1019 4221 9073 4061 6951 11368 8059 4572 7864 3235 3483 4262 12524 9032 10635 13292 6228 7377 9383 5696 4369 3911 1727 3355 10063 11507 7567 7850 12252 9873 651 1856 1683 3551 4157 586 14223 10259 3009 14090 14280 
9747 12864 6510 6432 9045 13488 11499 10213 385 10954 12318 11071 2608 12438 14620 14380 3583 7399 9388 7711 3304 7439 2719 14888 13758 6498 1550 561 11184 2214 11607 6957 12348 12387 9585 6060 14523 4164 14094 12378 1810 2249 6879 5866 1030 4589 6598 553 3634 7144 3996 6695 9640 13902 9526 11445 5673 8548 7927 8083 447 7108 14780 10355 9944 8785 6533 1141 3208 1258 371 12947 14131 14723 3826 2504 4645 3002 8792 9941 8393 14763 11908 9758 8315 1681 2361 7106 12657 4697 1217 3982 6768 8927 9771 11630 14828 2024 3679 2712 2255 14132 4975 8310 1057 6018 5424 9703 10739 14637 8241 9906 14644 10613 11966 12307 5419 4953 12533 3262 13971 2618 14116 14839 14160 10639 248 9482 7939 5848 1660 6259 14272 13357 3171 13653 415 11420 8851 4455 4510 14735 10 4811 6165 9782 12238 12667 13948 13135 14130 6700 11683 978 156 10932 10890 10145 4829 7744 4478 14338 7447 3120 10787 12556 4668 8685 1416 9752 768 5228 7684 7100 1938 10029 12468 8330 13505 7611 8001 14375 257 13638 10263 1587 8274 8698 8859 7221 842 12871 11628 396 
8616 14349 424 9550 14152 3351 12906 5532 11032 3973 9316 11928 14776 7989 2842 12475 9232 7946 8101 10168 9427 2022 14922 9467 9891 11997 13713 9267 13947 2955 2291 5328 9273 9921 5061 13329 5125 562 4656 6840 328 10663 9220 1420 4149 13354 7007 728 13871 2834 8665 12136 4308 13462 7077 1617 4414 6921 4932 7155 14398 8520 9965 12773 3283 4466 14372 10841 8618 2906 3364 7040 515 5768 6296 8432 1963 6239 6677 13615 4406 11795 5197 5278 11210 4389 7297 14711 19 4298 13927 14629 14950 6092 11548 2453 13663 7665 3687 1595 12098 1135 11310 12767 9502 11860 8866 2235 13877 12171 12616 3424 10347 11498 14969 9548 1299 8775 1969 9977 9665 9101 1412 5524 12138 12928 3529 14111 12719 8385 3625 3074 8984 6513 12558 6954 1507 6332 13182 12843 583 13196 14433 5536 13916 9772 9697 14559 8683 11491 10510 4348 13370 3203 8578 7497 4224 8729 6277 5146 6401 3503 2781 13467 5920 694 10159 9517 6909 14514 11546 3420 4613 14184 4937 11828 13651 10943 12014 14041 2107 2273 5383 5734 7217 3338 3511 6398 62 12269 10653 10765 9933 7412 9400 7957 
1362 10644 14269 6393 6040 13140 11460 3388 3817 2649 970 2958 3543 8419 306 7716 12357 3699 5254 2525 14342 5684 3105 6737 258 1272 2604 12261 9618 3735 14460 11 8097 4734 12027 9579 1341 6645 5281 6802 5320 6061 9376 8557 12963 13783 10829 1274 6500 13013 5985 5896 1918 2347 9144 5233 876 6910 8239 3860 13532 11954 5849 5548 9242 1531 2740 13280 12022 9097 12656 2027 14918 12692 14005 12142 13454 2782 4559 3518 1304 8476 12515 2617 8822 4615 2102 4935 12176 9317 2929 13047 2353 5144 14412 13905 7548 2855 386 13888 14348 8506 13346 12363 8312 12902 2661 1680 6043 1826 2221 8254 13079 13987 317 11459 6733 3710 9287 11956 8814 4120 3515 6552 2840 14040 1709 10461 6747 8936 1579 8468 14662 6878 14121 8833 778 13928 3274 526 1085 12717 9343 10328 8924 14937 2722 2957 9626 5926 13380 12082 1847 11257 5953 9950 5131 3610 7513 83 5343 11361 11664 9012 5775 8667 2654 5466 3443 7538 10224 2858 4842 14315 11394 12156 13833 14081 10190 942 10775 2429 1493 8352 625 518 3789 13573 1427 10206 4525 7577 3005 3941 14574 
7524 7950 5184 6975 4045 2218 5455 11616 11967 4596 5260 7672 5259 228 9193 13645 2998 4279 11534 14810 14030 6659 6966 12153 2130 12588 12231 7440 888 6654 4203 5055 6777 13674 12495 3696 1303 445 13939 13978 8128 12535 10556 9698 3682 3731 2015 14799 1567 11367 14019 6169 3645 9094 5467 7194 11348 13746 10342 11008 486 4066 1307 4963 1492 7682 7664 9302 7508 1286 740 5902 4177 8054 12679 4064 2158 4208 2192 2747 3280 3904 983 9295 5477 3796 1343 9875 563 1534 9707 2843 12735 5542 9225 6097 7808 581 637 13221 12388 1597 6205 14205 1574 6837 13494 4546 14742 6950 2440 14088 12505 6761 6867 11641 12416 2343 8149 5521 9828 7793 11519 2372 14618 6417 4109 8895 3315 4614 7803 9870 12563 5023 10338 14657 6240 13570 3229 7536 4087 1914 4683 12733 7185 5112 90 2801 7224 6082 6791 13389 8355 8885 13720 2691 8533 12551 14790 11731 10539 8174 6969 13443 7667 13968 1288 2498 11780 5032 1883 10727 13404 10220 2108 4925 11415 14402 13500 4097 3693 10619 5461 8178 9011 13106 9986 2619 2975 764 
4050 8694 6198 8536 1237 14230 14347 12243 9277 14424 3270 11929 5293 3504 106 10754 10363 4319 11806 13913 185 5840 1004 848 6303 1980 3617 11457 9584 9531 9390 14610 12315 13119 11520 5436 5217 6528 10155 8985 640 6451 14407 14602 3292 4238 8216 13325 13228 5954 3372 6375 11512 12966 10587 1138 9263 5821 13631 4388 6473 9370 12518 1450 11213 6143 14362 1697 14468 12206 878 14156 5069 9173 13046 6104 9962 11756 9494 13390 10629 5945 7375 11671 2630 7384 12917 7445 5546 364 6560 9802 11318 7462 606 10153 11189 7601 7141 1993 13108 9065 10902 1408 14689 3061 14196 14664 13499 1379 7195 8078 11553 4962 2586 8438 12907 8144 9313 8934 7410 5674 1521 4694 14182 866 607 2521 7608 5811 8056 13898 7558 13377 9151 2294 4887 6947 4733 8580 11088 9358 5499 11218 9226 2494 2393 2989 8121 6162 6917 5309 4483 6233 12219 1994 13297 1953 11675 3632 12453 8163 8617 11146 1796 14792 14553 7983 8192 11082 5310 5019 7160 2406 11316 3711 12404 1080 5877 1583 323 5661 8542 13305 222 3784 6553 12482 2796 3810 1532 2897 2195 
1203 13998 14700 6234 13098 5847 696 4209 10605 4599 4246 4131 3076 12240 3109 11811 13332 2841 1233 6424 458 13835 3616 10013 7361 7941 3694 11768 13719 14259 8999 10203 654 14913 7824 4236 1770 11690 14655 7620 2013 4125 5358 5007 14251 12339 11482 406 5008 2561 14368 5593 11180 13949 4745 954 6364 2951 4347 8723 7183 5038 3517 13501 10498 527 4152 7526 12685 1403 11660 8590 683 4544 1336 6377 4778 12880 3403 8093 7430 8044 13147 7604 1169 992 11448 13628 9689 3779 14551 13805 3449 7860 14794 7158 3874 3098 12228 10079 3332 3545 7886 12965 2119 1924 10625 1499 9069 5473 13157 1932 1893 13997 3584 2071 3925 971 13243 1462 11708 412 5084 1348 8204 282 13648 4042 6304 2528 9587 6828 2918 14155 7978 12540 7344 9202 9382 11113 4561 10708 7435 856 10851 4299 10503 14764 13731 14589 6945 3909 6067 11893 10769 168 12277 9970 13820 1446 8711 13001 14673 13779 11391 7198 12210 7736 1636 7480 1962 6986 5641 7091 13421 2847 11393 3776 13428 4114 3859 4761 3542 4711 10021 14 10789 4575 7277 10450 2983 13400 7394 5471 14051 803 12273 1366 1236 5448 10610 2970 959 13205 8369 12287 9956 7043 11450 7355 12819 10809 3794 2328 1991 12569 11255 7070 9695 864 8720 4837 4941 13989 11918 1337 14666 12464 8855 
14505 10098 10332 7446 3897 6312 7095 1830 12118 6 10329 933 2607 1354 13717 2493 5572 4090 7009 10285 4631 4558 11573 341 13678 5450 1628 3734 3924 12314 11217 1935 5679 2408 5216 11178 5763 1575 5997 5880 6801 5874 3573 8298 14562 2481 14601 11247 2434 9649 13782 14212 14953 4189 1508 11024 11872 11726 1391 11473 2639 14768 7378 8294 2475 8314 12537 7916 7428 7885 5244 14840 2282 4768 3091 11242 6211 10082 1949 8579 361 13007 4534 14178 2422 7888 411 9827 8198 8640 9646 13883 11916 14837 2660 3701 4931 6521 10161 12059 10733 10304 3167 4103 4420 10226 7562 836 9061 3063 8172 2699 14590 8974 12203 8650 9459 2738 1733 7995 1386 14048 10803 4731 10659 4588 8741 3379 7878 8098 6449 2606 12806 7408 3932 126 14547 11271 7363 4065 8143 12673 817 12597 12580 3795 549 13698 9285 13191 14140 14513 11583 3756 6171 3090 9057 6444 1374 6688 1716 4205 14305 5199 3844 11464 13896 8351 7357 1738 5287 13012 4387 3003 9475 1072 12255 5107 5190 14137 76 11371 13282 5677 8544 13464 5772 1162 13031 13126 8182 9748 9436 2092 4048 8447 4980 10440 10908 6827 7199 13911 8630 9293 5349 314 8386 6826 2133 5783 14379 2016 6719 1835 6944 14120 4301 352 7333 2575 530 725 2523 6575 10358 8525 3516 9773 5189 7733 6285 1834 4730 
10683 10020 2568 3933 9861 1594 14895 7210 9510 11697 12747 8964 7443 13606 3466 2914 4708 2798 1315 3343 11065 4084 2915 13250 10755 3111 4626 10793 6776 531 13289 10209 3144 186 2091 2364 11964 141 8175 951 9648 14844 5490 8674 7738 9883 5671 1108 6646 1781 7816 2132 182 9347 11453 5720 1929 10166 5213 11005 6793 11250 12849 3127 6180 2865 8626 14916 4661 2321 10072 10199 11603 8200 4856 722 2360 6221 9058 2665 2534 2236 11816 88 12757 12217 13775 4016 7657 13619 8732 8627 10473 14621 11444 5846 14672 8849 8948 5390 1213 12263 14387 11852 14525 5893 11284 6721 4255 2387 11275 8888 8588 9134 12398 2180 4766 13533 13516 13506 1517 8773 8601 5123 1699 2574 14930 13018 6655 12728 12143 9945 3223 10230 4104 8037 1948 9976 4928 5279 12299 10093 7252 13909 13692 4914 3903 10698 13536 14247 6518 9608 9140 11118 13906 103 12278 2822 2267 7637 4997 4315 13837 10516 10006 8755 14283 7759 6204 1998 500 10718 13096 4251 3145 10923 165 9898 5655 2031 6750 13815 2713 8572 4717 64 11381 1046 10282 12446 5209 3942 2203 6714 7923 14743 474 3182 8231 11701 7265 7827 14860 6029 8508 13929 235 6251 14236 7996 10362 7801 11372 11766 5237 14319 1509 11585 4413 548 5267 5344 8040 13773 6953 6051 11351 9722 6563 13456 7082 
5145 3390 2922 8226 7407 13996 8304 8889 3894 7092 1437 262 11424 4318 9394 2251 14575 10485 3811 6151 8491 11421 5099 3656 5021 9662 11846 5295 420 1662 13796 4002 9345 11144 6582 7908 4437 926 5601 2901 9219 10194 14850 9766 7308 6217 6684 5397 11911 10088 4930 260 7865 2522 13423 10868 5603 1762 3879 8743 11882 4570 3985 4375 3790 7781 4505 7498 14567 5753 8228 11408 6005 12284 8441 13699 428 13546 12334 10511 5537 6833 9884 14312 18 12618 9923 2227 559 6673 12926 2974 11249 14798 74 4030 325 12164 10019 10863 4225 2587 1759 9368 3180 10838 5364 6166 10114 12047 4715 11370 512 11877 14722 2539 529 8017 6474 1714 5825 6662 1331 9725 11480 2377 1875 10939 5731 3805 7681 14864 14550 13584 8807 4373 14444 14504 4650 11971 3217 10162 4494 10854 9324 8404 12258 716 11900 3586 3619 9353 11120 13915 5187 12288 10243 7429 2930 5940 4309 2967 7463 6922 1218 1613 10812 4806 6137 6525 2137 10377 12801 724 5755 2710 5959 10106 13063 7819 7415 9157 9814 13786 2566 7474 14355 4118 10867 10806 7177 12452 6987 6441 11243 7304 3672 7294 13599 3806 12403 13183 1977 11862 6320 11000 10375 4803 3004 8036 11723 34 10112 11823 13144 742 4469 10181 8435 12023 977 2736 14436 3416 8841 10658 10843 8564 
13101 2532 14931 10641 10995 13957 3195 6118 5533 7290 855 774 4753 14113 13411 1906 2880 10876 73 151 11767 4948 1979 14614 7205 13054 11963 4047 4983 375 381 13986 7785 10008 14421 13869 8673 11481 10593 5256 3072 9072 7152 13056 873 3408 3759 1536 3564 7582 991 14924 14095 11999 14690 10517 1177 8840 8587 11952 3255 7389 11562 2308 10119 12916 11395 5771 3803 8384 11203 6403 1931 13982 6991 3569 7186 1843 2048 10433 1502 7119 953 12844 14911 5122 10083 10746 935 8671 6509 8081 5971 13724 12493 8480 7934 12983 4676 13039 6339 13277 9212 2392 10382 793 4805 13507 4411 12337 9416 1074 13061 628 14192 11981 11943 5598 11166 5426 13994 3861 11579 2226 1175 6674 5089 12190 2326 7208 256 1855 2895 9586 11764 3354 7354 7597 9764 2209 13552 13945 1404 2037 7708 9319 6915 14890 11079 13048 3469 9794 1760 11017 6574 14296 6818 3418 5602 376 5355 5218 8368 13274 2700 3727 12083 3697 5357 7057 14396 3747 12661 2098 14176 9691 9014 11770 8728 10835 6844 14683 8482 3142 13084 499 8875 4444 9408 9402 5011 7042 8357 4993 9405 9444 9878 11468 11623 13378 2948 2463 452 12975 2151 7411 9036 3732 101 11940 8981 5657 14246 14948 374 3512 1259 12585 6675 7724 158 4530 4682 13076 14102 14847 8474 11025 13829 11259 
4638 4794 13803 9318 7366 7719 10252 9627 75 3972 9778 9159 14892 11533 6469 8926 8886 14341 9700 3967 6736 7906 11422 14458 2052 2799 4552 7829 2837 4041 12042 8297 14577 9969 13011 11763 4086 13212 4398 12144 8877 13392 1186 14952 2823 990 4188 2628 4228 2200 14563 5944 7972 2707 13481 11063 10283 10041 2280 923 8431 2191 8832 2826 7534 12019 5829 10423 5080 5927 14294 12695 1190 12362 7342 10228 272 12568 3013 10394 8891 14323 4232 1882 10646 10384 2701 14200 4896 13585 10036 11175 4286 8783 3596 12718 14057 191 3467 7310 14876 13849 4810 14543 7938 14872 10655 7531 4454 6101 9602 9290 7133 1954 13780 5378 7505 3623 1260 6782 276 5752 4855 2245 1825 1592 9553 9704 11644 7968 8778 5703 2986 2730 8901 5552 2042 2159 6800 8277 1214 3281 11920 14907 2939 4744 6516 7610 13019 13960 253 2476 6557 3730 5394 8566 6199 14871 12290 2811 12572 10691 7653 12538 12109 3352 1053 7227 5777 3688 14240 8546 5307 2333 12960 1140 3123 1017 2323 7870 4159 2872 6532 6249 10528 7585 5474 10396 3337 4166 11263 8663 5586 11235 5622 4018 5331 14353 3482 12764 4686 4535 5487 9387 10844 1176 3707 10553 3239 6380 479 4028 11896 2831 4916 2519 3225 8270 3317 8802 3303 4642 2987 1249 5778 14202 318 4019 3126 9244 4140 1353 
13566 2337 1401 14502 4287 5769 1711 6351 6586 3739 14815 8770 3232 4401 1705 1905 11812 5527 3733 14653 14498 9076 5761 14381 653 11378 9272 11223 7356 1857 3266 1506 8604 7161 10710 5562 7707 1818 10170 10131 13290 6699 3579 8127 8648 6958 1887 12769 2678 7426 7075 2083 10634 455 11375 1684 1430 8481 10732 14476 4355 241 1469 1099 10431 5662 12108 7066 7615 8668 2779 798 4193 8267 21 12266 233 3988 3023 1832 11018 751 524 11125 9260 7895 13706 9676 2899 4918 12103 1646 137 8779 8753 7796 918 176 5807 13897 14785 14022 11955 11392 4610 12111 10526 8042 11314 4849 11136 9910 7080 12458 14009 14256 10807 11838 7484 3835 5842 9684 14166 9672 4951 8455 5070 2401 8839 14572 707 11659 6895 8360 4819 6564 12260 8039 3708 8394 8806 13825 10737 9597 1643 14079 13577 10372 12421 10900 12985 8794 3703 3308 8911 3493 5121 12294 9574 9865 14364 12361 12996 12863 9294 10216 8271 14579 14715 3285 6059 10133 11101 10581 12970 7090 14452 2320 6720 11829 11592 13843 2806 6433 11887 12127 11042 5274 1134 480 4134 727 10594 9129 5270 3771 11060 6865 4764 4564 7255 13895 869 3872 12052 8074 1076 8876 3248 13856 4915 7299 12932 1678 12833 1860 5276 9791 6891 6614 4608 557 8547 3629 6501 8348 9890 7450 1601 9054 612 11779 157 
1284 8265 14739 7521 8691 4480 10878 346 10558 12943 11734 8380 7834 11851 8733 2524 14464 3889 6547 4240 3265 4747 9857 13873 10638 2213 12236 8799 10988 12738 10320 5334 9702 14571 6192 11613 14718 11886 1044 11052 8721 5640 7854 14445 10429 4774 5515 6334 14875 6100 7514 11648 6256 14534 5252 993 5116 14281 14788 11141 11824 5545 11902 12225 2631 787 3637 5868 3080 904 12214 506 9406 1151 13660 1385 5207 10100 8211 1024 779 13114 8311 11593 5425 12016 10378 12813 12683 13412 12566 6023 7115 1985 6821 1265 11158 10621 9680 10547 9395 10487 6283 2903 11401 3215 8519 7431 2695 12359 11236 10144 13004 10699 9255 1691 160 12756 11201 2219 9715 5903 8812 11303 7559 7236 8117 8344 11293 4210 7424 4400 8914 9209 12990 4380 7644 7341 5908 2089 2157 7658 7325 11790 9126 13806 3056 12297 919 11992 3524 3781 4917 3093 3502 259 12148 10237 2274 13642 3983 4322 8043 4243 13213 12641 4933 9821 1418 11349 7809 5803 14917 10184 6561 5911 6912 5937 9119 6538 6160 13564 12193 8956 9441 1136 3571 11742 3132 10025 7981 11693 7745 2263 5327 11048 11126 12096 12425 791 5093 14900 4808 1973 8057 7004 2775 12842 50 3611 3104 14627 5900 3824 6965 6579 1782 13768 6680 9426 13517 2714 6150 417 1483 4409 12988 12564 10107 7121 
270 9864 12048 8772 9940 10680 6705 3387 10330 7485 12631 3585 9315 1087 4560 1165 8301 1827 9042 13172 9822 9779 4947 10129 5059 1194 9623 5805 3183 14537 6854 7635 13679 4358 3150 2043 10248 14298 1005 11880 6114 8922 1497 13641 9999 3097 8556 10624 10116 3136 952 1147 6724 1976 1537 1664 962 7085 2514 12233 13384 6141 13267 1840 13543 8988 12888 5517 12459 9562 5584 9029 11863 4835 14643 2651 3101 9185 11699 1346 7027 4807 3119 8012 6689 6523 286 10426 3254 7778 2984 11894 14083 14287 9303 6374 2578 4532 3194 3592 13979 2825 1967 2314 10772 9537 7509 5386 10097 13199 13022 840 1447 6526 12875 12687 3765 12449 11947 14668 14516 2416 7757 12790 14852 12873 2187 12445 1909 13207 7151 6103 14751 1363 5855 14235 13776 4192 3847 12655 10250 5697 733 8563 13708 14522 9112 741 12967 3541 12073 577 360 6316 7390 3346 2177 4801 14712 7714 12862 265 3600 14467 11319 9379 2925 3563 2150 5206 14793 10762 7598 7454 7903 5024 10081 5669 11010 3073 8151 9268 6399 4790 13109 1552 3658 629 8534 7419 9365 13291 3363 4146 2547 7286 6809 12911 5149 392 859 9518 8893 12681 11077 9210 8123 6129 11532 13612 4223 3360 2250 11454 1275 6632 413 7802 9089 3746 13924 7382 6758 5583 7728 10124 2224 2849 2753 5891 4574 5618 13127 2094 
8538 6120 2181 3934 10017 11970 153 5613 5922 11890 1050 7561 6001 6079 14659 9043 14692 2881 6546 8687 11222 501 5294 14536 12270 13446 3577 10910 2247 459 11574 13518 7902 11841 9351 225 3417 10989 8571 3885 13587 12768 13977 7893 10233 1576 12300 13588 14134 2941 94 12223 12340 8372 5759 11258 5447 6949 13629 9690 10927 6988 1489 2163 4024 11153 14320 13514 11913 995 6572 2272 7742 14011 439 5090 9593 3920 3949 7331 11788 6182 7292 3179 5612 1073 11345 8094 12068 8740 10651 11557 10768 10612 11288 3492 9637 4463 1439 8367 14139 4775 3011 11526 3999 10148 2114 3908 6244 9611 14607 13030 6716 3787 12712 3284 10032 13714 10828 519 9658 6279 2455 11636 5999 13703 273 10669 4990 1769 8199 5045 12166 13701 14561 1735 2170 3905 5706 8397 2287 10873 10973 7332 6727 14901 2128 9954 10951 13759 12483 6974 4187 5575 12056 3191 448 4054 12868 10165 7330 13623 5368 13343 2742 7179 11597 14873 12063 10856 11185 12595 9733 8092 3554 10149 5102 10432 1058 11758 12980 643 6940 5482 11530 8173 14803 1728 1501 5804 11046 7741 870 6132 1002 5739 10419 13964 13534 1310 4062 13388 11897 9305 7685 1093 11633 1431 4067 9020 9830 881 11472 2991 11355 4278 14285 4379 10922 11337 10011 10298 11594 11555 5817 13868 8504 4769 626 9254 5617 11516 
2571 1713 14037 5964 6819 8452 7795 9354 13686 2766 8769 14497 10059 6970 7126 3309 13445 9004 4864 2490 11695 6971 3538 12587 14576 6425 11924 2954 8921 10715 13596 5523 12197 5958 2832 6933 1077 11988 9111 1848 13368 2286 9813 11442 7044 5982 9102 1927 8166 2590 10000 3185 13315 13403 2366 5681 3965 4882 7495 10821 25 9874 8879 7768 7573 8091 2662 330 6637 13306 6325 12994 5987 12724 9214 12734 13688 9203 14894 1871 11626 5665 8902 9359 11749 10109 7999 11552 7150 14582 6959 7609 14568 12958 14594 12991 12328 13936 9607 2084 13307 7847 1737 3635 4381 3401 12125 10495 749 5222 13178 4637 9615 5452 11627 5789 1456 7223 3415 7219 2237 10661 11634 12200 11540 8906 9694 3841 7301 8261 7619 13526 12628 6028 9842 10611 2596 8416 13672 11400 1753 5511 4616 7636 7549 11283 906 7603 2496 14923 13799 1340 8466 7909 9070 7844 11588 4672 12414 6817 8672 12216 11719 3084 13057 4834 13204 4139 365 9860 2293 1153 4419 1448 3220 1163 6628 3359 53 5335 3086 4451 2833 3948 3620 1513 9041 12102 6048 10500 5809 11062 14714 12463 12741 2225 3053 664 9478 12013 13807 10068 13583 196 14085 5822 9479 7398 4959 569 9348 4196 1756 11142 3277 14670 13037 12218 8659 13154 8915 11858 2792 947 10892 5895 4799 534 12620 197 4274 1739 
11541 8457 5886 1281 13335 2103 5299 7992 2140 7599 13881 540 5220 10992 969 1588 852 10525 1783 10486 7288 379 14853 7634 10519 12276 14225 887 4320 6030 1863 13128 4592 7596 1350 14967 14454 3774 10365 13743 3300 6693 3852 11169 12612 7479 11106 13197 10857 9542 3721 3955 133 3409 12077 10049 2756 6071 2542 10127 681 1742 9417 5311 4063 10353 9250 14897 3205 11874 13943 6289 11827 13787 1580 8756 3439 13972 1754 1892 6065 5519 14440 7157 6650 5938 398 13429 4740 5924 6604 4372 6406 10189 8402 6470 10200 14716 4194 8549 6331 710 10196 11782 5356 7977 7899 8554 5559 3206 7679 14092 13732 9992 12653 1915 11721 13069 6479 3396 5949 12622 4021 6916 12349 6389 7922 7761 8410 6357 2505 3329 12424 3736 10455 10874 10087 7692 1192 14556 14335 14774 12499 13396 5531 10140 10734 8784 382 6864 14896 10925 363 6327 8115 4705 8658 9031 58 12246 6973 6672 11615 12658 3820 2677 10154 1065 6683 1496 1526 13330 14032 5404 2923 3269 12031 7084 5543 3008 3034 200 11290 6128 5745 2070 11225 10257 7149 42 5029 3125 1345 5465 9716 13480 6008 1821 5444 14159 6597 2936 6263 4101 3923 4005 9137 1025 3755 13617 608 14397 3082 6086 10454 3980 140 14861 11840 7338 12530 6692 9171 11294 10397 13521 3728 5735 14207 3069 12542 8854 11867 5873 
1206 1204 14268 13839 699 6744 7563 1440 6976 13527 2334 1635 9199 2335 6585 457 11188 12672 5182 6741 11383 10368 12274 9591 8257 5649 10012 10993 2212 930 9349 4363 2646 886 7483 730 12397 9589 7828 9115 5 2681 13952 12855 14693 12861 576 9194 414 4670 9540 10364 9936 2174 9975 5255 9506 5094 13017 11637 11451 14343 14148 6893 7551 6426 102 10788 6537 9501 2433 6216 1263 14772 69 12573 2487 13680 3135 14367 6411 13744 4812 13705 2979 9181 1029 12925 3916 6022 3837 572 6305 12116 12155 8713 8401 525 7241 10907 3341 2600 6336 12682 7904 1149 12771 5272 9651 6960 7339 10303 3302 4843 5322 14710 13668 5428 3725 10158 3400 6091 2545 13376 12256 13153 8002 7849 4076 3411 14593 2516 1910 13727 8158 4300 6494 4846 9047 9653 9632 13550 4055 4817 10031 12646 14528 545 7973 14167 4583 2243 5105 14752 1690 11777 11171 7769 5832 8359 3077 5442 5626 8428 5576 6105 6448 5690 4506 8675 6704 3757 11435 901 14270 8484 10963 138 7613 13858 1339 13576 3523 1035 13186 11366 14239 12731 9091 1018 12215 13000 4606 13125 2751 294 10643 3358 6413 1490 6599 481 12250 698 5035 5889 13547 6548 8212 3475 2423 4147 932 8251 1603 9496 4259 5162 12675 13252 9197 10990 1123 13999 4816 13603 4497 4009 7647 11246 11714 521 5502 4095 8004 11329 10099 8989 11228 12088 7380 11439 5248 9753 12207 6064 14539 4185 7920 4507 10998 7146 4405 6906 4995 3574 2889 3808 604 4633 9564 5302 5550 5031 879 9028 4449 9009 5859 2723 438 2774 13102 13486 1730 10296 6886 4660 3944 9431 6194 9392 11280 8299 9034 695 4936 7247 13279 12889 13386 14586 14123 13750 6408 4600 6935 5268 1036 9301 14745 3301 7140 1240 7351 6623 9803 14371 3035 14150 8160 7510 4234 4666 2947 12987 14428 8137 13408 13487 12650 4098 7081 217 11137 13711 4412 10405 6739 9046 5589 10294 3385 11127 12528 12472 14517 6405 13369 11173 10711 3412 1409 2306 14784 14062 12466 5955 7845 12954 8690 10307 1819 5580 14665 10557 14943 7589 2663 4391 14197 14063 2381 14453 3862 1874 9449 7476 13539 7433 5097 10592 11984 435 1761 14471 13283 11433 14180 1505 2718 9795 8816 14297 6983 4898 7572 14003 7086 3044 12971 10536 128 6068 2264 7841 167 5370 1098 8118 6992 13027 7343 12676 7421 8703 12715 6164 12725 3927 8045 3434 5136 10497 5175 10502 8486 1952 13067 14418 1392 5422 9713 14163 10046 9800 6329 13028 7139 10050 3638 3030 7762 1470 
6627 8343 13449 14503 9708 5340 1710 11619 12280 11265 13257 9745 4521 10917 11187 2451 3780 13020 4752 6900 4011 14425 13215 13333 6814 6781 3465 229 4046 11455 10246 2057 4170 11377 2295 8531 14770 6308 10057 4475 8448 6815 7867 3850 13173 570 536 8765 8102 7518 3968 12820 2910 6225 11061 68 8439 11535 10014 9306 11340 5016 5178 8064 12549 11379 9468 3695 2994 10125 3768 405 1038 9843 6108 5670 7581 12106 10404 14914 11638 5484 1966 8362 4852 6617 7543 6490 6383 5710 8089 13247 12886 11794 9191 7670 14729 5564 7779 3801 9913 9269 767 11796 10069 5993 408 7729 1229 4960 2035 14066 14370 2241 4815 10470 3868 11044 13738 14944 2943 7350 8169 11993 85 11504 14819 9760 3821 12674 2690 6453 3314 1541 14021 7381 9614 10490 9559 6172 13816 7448 6161 13085 9331 1222 4172 12451 12688 10044 11150 5169 11075 1573 1685 3869 14863 11799 9104 49 8161 6955 9797 12644 14317 5399 238 11405 7193 9239 758 14681 12887 2149 3258 14447 277 5317 8796 12181 5165 8406 1659 7267 359 12913 9920 5897 6002 1144 1230 4732 13593 2375 8710 8835 1486 12150 5936 12254 1152 10859 10577 7700 10777 9122 7835 43 10028 8186 4762 13268 11669 4290 3202 9551 13742 9547 7998 393 14851 5240 11134 9867 10065 3641 824 10042 13430 13857 2262 1201 3001 6262 9147 6193 4529 4624 7107 139 2820 12355 5284 10686 9218 10335 11410 3437 4173 11614 11864 14149 3134 1767 8399 7792 10747 154 7686 14084 11205 4059 9998 12385 2310 11051 6272 4919 989 12329 2735 14188 13789 14545 1675 12850 6995 3474 3630 5153 9831 9304 11848 9067 6238 6311 5245 7502 6903 7052 12229 7541 13460 2859 14430 4015 13129 6126 14728 5460 571 8388 1067 10211 6396 11095 10172 14384 5365 1764 895 6711 13194 10893 9430 10279 5625 7020 12343 7520 7220 14530 193 6382 1026 8611 11854 1748 11870 5653 672 6778 10262 13272 5380 226 6154 11670 10191 8589 12550 9847 4237 11703 7023 13219 10024 4770 8724 647 14558 11254 1250 5081 2186 10921 781 12915 6324 6202 11199 5695 7104 3650 8825 4703 13544 8230 14636 2966 14939 5978 14262 5678 9639 1995 7148 3377 9561 8114 3342 13166 13712 11649 4447 6670 12910 1115 1376 12663 12347 5968 8971 9288 9249 2952 14899 5856 7749 11390 4707 2927 3654 11087 11506 1232 8607 218 10580 14510 11177 14730 13556 3121 14168 7490 4742 8084 12386 4179 6904 8603 10904 11039 10687 12637 703 1059 4746 8490 7554 4760 
12126 6625 9201 12865 11538 1089 10681 8148 11500 231 9628 1593 3738 7794 10251 2959 14035 418 11772 13137 6196 1199 9120 8335 1164 8608 4830 5098 2329 2564 6273 6112 6658 4904 9505 13600 419 1277 8454 7127 4435 13991 7595 13016 3188 13133 11612 13095 1394 6698 9228 1779 8960 13830 7083 5100 11067 5606 13245 3729 7980 5835 4509 3423 804 3891 12894 4275 3915 4548 6021 6333 4032 2715 13509 3267 7074 10506 2551 7971 3018 11598 6567 12145 3447 10819 1654 7192 5135 11326 8450 8255 13832 7699 14495 2444 2054 2659 3926 13551 9152 9854 12808 8236 14565 12311 358 9601 5283 8782 10654 14437 13161 631 14877 1463 13844 11016 956 10706 4973 11484 9848 3169 8871 13200 8473 4874 3247 9749 127 7118 11437 11738 13465 5168 1637 2584 13163 11564 8598 9224 13741 7913 1414 9641 5285 14518 2594 2807 10462 5587 7102 13475 11786 7964 1958 3800 11665 11331 7336 11097 10941 5126 12614 6569 4459 8545 1178 7852 13273 6612 489 13853 5261 12905 12891 12064 4723 10118 9161 8987 10448 6907 11747 5637 10222 7765 7306 5403 5113 4272 12484 11324 6209 5230 11214 14451 4077 9871 1223 6038 4450 7028 14233 5672 1285 6366 9824 9949 2666 737 14036 9619 2430 2283 10968 9491 2404 13090 4577 11575 3827 1891 5596 2579 6466 5967 12015 12322 13809 812 14439 10340 909 9850 8287 4646 10393 6142 10227 13586 11831 12405 12017 12901 239 7098 12814 11452 739 14942 13616 4477 3496 2884 187 4068 14910 3685 2176 783 9418 2515 8449 12132 13955 13767 246 11985 14350 9480 6591 7892 9606 9090 4758 2533 11147 11620 6181 237 14956 4107 12316 13414 10138 5680 6701 9714 2313 13942 11315 10143 5318 14701 13240 4692 13313 6908 9631 11542 1719 5747 2471 10496 10778 7142 10204 8550 13006 3054 8293 5304 10542 14520 12511 7753 12778 13447 451 14400 2489 13058 5933 3152 14511 6376 13029 2567 9996 14071 633 4549 9262 11722 890 1491 655 13087 13263 8858 11712 9422 2540 4283 1817 1700 13519 4022 441 5388 1679 36 9332 10649 14782 2307 5990 5565 8669 12481 4738 9600 4720 6636 4643 7373 5432 3833 14865 8898 2342 3966 11273 8347 2211 3394 5604 9582 3221 14441 6341 2888 12035 898 1405 10492 1548 5171 6007 1445 4863 14787 14925 5210 8469 10280 3533 10931 3326 1367 12560 4214 3472 508 11220 14587 13695 13322 8620 13560 11935 3555 4954 11688 4886 4235 7533 4452 9401 470 6875 665 2402 12291 8958 7940 1566 4122 7256 
4053 13567 9786 12945 11034 268 10096 618 580 1983 8421 2610 112 8808 4092 9513 111 4950 14926 7404 13801 9667 11572 8224 8574 9856 14541 1944 4441 4440 5377 2134 5449 10720 10603 8185 4669 14264 150 10407 14107 5215 4396 12898 8609 8881 2407 14147 10247 12352 9817 7400 11689 264 13089 9858 1974 8532 12582 11807 7128 5952 14415 11730 10833 3534 4470 11295 3345 10599 4617 14070 4197 7659 366 8844 3222 13938 6489 3066 12847 1146 8440 14172 14406 11754 14328 14797 4735 13314 2512 2317 13442 11130 9737 14173 13169 17 12740 13520 8489 533 10244 9971 7924 1294 9718 10537 9495 221 10478 436 291 13891 5740 9768 7058 2233 13189 6999 5909 8119 13231 14086 14632 6952 14801 12929 1325 3764 8704 12617 3684 14284 14479 1052 5275 9419 12498 8852 244 3335 9955 11522 11855 8990 9529 10277 593 5381 10373 6482 12149 13511 5429 584 1460 9068 7353 10738 5870 3233 7523 4489 13373 8363 14777 8276 281 4445 442 9143 13944 12605 1322 10456 944 13580 6218 14816 2821 9473 3818 13685 13771 13256 12033 7640 407 10799 9338 6326 550 14972 715 3947 7954 2080 9836 723 6361 8467 5183 12267 8424 3323 5027 14878 6179 7154 1816 11547 4116 2864 6889 12689 12758 7926 4013 12634 12678 7956 14227 12168 3251 9452 13258 5881 1686 5914 8243 2349 9915 12433 9647 8982 14179 10110 4644 13591 8797 850 1131 4178 13097 1838 10076 555 5063 8979 1865 7571 11917 7188 11012 4137 8300 5170 14266 10984 2898 3276 1670 7722 5014 1702 10249 9080 1982 6438 8495 5887 12870 11485 6961 13304 11035 13477 1630 10374 3597 4465 8326 9421 5733 9333 11159 2138 2281 487 14552 14293 12589 12346 6652 2928 10591 10223 10574 11586 14306 1452 1006 13026 11661 8970 8605 14023 546 6756 4293 766 3435 14461 9051 5387 14696 7486 1012 10177 10425 5141 4595 4978 9447 7025 4078 8377 11822 11040 5894 10666 13302 3457 11237 5616 2482 9993 2694 2008 13269 5960 9742 9808 7725 11569 11878 3724 1407 6343 11358 2304 14960 5582 5638 3767 7372 8061 509 11861 6618 206 14198 6224 7706 10341 10770 587 6641 13496 12893 1119 8820 12503 6709 7593 9227 9176 10337 5973 2757 9153 1172 6926 11399 12195 9912 14258 3209 5851 1444 3316 3628 14821 6095 10346 5150 2419 4434 10814 1743 14744 8022 9539 9371 9522 1522 7655 4547 11155 8543 8568 2029 2069 2030 9309 9972 7238 2909 10475 1873 5115 9440 12507 8152 12230 14432 5930 7143 41 4040 12998 5579 10999 6358 5756 6653 14336 2870 3122 
10566 13842 14154 12123 1791 11655 9396 9978 13296 7132 9979 4014 7677 8577 5923 1516 14622 7444 12748 6429 10836 6229 14970 6858 8496 6468 13951 7248 3544 12586 13293 7789 12119 5683 12474 7517 5494 6931 7482 931 4591 12080 13795 14928 14420 2565 11456 2023 14771 8019 10092 8570 3071 14493 14265 12075 13953 1512 4821 10326 4008 12846 10623 10944 3027 8103 2370 771 5757 9882 5250 5280 8883 8010 4944 63 8415 8409 12262 5943 639 6918 2082 11364 10546 11209 4696 12456 523 5437 12857 874 7943 4267 13003 10351 6812 4784 2210 5788 3146 9523 8060 8509 11523 14612 9963 14573 2787 3762 13813 4609 12565 865 915 13696 12303 11094 605 9456 592 2896 10849 14908 1734 13345 8938 9809 6247 10802 2971 7233 1112 11759 3704 3842 13933 10316 868 2789 4612 7576 10150 4622 12919 11086 14975 14546 2077 3587 528 6317 12874 5714 4154 10685 1598 9849 11990 11986 8896 9654 2396 2006 9512 2231 10331 13529 2297 4385 7969 6049 9026 10707 11050 9373 113 905 13784 3094 1525 6651 242 7739 9139 14399 7570 6456 6214 3089 8389 5005 14096 10616 8788 12302 12345 6643 8749 5980 14243 446 13008 13174 6127 14646 10023 1616 8032 9810 6175 169 14933 5468 7396 13155 10534 1170 10847 3124 5581 4485 13253 9257 6834 9948 11128 14946 2449 4673 8917 10379 4889 9892 2265 13359 9165 14006 12609 9937 6265 13581 9964 2616 3919 9168 4907 2879 10606 2527 6678 7965 1241 1384 6830 4390 11595 7162 9711 11778 4712 4663 13611 2632 9798 7229 7564 5485 9889 1987 5251 6544 7012 11622 984 3112 13937 2143 11826 1267 6769 6427 3937 7500 9092 10601 10489 2003 8248 6167 4689 4946 12739 4407 828 10201 5614 4212 4504 14254 9616 3508 9833 6990 14898 5463 7832 10906 6337 6981 6447 2065 3025 10171 7831 10305 490 1553 188 4410 14238 12093 5736 3207 9625 11976 11140 7117 227 6613 461 2338 2488 11380 471 10445 5050 3373 6779 13870 5446 5348 5075 7257 9131 11737 627 14394 7169 1045 12455 10804 1210 105 6476 11974 11129 7291 1078 5071 8309 7632 13890 9674 8426 5912 4721 2051 275 1544 12872 8815 4079 6748 8776 12113 5600 5232 3260 10830 12191 4239 7138 10163 2814 6515 10926 2770 284 11389 3199 7550 6671 5253 3828 9717 8006 3785 11350 12390 7026 162 79 7061 9050 5058 1137 9946 7295 4664 11662 8581 9990 14002 747 2965 12174 12078 3165 13578 7316 6948 9049 8880 13739 10648 12936 10748 1990 3243 1271 1064 8781 6397 10596 9322 11702 11272 12135 
13452 14271 13450 12009 11539 3819 5142 5143 619 8613 1672 1321 8029 2452 4714 14263 12555 14386 7756 6742 6078 10410 4870 813 11070 10134 3928 1752 5376 6034 14308 3382 11182 6502 5611 307 13094 10602 9935 5995 3226 2095 6381 13557 6347 614 9350 6268 8219 5410 7907 1472 8682 12430 925 3539 7629 12627 5567 1356 9428 3305 5724 7863 3578 4553 13055 3096 10047 1623 14766 8838 444 4938 5646 13323 9078 2871 1419 10272 9687 4461 4500 14874 2044 3798 1849 11403 13275 13120 13471 3487 9259 2394 9776 13091 8830 3448 7270 13666 8013 603 6149 5632 8167 650 11570 7612 7896 12693 4277 1040 10400 7709 10938 11406 9211 13852 514 6219 2748 12654 3216 1255 9133 9328 369 7857 7506 8512 10108 11632 8327 1960 13075 9877 839 761 5012 389 7019 3829 9575 6796 10451 194 2350 9788 5636 1130 7225 8286 11096 3491 6590 10501 7838 7547 9710 8250 11713 10820 14830 800 6027 5417 676 14217 8150 1642 3286 2088 4662 3046 11951 11834 14855 8757 12137 4190 4091 7145 11830 2032 10551 620 10565 4961 9524 11474 1776 10313 130 9953 472 12710 2773 8289 1105 1889 11743 12419 12107 2726 14014 13502 4892 6314 6807 8459 3557 8516 4229 6371 2474 2305 3882 1971 7367 6253 13463 4814 5737 9530 10544 10060 14377 1975 2671 9243 1563 4728 2549 2371 14617 11536 8238 4602 10934 14754 6934 9664 11946 4056 9686 9330 585 13391 7825 12606 3978 11363 7000 13740 6106 2276 13831 7051 4527 6798 973 8048 1111 3045 14469 8897 10881 14725 6691 4754 131 7318 5687 11274 5341 11049 13828 310 1124 4393 12395 13308 746 1246 1329 1777 8456 9463 3775 8290 9096 5336 7900 8700 10672 532 6301 432 7240 13201 4226 2808 10957 198 702 1273 3939 3854 13932 14001 11700 8227 11224 10260 646 11419 13594 10221 6584 11776 7910 115 3766 4081 1007 13375 6713 3558 10152 14881 2728 9399 6288 11995 7488 7246 13575 13455 6057 3324 13185 10327 460 10333 5082 5346 11020 997 4273 5393 5628 14686 13352 11602 10815 8612 14422 5921 8378 7975 5192 6223 8282 11311 9504 9634 9907 14357 12444 11152 7997 3901 6359 8100 9344 7031 2576 6280 5561 8664 11883 7259 2185 8201 2078 6446 752 7763 2507 1649 8903 11801 339 7047 908 5666 8256 3160 5799 1956 6207 12308 13417 13266 899 4824 6540 4551 11906 9596 3590 456 3867 10319 9362 14392 5812 14592 6246 981 13461 13734 13794 10882 2653 10202 13287 3940 11550 12702 6710 3092 1133 14363 11511 3989 3945 7451 13105 10805 2068 5834 635 4418 7022 6419 10073 3014 4044 14938 
1245 6237 7680 10564 7951 8811 4635 6235 1984 4872 6939 6081 7209 2257 6663 14346 4869 13374 6549 10636 14658 12399 2374 13093 11773 1978 14074 10837 7873 814 3855 13483 14307 5917 1510 2296 11611 5956 263 4006 14887 12982 1355 9740 5133 10870 11109 9037 9897 10480 336 12003 35 14108 4514 8025 6816 7200 2331 9234 4890 9624 1389 13485 5451 1692 7395 12237 1629 11301 14109 5991 9117 4968 3228 600 12465 498 12471 14679 6450 8322 3690 4891 8946 795 12 14290 10584 8518 3994 14680 289 9961 12574 12272 10195 1227 338 4628 14807 13042 4540 13130 7553 8333 4971 4472 6461 13072 8957 6570 9807 2873 5751 6063 4765 1219 8015 14203 3099 1344 1606 14682 4737 5790 252 1372 4230 6804 14526 5595 1060 3606 7253 11983 2854 8249 5402 13395 10628 4895 12344 12422 1921 12635 12479 1226 7469 11942 4427 9437 10891 10846 7055 13142 7618 5507 4888 7925 13151 6913 4970 10916 14330 6785 2318 832 7340 12259 8831 1400 7882 8264 4250 1928 5776 9806 5750 11479 3761 854 7804 7457 1807 11162 5863 5351 11678 14724 86 9030 12575 14326 2743 1205 14707 13342 12025 3752 10885 14958 6140 11791 8168 6587 5321 12649 13235 12809 5347 7492 6136 6353 11132 936 7275 10270 5458 3102 14599 2075 2708 8992 12946 308 7296 9326 14143 7775 616 3960 1095 10084 14208 14313 2769 5508 9560 11939 12051 12629 7112 14569 13572 11098 1377 5758 14189 12180 7059 3320 9124 3256 12645 7471 6993 941 8555 5976 3513 1184 3591 1870 10750 3831 6115 14110 560 14423 7915 7649 6031 9118 6594 2466 7101 10569 9943 505 2145 1039 14455 2469 6823 9730 7876 5692 9216 11666 11904 10825 10786 6045 220 5898 7675 4010 12823 2703 6571 10572 3368 3347 2852 1599 9397 1618 1150 13214 610 13864 4458 987 11179 10188 2299 3981 10522 10484 493 6925 8505 661 13246 10288 5784 207 12590 8183 7663 11115 6596 5738 9411 11352 1604 7837 5118 2079 4231 1981 6220 12441 4039 4809 9812 3444 3012 9135 14052 5931 4276 4282 5224 12330 13145 8872 12677 2289 13435 10266 9987 13223 2420 5890 2129 9283 13149 10726 3321 10531 5682 8391 2242 630 7529 4145 13673 6485 236 14909 5994 8933 1704 7099 12780 8451 6407 13950 1466 1142 12296 13032 1800 924 9543 903 7065 1571 12365 1193 10103 1154 11762 12993 11961 1610 11805 10609 8079 13885 1778 6602 6836 7455 13271 4184 14531 13222 13301 3083 7840 13457 10376 4395 6012 14276 10869 300 820 3716 84 7862 14393 11857 10245 13846 11216 10151 5462 4335 3404 
6822 2220 4051 4909 11229 13023 1198 3234 12787 2844 14115 13444 3273 2056 11266 5884 12046 4674 8107 14073 3505 12552 9237 2373 8418 8223 10174 12669 9472 13990 13294 14224 3655 502 11026 12396 6190 5610 8959 769 12313 13563 223 3422 2135 1750 301 11885 10560 965 12159 8653 7322 453 12783 13752 7668 4743 2526 8414 3384 1155 7557 8760 11919 9765 5445 8220 10905 8214 2784 3969 1824 8361 7347 1116 249 3612 13635 4593 9258 10311 10398 171 6888 13159 14485 11989 12978 8868 13559 3213 12496 679 718 5242 6178 484 4423 2863 10946 1732 9230 11531 12935 416 14651 1079 4503 5077 11414 14331 12760 9846 7272 2990 13969 5408 1305 12732 3692 8130 10236 9339 163 3322 12643 4667 14515 12841 2672 2592 10966 4211 14721 8483 11278 11133 215 14791 3910 14955 7274 12167 8795 5389 13571 4258 3325 5779 11642 14936 410 2311 8715 8551 14947 566 9685 2389 5051 1815 13156 13337 6335 11760 11231 10852 1183 9281 6292 11501 11292 11938 3722 8873 6431 3436 4623 567 12172 9746 9520 12562 10937 9841 2036 5551 9533 4701 9208 14360 3674 1751 12072 5308 10214 9251 4294 3740 5715 762 2063 7704 12571 1542 5052 425 8718 12883 6062 1763 6998 10721 14100 2777 95 5481 5659 13398 13541 12454 5243 3609 8120 476 5269 13121 6248 3350 3085 7039 994 3792 13073 3670 667 594 4377 7783 2650 2655 831 7931 4772 6583 4779 12697 1964 10756 7110 1033 10895 6454 3675 4036 149 6795 5823 2794 4884 9179 14352 3866 2011 13513 7588 3485 14527 4421 12834 3719 5238 8638 3834 6116 929 2060 14747 12600 3744 6639 14891 6545 7605 3095 12095 10474 14949 2020 1959 11815 10074 12831 9489 6457 7614 9241 5901 9170 12005 10978 10633 4783 6291 5882 7530 1543 13123 7064 9789 5660 4198 356 9879 1758 70 3532 11978 13336 7805 4100 6740 7068 11037 1221 10600 5836 14813 4049 5352 4900 7491 7062 6187 13597 1747 10588 9743 12602 12450 1189 2856 5570 10808 5196 10406 9413 1487 1530 789 2148 11215 10913 14812 1621 1090 14403 170 7734 3006 3129 4699 9040 4256 5892 4263 11982 3157 3958 13265 13755 7889 5423 181 10128 1688 4838 12364 3576 14475 2302 9777 10575 11138 8196 11672 1388 9947 8586 8777 5110 12057 11979 4877 9595 3750 13209 12759 13700 4352 11610 8837 596 14414 11004 4998 2246 2624 9699 8937 11589 1839 14753 9015 3282 8430 10493 7884 10284 1037 3161 5037 7182 9756 1181 9483 1220 4491 4174 4473 2380 5405 12698 9270 7060 4161 1041 3498 11745 3356 13131 5345 3845 8334 6657 14314 13790 12559 4296 11282 4691 12442 2887 11945 
8460 7368 10254 3429 4248 7758 11346 3507 13099 13762 14697 504 5103 3427 11226 10753 3036 8187 13647 3000 14544 7600 12709 5137 6000 2101 10173 7717 12001 7360 6346 8887 3031 7170 9622 3310 12358 8062 8847 5644 5493 10408 12436 6898 13757 1159 8413 4357 5333 13366 12120 14186 2058 1224 14499 1278 10169 1082 2876 2253 6927 12705 8337 7011 10871 10481 10403 4671 2550 8180 9150 2720 7830 10545 6732 4281 3846 12924 9462 2316 3618 2877 12426 9727 2668 14211 11325 3330 6177 7815 6894 12730 11871 2122 8791 3370 9298 12613 9142 1703 4901 12807 8908 8684 14329 3214 13540 689 7036 9464 10790 6929 10010 3088 13590 11297 2093 4940 5439 9035 11239 3478 6843 4698 14175 3333 3712 14487 7807 6130 13426 1687 11746 11164 1180 6520 135 1013 4115 5441 12578 46 11798 1723 12373 11359 6611 712 11515 6484 7732 14409 12968 6055 8189 12529 6200 478 13493 2612 5083 6370 4974 1609 7859 13309 3995 949 13940 634 8072 5456 2669 3899 8086 10664 10075 14204 329 4996 8398 14677 3531 5555 14473 12848 8593 9095 13823 7843 5885 13203 9169 10292 9590 719 7228 12722 5828 3245 6985 10231 1417 8108 13303 13459 9221 8705 6197 10278 6938 1946 7232 13281 12969 13745 4138 10175 1209 1841 7094 7726 3042 6020 11384 671 8631 10684 1092 13100 9486 12941 2384 5453 2510 3137 6409 2689 8346 3627 14717 4858 1774 11341 13381 5235 3237 100 5741 588 11029 10357 1641 5970 2783 4906 5440 13903 9508 312 1335 11817 2053 1792 9925 1923 4249 7617 811 1319 13760 12182 1652 8845 3017 175 5699 7764 3519 12232 13838 14288 8221 14868 2744 12400 568 2081 11761 1084 4361 6603 7071 9792 3313 3666 8071 8719 3242 13545 14605 5781 12746 13285 13051 3953 10801 11820 11605 7669 3198 12948 12512 7481 13311 3454 10918 4429 980 6681 2109 1485 9106 3139 8995 9443 6752 1519 9 110 3815 3015 14279 6577 11608 12561 1465 11068 2398 477 3476 13187 6717 44 14669 13492 3386 4439 4777 13070 4354 3976 7442 10271 8950 8154 7276 11059 2800 11269 8373 10146 2125 10085 830 9245 9158 14049 3395 8513 378 4976 9410 11429 686 2190 5539 13466 12351 867 13985 9761 6631 13652 6345 14519 14904 9834 4798 296 2640 2892 986 7616 743 4604 14241 11376 5717 11321 10385 14804 1211 38 7528 7806 6787 4859 10766 6930 2468 3043 4292 9093 2597 12140 12638 8699 1254 13691 12599 1215 13310 6731 9192 14964 5288 10380 11195 12092 14648 8157 5916 2312 11711 13751 1665 12335 1158 9968 1722 9465 5003 8582 6558 2303 6319 11360 
12867 9552 13530 11463 1518 387 6820 4323 8614 13956 3660 2530 9240 8070 10446 7945 3154 10291 5961 12942 735 12708 12319 4518 13683 8925 10798 7872 3231 14146 13756 2446 691 12040 11260 12508 3702 1555 3148 1003 8655 1393 14029 2173 11299 1200 12547 4825 1900 11183 8253 4632 10286 2290 3812 14654 8492 10677 13524 2916 12744 10671 12510 3033 108 6075 732 12504 13431 8726 10740 2169 10794 6855 4773 7713 14103 6849 7278 13206 9819 12690 11559 9297 11910 7776 7113 10701 10350 13822 8643 11793 11286 14757 10467 4033 6139 2161 14017 1459 7464 4813 2795 5915 3058 10673 7358 11843 14836 12194 8567 9757 213 11161 1001 14292 10548 12058 10197 7417 1801 5350 720 13618 4511 2152 13111 1645 1812 10771 6601 1996 14245 14164 9887 5119 3556 2126 12139 5420 10880 10930 11837 1765 13387 11681 8540 13270 1988 13670 10568 12128 6728 4700 8746 6718 1619 7625 7810 4727 4378 12461 2867 6094 13064 8991 9980 6365 10345 4339 8242 602 13589 11565 11635 6868 4857 2205 3371 5503 7392 13658 503 8033 4346 12281 5988 3830 9728 10877 4879 4966 11977 14633 4311 7648 2162 1464 269 13667 2266 3055 8523 2851 4922 914 12995 3488 9498 2946 2336 4186 9434 13468 1846 4181 33 10980 1582 177 3007 8679 12827 11505 4988 3141 10035 14210 7574 8329 9246 216 7180 10620 14578 7213 23 5017 6873 12115 12611 399 8780 2765 14162 10996 3398 9826 9087 349 2271 934 4800 5708 5765 4070 13230 14274 7 14345 243 2995 1228 11176 1920 12427 945 7861 1836 5726 12999 7018 9021 2813 4490 10952 13024 5621 14656 9079 1989 8819 13555 12795 6956 9759 12160 14082 928 2086 1741 11537 6850 4295 3987 4093 5056 4702 9190 11003 10627 14004 6472 14786 7305 7591 1143 2772 12736 10552 7324 5853 11107 7298 11354 3822 39 2437 5157 4685 1813 13350 8541 3376 7273 9872 10695 14818 7519 482 14676 889 3100 8511 10318 6271 11397 3964 8156 7525 12244 11023 10886 666 10210 9404 9023 109 10289 1858 12951 12473 13347 5277 13811 682 7786 10193 8878 2778 5950 4171 11386 12099 6145 4020 51 13321 6759 8313 8621 22 13104 14667 12973 13478 5522 5861 6519 9488 14822 6302 9439 5526 825 7606 10960 9738 12429 8591 4096 5120 7767 7919 7628 8972 10167 976 1020 11844 14509 10007 7646 1349 13907 2546 12312 5384 14826 495 9678 6797 11078 12130 5929 10848 2459 3884 3065 14358 10709 2390 14492 3677 6189 8798 13808 920 6168 846 3048 8737 1622 11181 5154 40 11103 6870 6905 12447 3200 14106 11545 6749 13418 13339 7671 5072 11116 7967 2502 13248 10415 14631 
13569 7953 14934 1243 12124 463 3078 5652 9279 7914 10176 7639 14973 6313 11461 14698 1789 4365 658 2179 6620 5728 13834 14619 14463 9121 8146 5767 12204 14893 12079 7326 9433 8145 6274 10441 8848 7287 1125 9588 5878 2368 4982 4513 10676 14302 8296 10208 8336 11261 4168 107 3890 11027 3344 2448 2369 7048 5645 4788 1668 4476 1311 6504 960 180 7986 6420 14142 882 7932 10911 4827 10428 8058 10077 4431 765 1225 10662 12666 4353 9960 2409 12222 5412 5086 1068 5748 12885 7698 5827 7660 8479 6255 12028 11560 4969 9844 4072 5096 10751 4657 4316 14758 13598 5330 8762 4043 1352 8284 12623 11991 12428 8676 10595 9581 7982 4297 13239 6726 9425 2397 7740 709 9183 6687 5615 3049 556 10043 10264 1656 12763 10958 3236 2709 10550 10618 1851 7799 13241 10782 5002 13855 5194 2555 12061 6845 5948 10901 13259 13319 12227 13504 11114 7703 6356 5147 2846 12539 12440 10267 13025 10955 12774 11486 9325 5512 3250 14248 11944 13515 7470 7388 2309 8632 4771 8818 801 8225 9217 14490 589 5620 1334 1559 11002 8420 1712 10309 8038 10235 5039 8537 5746 4337 11825 10824 10430 7735 11119 5624 9629 12852 6946 2868 5091 6595 11912 6287 1495 5117 12640 7991 7535 7466 5312 10678 9130 203 1560 11774 7773 14228 8651 8624 1104 287 8112 7120 321 7103 8677 8527 1903 2900 11566 9174 9904 1182 12772 11332 8940 6535 4524 10399 6661 13409 2866 7987 4878 975 4321 5947 2391 13884 8126 7970 802 11680 7702 10132 344 14374 3717 10776 6522 1638 3340 2362 6667 298 14695 844 4828 8828 11074 11686 9229 4329 12049 11425 13458 2560 2462 4360 6616 7871 3279 5786 11744 3737 8706 8463 700 5547 14413 1468 911 7822 10179 1480 14611 6355 3636 6566 9109 8215 9514 7013 14104 11647 7458 6252 1056 753 13425 3190 4923 2791 5092 8170 2869 9223 3463 87 5407 8697 8734 8176 7218 1936 7452 1533 7215 14462 4926 473 48 8553 863 14540 71 13438 13113 3659 6784 6979 4582 6421 7727 3646 4143 5648 3022 13038 7029 12271 8865 2090 12755 12546 7944 7006 4265 11296 1562 5544 8763 4629 4356 13110 6402 5969 938 3863 9617 10961 2172 7494 6735 13729 14687 7772 1626 5951 1639 3979 13071 7164 963 8465 440 7460 12491 8096 10631 4487 5409 8954 1644 12624 4430 10302 1415 6046 8942 10458 9556 14613 10692 9127 9869 261 6281 13934 7416 11277 13379 10219 7515 9816 2367 13326 2480 14726 12754 5111 2658 9751 431 9098 6047 12659 1917 8153 1016 8035 1527 11121 12152 14480 8018 1171 2117 
465 4911 1674 894 12516 14583 5028 1359 8340 9123 4479 5223 2919 10447 14580 309 7329 12859 1399 13562 3621 9934 657 4402 9160 12903 5065 1398 4474 4285 5571 11494 5766 8803 12670 10559 2764 12825 9974 8374 12158 13210 808 3070 14854 11495 12664 6581 2641 7556 7947 6152 14727 8688 6606 5879 6231 9116 1317 1428 809 1185 1901 4124 9189 14382 13158 14883 5718 11262 12309 8647 3813 3174 6607 843 10476 13284 6270 6373 5211 8245 11139 93 7386 13002 11949 6723 13900 4539 3291 3603 1235 10389 9414 4462 11443 3653 6568 2278 14300 2629 14056 8986 299 9659 12253 8138 65 494 9885 8325 319 6024 2717 1578 9729 10888 12097 10899 1890 4726 13553 2815 12175 4687 6367 5108 7038 8208 14253 9682 10919 11476 2982 14674 3998 400 59 6434 2116 12032 6676 517 13621 8345 10022 13036 10238 642 2477 701 10589 9919 1658 4367 10724 8657 7537 10178 13192 7136 12401 8813 10111 5824 4528 11643 3272 7501 4658 5984 1854 3935 13476 14438 2857 6638 2890 11167 871 2123 56 1049 14295 13654 3506 10469 3172 11006 2626 5392 8125 1139 3865 5339 13749 333 14915 13892 9785 1868 355 3956 4364 6755 14053 6170 2968 1694 13195 979 1529 14282 6443 2907 9732 3974 3375 13420 11019 11357 14685 5871 7626 1251 11084 14699 2684 6605 13351 10045 1270 5941 9407 14912 12845 13180 4956 195 8745 13451 3196 4366 11891 10991 11787 11441 1663 14823 13068 11191 4627 7881 2635 1253 7770 1864 10942 10367 2613 14639 4302 11934 4165 13669 8485 11842 10301 5928 4533 13636 4678 2340 4132 10689 12043 2937 5658 1455 13726 3432 5843 8190 1028 1062 14761 10730 10834 232 351 4446 7045 7936 8105 9099 9363 3853 2067 11090 3246 14013 14706 383 12694 1402 12856 2962 1475 6284 3240 3366 8124 3510 7848 11402 10861 9613 10523 13781 8836 7159 9723 13469 5608 12112 14625 12356 2248 1546 13399 2001 8573 8560 3971 6050 10567 12004 3664 7096 4217 8625 9460 13116 5297 1624 14779 5797 6600 4621 1075 7493 9450 5316 5374 1494 6210 6622 8680 9424 14045 14215 5375 11692 7032 1435 7168 9163 2874 4374 14119 2365 11732 4763 8503 1197 2207 1289 1961 4313 13690 430 10514 7962 2931 12520 4785 6290 9995 2731 12091 201 3823 5939 6033 10731 7187 7125 704 13661 9205 5838 13066 13193 10241 4820 11706 13422 4200 5500 14141 119 5159 2285 12832 14705 9644 12897 10688 353 5042 2780 7216 11160 3668 4569 13383 1766 3438 4448 3433 11038 5132 6593 6514 9361 9075 2693 1371 10826 6852 11975 3984 12815 5305 6848 5774 1054 12858 9366 10479 2580 12720 