144
345 1818 1988 1299 2904 3748 1408 2002 2102 1101 2683 243 3863 1332 
2841 3105 3587 681 1490 503 3436 1241 1429 3276 2788 2654 1232 
1323 102 506 3725 1178 2816 3020 866 1358 734 3025 3242 396 
3114 219 1403 636 2984 1659 3640 3250 3632 1331 187 1877 2302 1990 
3933 3041 194 2517 2435 3401 30 1507 3658 3368 3607 2293 2193 1176 
423 1871 2416 1502 1369 2240 3471 2037 3691 1657 3083 
852 3197 1338 371 2088 3608 1928 1560 2060 2306 2762 3082 2792 
3426 1637 2843 3124 593 2478 1348 542 2521 479 1856 
1710 2871 2768 1753 2633 294 255 2755 3961 1838 3118 128 
2022 1754 1361 2868 659 1357 3931 83 1285 2831 
1164 3314 700 160 1607 1685 1184 2040 1769 2991 938 
813 77 1611 3280 2474 528 181 702 824 7 3828 
1233 3119 1213 433 3557 1919 3245 3765 1755 2372 2969 3043 1951 
969 2286 804 2885 2531 1096 2960 398 1907 454 3262 1103 518 
1320 3027 467 1790 550 3011 407 2677 2944 568 3815 2796 3239 
2724 2715 3236 3904 1499 269 1252 844 989 103 2636 
2481 3821 3202 1581 1854 680 1404 911 468 14 3092 
1038 740 238 996 3974 3914 578 110 1903 1778 
3729 2027 2105 1113 1109 2510 1300 3152 2886 1012 119 
2169 623 3171 1464 2127 1768 2042 571 916 2599 1796 206 
180 1559 3896 2010 1733 776 1209 276 1006 2809 1883 
375 2222 1556 2219 1612 1529 3944 1845 3017 629 2853 1649 
3183 2729 1207 1230 2322 3719 1847 2482 3457 2341 
2520 3690 3155 1620 481 1269 3139 828 3003 2849 3550 
3039 531 2013 1130 2553 1217 1765 1057 251 3630 3502 3697 1046 357 2892 
3621 3963 3431 32 525 3713 2396 1152 3970 3201 3129 2109 2207 1059 
2295 1857 1052 272 1383 3180 3687 2492 3705 929 1019 2911 3732 3888 
1557 3846 2300 2297 408 1971 3631 3605 1092 900 19 955 643 222 2480 
774 2910 3743 1676 876 1598 1772 1694 2410 3925 780 2689 76 34 274 
462 1116 1169 2648 2943 3803 3442 2166 2903 3710 1647 3210 3783 2948 2736 
426 1545 3782 1247 3801 761 2500 3414 1798 3440 3493 356 3106 1909 1449 1132 
3429 2247 3353 1173 3138 3140 3947 715 515 1482 1123 3703 136 84 2151 
3855 3768 1194 3704 3294 3296 2114 2999 3900 3659 2354 292 3766 1025 2887 
111 2052 492 1751 3372 3257 3163 2041 949 3922 2148 1677 3753 31 2424 3867 
3117 2325 2417 2104 2436 2049 683 2812 909 1730 663 1153 2232 2913 378 
3270 2442 1286 974 759 1812 2906 1456 320 511 58 2728 2705 2925 2406 3433 
3816 3573 3456 1325 252 472 1616 2660 2708 628 2989 1462 922 1728 764 3434 
1713 3807 818 662 2163 2165 1166 3921 2921 549 707 3932 2691 1156 218 859 
2802 2793 2144 3708 330 3350 1035 170 2393 1591 1911 3580 3160 3377 
972 726 2573 3194 1773 2738 871 3016 906 1145 2700 2401 13 3599 3443 
3348 882 116 3506 3021 3023 3475 953 2632 482 1602 24 37 2156 
696 3612 3665 3747 3879 3881 2071 1386 43 2379 2188 3001 92 704 3165 
1203 2130 3470 3467 1968 1135 95 1542 1170 2968 1485 209 2905 1757 401 
1788 1701 3002 2516 2504 3757 3406 2556 902 1842 2713 53 2419 1020 
3660 2208 350 2241 2243 2890 3094 1067 838 2065 750 1436 2970 1683 
2451 999 1013 1455 2709 1022 3492 3553 1652 1764 3354 753 863 3005 2741 
1593 1935 1442 1221 3606 164 2699 546 2176 2666 594 3386 3706 591 
3309 1428 3080 3123 1695 1697 1681 932 1246 2856 2976 2003 1532 3560 
2220 2217 3885 1715 1578 3335 595 130 2552 82 919 1058 3529 383 2099 3464 1488 2363 768 
1515 2754 3417 2807 714 2475 1580 1843 710 2946 1837 1595 1075 2343 1306 2671 44 3282 3069 2268 
3192 657 1623 1949 2299 2319 486 98 2162 2825 3531 1641 3485 1387 2033 772 2774 140 105 3750 
3543 3036 1974 2495 3060 3842 3520 2747 1382 1100 1326 2891 841 716 3100 195 1280 2926 1739 4 
3582 1506 843 2456 1914 1227 603 3062 3637 1191 1486 2528 897 2895 2332 975 2026 349 807 3004 1973 
735 1077 336 2690 2024 2124 566 2194 554 3679 2258 3281 1487 1760 3168 2613 1948 3650 3238 36 
231 63 1155 935 2280 954 2360 606 3913 988 3953 3217 3744 2371 3898 1234 2663 2848 1406 
1086 3222 2676 2066 3311 2397 3218 137 3077 1148 33 2609 3279 682 3652 441 3432 3161 626 2770 
1476 1983 570 1364 2963 1110 2670 1190 1775 602 719 3367 1329 1192 694 2125 3220 3435 3170 1505 937 
2844 1350 3275 3038 993 1658 712 2695 3137 333 2898 1085 1597 1989 2340 1301 1002 3810 1250 
384 1896 1389 1481 2748 915 917 332 2119 524 2205 2182 1494 3157 2684 1831 526 665 2975 
3819 816 687 389 3976 2592 1229 559 3674 2630 1182 2145 1056 3666 2223 2469 3186 703 3299 
2256 228 3300 3938 2527 1890 1892 1070 3323 1603 1457 2964 1741 3190 3554 950 1254 495 1349 
1440 1438 3339 3860 3626 1625 2750 1651 1712 3453 1028 1696 2437 3571 850 1309 825 963 2615 
2919 2091 648 1091 2453 3528 3179 1105 2860 1144 3830 3736 2722 1565 2652 1962 2287 1142 1310 
306 2727 921 3509 2612 1539 1541 905 2227 3219 3022 388 3056 2382 1787 48 3147 1678 586 
267 501 1584 896 1446 1266 1385 2907 2829 2505 3886 3937 2900 3054 2950 1709 2117 3923 179 
72 3504 3495 701 779 564 798 605 1031 836 706 784 1090 168 2310 2384 2265 3689 1523 3065 
2373 3066 1793 3779 2826 2828 1736 3843 620 3717 577 3181 3418 1930 51 2147 651 3221 
1206 3378 1311 2183 3274 3567 1970 446 2275 2933 2908 3742 493 2338 2638 1416 3746 1544 391 
150 3144 414 857 3177 96 2009 901 1759 47 1638 1039 2150 3327 3625 331 80 1064 3009 
2958 1467 3899 1868 3489 2438 2314 3874 1776 2533 819 3688 646 2067 3678 1579 3672 2034 
1401 765 2534 1634 57 213 215 3523 2353 3670 1214 3480 2859 1816 3883 961 158 647 2420 
621 2559 2339 3977 1656 1734 878 1421 476 2375 1223 1335 744 1189 3671 3515 1076 1548 2702 
3777 1945 934 3700 418 419 420 2512 1459 3341 3322 2386 1138 205 914 3133 3479 1893 1852 2457 3196 3407 2554 3892 3958 326 1119 431 630 596 
1752 3817 3811 536 2651 3852 2901 3214 1654 3409 3255 3478 1333 1177 631 1453 1222 3141 1534 1412 156 2391 3508 2345 3854 3919 10 1799 1426 2458 196 1913 2585 
540 1398 1472 2598 2292 1832 810 3681 133 572 553 670 319 2857 1187 2309 2197 745 1212 1670 3841 3064 2996 3008 3552 3591 1115 1298 3438 3711 
3468 3349 3115 3304 3158 2955 615 3175 2982 2834 1976 1957 1570 1804 286 364 1924 2942 1078 733 1365 1501 237 2973 1111 3541 3014 743 2697 1679 
3273 3271 3265 3266 3345 1587 2019 2004 2005 1060 787 829 907 3722 2929 3683 2305 1095 2808 755 351 3775 3568 1998 415 2653 3399 2229 2468 
1947 73 3895 887 888 210 3731 952 1645 46 283 1609 1183 3562 2270 2281 2081 159 1045 2878 3301 1806 399 881 608 1922 2537 
1905 3465 1321 1315 1316 2261 2551 2444 3829 1684 644 1066 893 1478 60 3334 695 2696 2535 1530 278 363 2131 3459 3745 1137 2771 
2100 1437 970 964 965 966 1032 884 650 25 1180 1531 442 3046 3878 3951 555 1569 1987 2237 3035 1992 259 3249 674 452 977 3355 
3312 1555 1549 1550 1551 497 498 483 484 494 1918 1619 1417 3063 1815 290 1106 2923 2852 3814 590 3006 27 889 3243 3833 1722 3512 
2529 855 853 3261 1941 1926 1927 1071 3907 1606 3676 3952 2864 386 1201 3359 3042 2817 741 3522 1916 3831 548 1431 2112 245 
2961 2959 1167 1165 1159 1160 1161 1146 1147 1157 2698 790 88 2318 3545 1915 3948 2917 2820 2411 3093 1514 2694 867 2572 2069 1133 236 1571 
3738 2610 2608 1740 3924 155 3957 2210 2035 3647 322 3215 2063 992 347 1202 81 3198 622 3040 1686 390 3240 664 2342 3365 
2805 2803 2797 1272 960 2378 2085 3959 1528 3403 3635 827 1811 1443 3623 668 3875 617 1942 2752 3964 2086 3537 101 2385 3767 
3231 2763 2880 141 3392 2514 221 642 3530 2626 840 1304 2543 3307 2827 382 3393 200 175 3086 2557 3901 1392 257 903 
2142 2140 1711 1705 1706 1707 428 3723 2620 2202 3413 634 2977 2570 3804 91 2089 100 1833 627 256 1533 234 3379 3945 998 2927 
75 660 658 652 653 3428 2631 1469 2358 3208 1339 394 177 2496 3909 2978 1390 3880 1864 763 1162 1526 811 2030 1037 2225 2289 
3507 3505 3534 2846 369 447 3450 2477 489 684 3488 1448 3763 2918 188 2254 117 273 1524 766 530 50 1912 752 
348 1749 2988 2949 1520 1500 1344 1034 2116 2821 1538 212 1452 2939 2076 822 365 1374 3251 2605 2189 1977 1271 3108 1718 
2490 1008 618 2364 584 2336 3216 291 127 99 1517 801 1295 78 3641 3675 2349 3549 2440 1296 261 1956 2675 3182 
3153 3148 35 609 3272 3709 1422 1149 3439 1999 86 2634 1475 3727 1129 3324 1379 2716 1933 890 2593 3594 3199 235 2051 
2061 2685 453 297 311 3233 1851 3419 2126 2272 723 2591 3085 242 3503 3724 3639 1065 310 2138 2245 1546 2133 1952 2692 1444 
2688 6 258 1662 233 3264 3333 1188 400 49 2981 3410 125 1774 2313 87 2733 1377 1964 2242 3444 3911 3716 1171 352 
891 1671 1779 3651 1208 1439 3762 2007 751 3332 3176 2036 3055 560 558 1504 2674 2404 1897 317 1396 547 3667 1700 2307 
1674 930 2403 2832 3548 2924 3840 3684 439 29 754 3592 2348 3942 3298 3873 3680 360 2783 409 61 2312 587 66 786 
1242 3226 184 3188 2875 1199 693 3798 2823 2785 835 2678 962 3634 1151 3247 355 1880 1291 3313 2879 490 2995 480 120 412 2359 1894 1253 3849 1834 1016 2224 1522 
777 775 1276 1432 3968 3421 848 1668 1575 1576 3097 3614 2873 1450 2818 2513 372 749 1997 3024 1572 499 1982 1969 3235 2742 1748 510 747 3572 1366 3030 1938 
738 2413 2563 340 3851 1278 2629 1185 289 2288 202 3169 2945 3826 3098 1724 2773 1675 3184 71 1312 2198 2928 1819 936 2645 803 2819 3316 3277 1293 
2997 579 3577 3070 1239 3500 1746 849 3018 3604 2795 2787 1463 3764 169 1646 2006 3818 3514 856 1023 1552 3469 3808 783 1026 1435 2 2250 2931 3521 440 625 
2571 1866 229 185 1589 2097 3306 2980 1420 94 923 2152 592 3013 2279 3787 737 1474 3162 585 3870 207 2255 2962 1260 1324 1279 1405 318 3394 1995 1860 
153 151 931 457 2915 2447 1512 366 561 3915 2590 3770 2015 1723 1336 3569 946 1334 520 2704 1519 1650 2011 3415 1558 3047 817 1803 337 1782 2888 1761 3884 2576 
2415 2101 2883 1789 2252 692 2720 3603 2083 2863 3692 124 2155 2662 1027 1564 758 944 2501 2388 1124 805 3051 427 604 2248 2611 1719 3104 924 3321 197 2459 
1011 3663 2452 2881 223 3461 3954 1317 3760 3682 3536 1305 2321 3871 3908 56 589 152 1643 1767 2661 129 3134 1825 3853 2934 2489 2731 1055 89 1509 323 
2298 112 3661 814 770 3110 1980 3291 3292 2356 601 3107 826 59 2387 1074 1885 3258 2320 1836 3061 3112 1794 220 227 599 370 1248 2987 1493 1181 3555 782 
2337 580 697 691 2135 1029 2394 678 3331 1118 1820 3127 3400 3686 3644 698 3007 3089 2159 1870 3164 3191 994 2574 3113 2884 26 204 3862 2562 3200 2185 313 
3546 1125 2025 1744 458 2681 771 3657 93 2122 1274 299 3049 2584 3206 2431 2712 1308 3391 90 597 3241 778 2430 334 1017 2137 3441 1844 470 3472 1961 1821 
3585 3583 2056 2758 2759 1393 3150 3501 444 3136 3448 2737 865 21 173 979 641 875 1218 2471 109 1608 305 2466 2806 324 858 2187 2753 3416 2390 3551 557 
1635 1944 379 380 2603 1068 3423 2706 3809 241 3088 3920 1687 1655 1330 3882 425 3490 1972 2443 3864 39 2577 2761 1708 1292 201 1215 183 942 2264 
114 3075 2642 1666 381 1590 873 874 455 1781 166 1258 3364 581 1910 2751 2972 1418 3893 3120 2398 2840 3542 3074 987 3547 2215 3755 1835 3360 3338 2445 
3387 1281 3037 3343 1082 1979 2745 3525 951 2327 1411 3361 2428 1451 676 854 2383 3445 1425 688 3385 2811 1036 3797 588 3090 2427 512 612 1800 2597 3126 690 
3624 1359 1672 1978 2017 1785 1225 1108 1810 728 2865 2077 3839 2080 3375 2032 762 1660 2315 3034 2235 2377 3398 792 666 2566 1483 2640 2874 3287 1805 
1047 3936 1204 3499 847 3890 108 523 328 2249 1547 2467 3598 410 3943 3254 2539 1231 1858 115 2115 461 984 773 2635 2479 2650 3477 2814 2601 1600 1661 
1479 1477 3466 3 5 1122 3891 990 1069 1381 3146 17 1853 2389 1495 3297 3527 2149 3752 2508 3067 487 3376 2813 3788 3558 3795 1881 789 3420 2380 296 1337 3794 
465 2139 2842 1783 1784 3072 522 2121 639 2046 1196 85 2896 1958 3796 2141 1256 230 1582 1097 705 2956 2184 3237 3805 3084 312 1583 2381 339 1210 2441 
2178 2334 2953 1588 263 264 1434 1419 327 1849 3497 1216 709 673 832 1283 1018 1127 1465 2154 122 451 2301 304 402 1936 126 516 1415 469 353 1991 1874 
2922 3702 1861 3031 3540 2214 2667 1888 3575 806 3868 2935 527 1049 1946 2782 191 2889 711 2365 2167 1673 2209 232 624 3269 3707 3576 1934 1041 123 
582 3972 1594 3539 3579 3720 2238 2902 406 3848 163 397 2269 1726 1642 1343 671 18 2244 2177 3636 460 3015 3827 217 3610 1631 2267 2402 1639 1371 1704 3824 
3858 504 2368 731 69 2043 1614 3370 3643 3653 3645 3715 1268 403 3935 277 971 3836 3329 3366 3402 831 285 2170 1994 2540 214 3845 240 959 791 144 
2412 1791 424 2725 2719 3813 342 172 533 720 2659 3754 478 1503 2851 2344 567 957 3535 1959 3730 2769 2001 2781 3588 1826 2618 3248 1717 3455 2732 2263 
2532 3388 736 1 1003 1939 2096 2487 3969 2253 303 1536 405 2639 3019 767 143 3712 2815 3481 2311 3374 1850 450 3791 3319 411 3701 3518 3847 1014 1599 3524 1663 2586 471 861 2221 1267 3561 3081 1604 3825 2596 529 544 2616 38 2835 2000 3668 2546 3381 3654 1289 2757 509 
3390 3351 2998 190 3382 3310 3850 2212 1940 3305 2876 2160 1341 3955 3838 1537 1430 1001 1099 2932 3325 2974 2545 2038 1577 2734 247 3737 1480 2231 3449 2050 551 997 3073 3357 727 3229 2323 1682 2020 505 70 3396 948 2488 941 2206 3927 2775 686 2966 3533 3785 2523 2108 3143 2463 
1908 1906 1827 268 2218 262 1511 2994 1473 2565 1497 3033 1263 2940 757 2522 3302 3068 2464 15 1840 1024 1112 3052 2123 199 2726 464 879 940 2617 473 2031 354 656 438 1797 677 3346 610 2830 149 1287 3405 1702 2271 2494 2455 968 3823 920 513 491 1878 1158 3950 898 3615 2068 
3000 387 3622 307 3772 2993 1627 3655 2760 186 1863 2511 2877 1731 250 679 1235 174 3283 2581 2191 1063 2399 3491 1573 2075 2882 2461 2439 3371 2400 1265 2744 2098 2418 2203 3145 2850 1000 2333 1955 1072 3230 3454 3424 2579 376 1699 2449 2055 729 1561 62 1376 3260 3906 2211 1288 118 
1245 1830 2530 2764 2095 3699 619 2446 1862 3928 1005 2799 3564 2550 3096 2239 2990 3916 1391 2503 3751 3286 2854 722 3648 1061 2509 3740 2266 910 325 1496 3308 3178 794 872 2866 443 2664 2767 1543 466 1777 521 282 661 2143 3303 760 3259 3131 708 2693 1622 2146 2328 22 842 3638 2484 
2181 1869 3154 892 3538 1081 3149 2564 3735 1224 1824 3837 1030 2473 3642 3526 3185 1021 514 2542 556 1294 2350 985 2470 3869 3484 3362 2804 3116 3971 2059 1051 3347 1513 1876 1163 1007 1262 2947 3142 3451 655 1920 2260 298 448 1975 538 2273 2029 1665 2965 3771 2507 417 846 860 279 
1518 1243 1282 2173 3187 2914 2134 1823 2175 459 3213 3930 2721 2044 600 1615 640 3380 3099 2347 3244 2594 868 293 2786 2985 1985 1139 281 1205 598 316 329 3290 3045 2079 3132 3159 1384 980 3337 1535 2120 672 3581 3563 1680 2326 3519 945 1875 1172 899 1015 413 1873 869 669 1367 3395 534 
2376 2491 541 1360 1042 1510 301 2174 1355 2291 537 576 809 2277 2433 288 1264 2483 3224 1937 2074 2308 2623 3793 2555 3452 2711 793 1400 1297 797 3960 2201 2028 3905 1134 3352 2560 1370 239 1943 3340 1780 3646 226 344 1691 3532 721 1725 883 1891 1211 2039 3317 3940 456 2285 2619 1566 335 2186 
2493 270 3973 1867 2407 106 3460 3694 146 3032 1629 3462 756 2746 55 1771 2707 3887 338 3205 1492 517 995 138 3726 2392 2110 2673 3570 3566 1690 3293 203 1351 1053 833 2128 434 2294 432 1923 1981 248 343 3586 3619 2872 1319 2450 785 1727 3611 1688 3026 1917 2172 45 2195 392 1895 
1128 1048 699 1633 2251 2486 502 2643 3812 224 2837 2136 54 912 132 3799 2278 1586 2171 1489 3556 3517 1648 361 1174 667 3102 16 2595 2426 1720 1240 1363 2703 862 1062 2869 1621 404 1925 2723 3318 1808 1402 1886 3437 880 638 2778 1270 2014 1054 947 2718 40 885 1098 2497 1314 2519 573 
3741 2766 3739 189 463 535 3934 1121 3071 1745 3695 3267 3135 3721 1653 834 2434 1079 1352 3263 1313 135 1996 244 1921 918 3172 2465 1226 983 2518 3822 1735 2822 3649 287 607 2352 1792 271 1521 877 2845 3600 507 422 2274 393 2421 198 967 2129 3473 2168 2952 2810 2094 435 3589 3962 3677 
3975 2647 3193 2641 2607 145 3427 2836 3344 1394 732 1395 367 3252 795 377 2200 3029 2717 837 904 1346 1375 2672 563 3336 1378 1846 2665 1963 485 2499 675 2739 3207 1423 1150 477 3223 3173 3820 3320 685 799 2791 3095 802 3028 1610 3404 820 3693 3356 1427 3326 1605 3590 2107 2190 
543 1986 1516 1632 1471 2329 1901 1198 613 341 3422 1887 1770 1965 1302 3253 2561 416 2230 2048 1414 1102 1882 3956 2153 3059 3857 1807 3601 1322 3609 637 52 3315 2839 3125 2515 3844 2462 2047 131 2655 2847 3602 1624 3463 154 1441 1747 28 157 1766 1640 976 781 2502 430 552 569 1795 
2649 1284 3897 2335 1984 574 2023 3617 3228 1667 3929 249 654 717 3565 1732 1966 65 3790 1255 1073 2233 2867 2204 2361 2938 368 1993 2894 3167 134 23 788 1574 193 1340 2157 1290 1033 3373 2861 3103 2216 1251 1738 2164 3430 315 2547 20 2658 1817 1197 2303 1410 1259 986 2780 713 1353 
1050 2646 3544 3076 1120 1238 2637 2798 3384 2472 147 2082 2355 2317 1040 260 2951 2971 748 1801 2506 3910 2701 3718 1261 815 1967 2899 308 545 1175 2582 3866 3903 1143 3758 3698 246 1950 1195 3513 2284 2606 2092 2833 2937 649 3268 3574 3482 1839 821 1562 3044 3511 635 3516 2580 2324 
2259 3778 1087 1900 3894 2057 2602 2330 1628 3774 3618 614 2838 3330 1380 3058 2941 2668 1664 1742 358 1879 176 3832 3559 3865 3284 3917 3761 208 1373 2357 1618 1244 2730 633 1540 1585 3295 2192 565 3861 3288 3510 3363 97 3593 253 142 2423 812 2644 3806 1484 3278 981 2897 3342 1756 2078 3784 1470 
3234 1089 2568 2296 346 3967 3734 925 3889 2369 1902 2448 2018 3369 1498 2161 1508 12 2405 104 611 3918 3673 2740 2087 839 488 1931 2236 2578 3412 1953 1829 928 1491 3474 3627 1117 724 3781 2432 2106 2801 2549 1716 3620 978 1884 3834 1228 958 9 3941 3225 3204 1454 830 2614 2346 2090 742 1249 
3780 0 1126 1828 3733 3616 1399 3578 302 3189 2916 2370 3759 3486 2589 2395 1342 3965 2600 2132 1703 1372 3949 1762 1814 632 3596 1954 2283 3662 3128 3050 823 3912 583 2627 3203 1409 2072 266 895 1407 265 746 2021 2118 1397 2622 42 2583 1813 2498 1094 2073 3966 1327 908 2351 864 3048 1220 
2103 2062 933 385 2686 1354 769 1004 3109 2526 808 2409 2682 2604 3057 2784 2862 3487 2756 182 2054 2776 2893 1929 449 1307 800 254 1889 74 1763 2656 1932 2422 2669 1786 1114 1865 295 3151 2070 1669 1592 2276 739 3597 1168 3769 2749 2772 519 2476 3685 973 3087 162 3122 1601 725 1154 474 3633 2870 3121 
2064 309 1596 2485 1554 3227 2680 2954 1083 2331 2979 3111 1848 1809 562 211 2093 1461 845 3166 3458 2779 1960 1447 2158 2855 2414 1347 216 2765 2790 2180 851 1758 3749 500 3756 64 3496 3212 1140 1855 1273 1636 3446 2983 2625 3859 1904 1318 2624 2679 2012 2558 3053 1193 2541 167 1527 314 
1362 3232 2257 1237 2920 1822 3383 68 1433 2058 3656 171 1107 11 991 718 2912 1898 3926 436 982 1219 3101 3289 2743 2084 437 113 3211 1737 3256 1698 1136 3714 165 1613 429 1630 3079 2986 2735 2304 1553 532 1131 3786 1413 2538 1721 3425 1445 3498 3629 2714 3872 2429 362 1275 1899 2575 
3156 894 2569 2992 3856 67 2290 2408 1044 107 2628 927 1200 2316 3876 3447 3877 1693 689 1617 2425 2113 475 2282 3130 1460 1568 645 1010 2587 2777 3584 2053 139 3939 3776 2967 3012 3669 395 2262 178 2226 2228 2588 321 2544 2710 1257 3246 2936 3209 284 3628 1743 2536 1080 508 3789 374 
192 3078 2454 1009 1750 730 2525 3773 575 496 8 225 1458 2199 3408 2824 796 1303 2366 3411 3595 2789 943 2045 1141 3358 956 1729 3389 359 2687 3800 2621 3483 1104 161 3664 3613 373 616 148 1563 1368 2460 2657 2794 3792 3802 1714 1468 2567 539 1093 2909 300 2016 275 2234 79 1388 2858 2367 
3195 2179 2374 2524 886 1043 1277 926 2213 1356 3174 3696 1692 445 913 1186 1859 3946 1567 3010 280 1424 3091 3328 3835 1802 121 2548 3397 1088 1841 1525 1084 2008 1179 3285 1345 1872 3476 2800 2362 2957 2111 2930 2196 870 1689 421 939 1626 1328 3902 1466 1644 3494 2246 1236 41 3728 