144
8187 738 2607 1983 5255 1081 4943 35 717 4620 767 3946 2113 6200 5431 9086 7001 9139 6821 1495 8081 1347 2587 8268 661 1006 2150 7614 2003 8076 4410 7117 8347 3069 1644 5978 
384 8772 5727 8175 5211 7752 5007 4718 7311 8938 4778 4934 6923 5392 6512 949 7977 9941 2890 8042 8359 9615 3258 9647 2167 2696 5738 2817 6850 3749 9307 8455 1444 2653 5132 
7170 7641 9823 1 2637 3072 8010 9142 2943 3907 9409 9419 8200 1460 7877 8012 9026 3804 9966 8385 9173 737 705 4639 8032 5745 5596 5131 5453 1358 9851 2484 1210 2771 
894 3195 3388 4548 7518 9585 7777 96 4804 5584 6952 4445 5548 8483 5438 7726 9134 9533 7874 2114 2466 3323 5247 3425 8839 4282 7559 3074 4644 5979 8075 5405 2497 
4596 3816 4206 9618 6309 6231 2651 8871 5408 8754 1996 9799 6551 2690 4991 2162 6807 1690 8632 9875 9797 5832 4811 58 7481 2383 1721 5577 7471 5694 1170 8338 5578 38 1817 
972 699 6736 9857 4626 3768 1077 77 3762 15 8208 907 9008 1843 6005 5395 2158 1070 4996 2734 3554 714 6210 7371 7523 3415 594 4421 6825 8238 6993 79 218 4530 
9627 6585 6897 9852 2784 4484 3879 1110 9495 6806 5636 3832 8320 1091 8740 1958 1217 7385 2765 5803 8539 9430 6233 7254 4251 9001 5733 7497 4875 3633 4 1298 5210 
8577 8575 4947 4587 3963 1949 954 5946 2386 4796 6874 8398 1190 8155 442 4376 3011 5048 325 883 4270 7878 363 3469 2957 76 4446 6867 8334 9323 6281 2186 
4248 4246 9315 7512 3261 7721 4776 6559 9770 1853 4729 983 5906 6205 5924 5161 3835 1283 801 4265 4249 6252 1738 5160 1290 8931 7591 2533 3767 3026 1211 5042 
9159 6900 380 6459 8058 5099 6785 2358 7155 7222 4336 9456 2155 9536 2825 2465 8792 485 1529 8822 3787 9007 7335 6240 6238 8533 627 2742 6739 9948 4292 5393 62 
6156 6931 6624 7980 6147 3378 6083 9066 1968 9885 4963 506 719 9214 3557 9529 5854 9169 9334 4772 7470 549 2306 9658 8973 7987 5443 6082 8862 7146 7598 9751 6983 8213 
3114 418 1359 9696 9930 1510 1511 1512 1676 993 5779 748 8717 1453 1336 3882 247 2860 4346 1880 9373 8363 7583 7691 433 8043 370 1730 8511 7922 5452 2599 5001 7720 1449 6462 6836 
1752 2178 5328 6732 2058 5498 5010 6258 644 4661 6367 1229 1892 4623 659 2119 3492 5902 1222 2950 560 633 957 2053 6686 3636 7195 2995 7507 2772 222 8449 846 3433 
4830 1908 1710 7356 458 4353 9515 2475 3918 7469 3723 3559 7186 8233 4922 1219 6998 8498 4234 546 4520 7956 2703 638 6467 3898 5446 298 685 1123 1452 9089 5959 5990 5783 
3468 6313 843 2091 5724 1364 3216 4815 6445 634 9281 212 8501 5273 1681 9455 9044 7601 4013 5804 2549 8441 8104 916 3217 8817 2284 1665 530 6285 5930 
4518 9822 9189 6927 2018 7044 4757 7545 525 7077 6884 4583 715 7370 9458 394 1776 1993 9473 2634 7454 152 4463 8861 5599 6215 629 9519 2739 3997 8339 1232 3225 5916 
192 4362 5757 2403 4866 9242 544 6804 5322 1422 1567 2399 4378 1999 7462 5707 7106 4528 2309 2816 2903 5234 2192 1833 3870 5091 1891 656 9906 6043 5279 9639 3043 7277 7568 
5532 5961 6498 5835 5880 1559 8734 8286 826 455 330 712 1648 6161 4328 9809 6950 4805 8675 5027 1408 8120 5347 646 422 2939 5463 4990 2267 844 2137 6731 3966 4083 
4287 5455 1477 5367 9546 8994 6239 7779 4386 8267 4739 545 3158 2699 1924 7275 2552 4325 2180 9190 7098 9753 5752 9638 6527 7135 4205 2801 1137 713 9036 
4482 6042 7555 921 9540 9813 9671 5673 5174 6609 2163 2904 8239 7069 1022 7916 6014 8774 7891 1066 9719 3601 7137 3581 7458 1838 7627 5146 4928 617 9202 4192 7421 5032 3365 
4128 1518 2949 648 1896 7838 720 9230 1071 8327 8891 4814 4818 6335 4723 6872 8771 7496 2700 7892 4660 3510 7120 3432 3620 9060 6789 4313 6749 5072 
4635 501 1320 9735 9501 9437 3684 2514 1489 9107 8785 9863 4415 1573 2123 6573 7418 7414 9413 7988 3549 2937 8611 8071 2908 8962 6635 2187 9908 6124 5015 
2376 4284 7785 7317 7824 6356 7136 876 9757 1102 9253 7108 6824 4225 2275 1166 3319 2864 4849 1106 2182 9793 783 5460 5492 8004 3463 1285 2384 994 6368 3287 1873 
1632 6351 7863 3534 2916 8214 8182 174 681 9068 5849 1570 6062 5659 3488 6729 4342 3956 1932 2479 9013 5625 858 5196 5736 2664 2432 2287 1795 9332 6380 4395 
2766 5649 2568 4675 6580 4201 1432 3501 536 9468 3852 4461 8557 4589 1888 6403 1929 6364 7040 5381 7859 8629 2456 4130 121 6604 1997 3748 4243 2159 4114 604 1638 5609 8351 6466 4839 6408 8906 8929 2430 2402 5817 2190 2285 3785 
3078 4791 9003 3265 8609 1705 263 1278 8415 5475 9297 1420 4277 9347 9484 5389 1247 3793 3743 815 9069 7219 4372 177 5980 9368 4256 7903 624 6262 5482 259 8828 8358 3602 51 48 2427 2601 7862 80 1427 6563 
9084 9082 2569 3192 886 7478 9780 8448 249 3643 8401 806 7163 1099 6416 8442 7508 4349 4367 6838 1954 4286 2049 3670 4777 6973 2820 8034 5114 590 1845 9470 9528 6376 1987 4173 31 89 3182 3360 1327 6345 
114 9942 7287 8881 9318 9316 5373 5294 7200 5631 6256 8947 4082 9308 4433 1734 7066 8735 9565 5776 5429 1308 8537 7739 3740 7271 5775 1088 7965 7383 7961 2076 7624 1033 9645 6995 2301 8755 8404 6173 7221 3784 2775 1142 
5418 2922 1159 6039 1276 8101 1315 8648 8649 8634 1966 3419 6383 1411 7662 8044 896 5785 3839 2183 7540 671 4333 4467 2453 568 3864 5747 3600 5485 3866 9892 8346 6642 8241 2510 5348 491 881 5271 6631 7632 
3156 2532 8335 2919 4554 4593 8322 2135 8244 952 3458 4901 3712 2893 5985 137 6211 1109 2027 4610 9724 5945 6794 4034 2176 1751 8580 5469 1000 7190 6176 1808 2072 794 2986 5557 3978 4959 8045 9444 6029 1509 
3036 3699 2530 6932 1940 7284 3267 3213 3214 6646 759 592 2740 2553 2282 5041 467 169 2322 1486 6482 52 9052 8700 2956 7754 6979 8095 9711 2752 773 5731 8222 8436 5998 4409 7845 105 6150 4018 
6819 5067 9076 6970 541 1785 341 3423 6099 1731 2512 2561 8509 5751 1333 4115 3364 6016 1534 3272 1724 5122 3752 5768 1117 8507 1716 5602 7330 1780 7637 1451 9603 863 5343 4198 3480 4118 4838 3533 6891 1839 
1203 5964 4050 6775 2720 4982 882 7269 94 9571 8275 5283 6026 8132 3403 5966 2857 3137 7392 2084 3020 7626 4541 3293 2431 3547 3522 2398 6942 8524 4426 9126 7636 1404 1858 2588 3698 8529 4218 206 6185 8581 
9396 4636 4285 4435 4007 7674 810 3969 3759 2707 2005 2122 6890 5400 868 7810 1580 2807 7735 9303 9884 8086 8636 6283 2457 3467 6945 1865 3892 2900 9553 5056 9441 1786 3639 2008 9675 9752 6982 2936 3065 8465 
9006 7716 502 579 7985 8181 7088 7128 1311 2317 728 5205 3450 9328 1910 8171 2534 3289 5754 6768 372 1018 3102 8514 3542 181 5770 2237 3847 7814 8890 7658 4304 4556 168 7692 5175 1289 8825 942 7784 
8730 9862 7054 6118 9701 849 9935 5670 4938 6606 523 533 8247 9924 8618 9760 8756 992 9047 3007 277 8389 1928 7509 1205 10 3054 9048 9138 9541 2352 2566 8823 6479 6662 5842 5263 7529 435 2289 1605 
6588 3075 3655 5800 5801 2955 1901 873 7309 3799 3068 1461 3614 7857 2038 4289 6707 6868 3553 7743 3133 4832 216 2469 5582 6243 8039 4524 9889 5109 9301 1301 4444 2918 9508 207 9834 5154 6125 2367 803 
6195 1284 9700 7093 691 3188 8102 966 5919 4696 2951 5291 7924 7584 1879 1297 6799 7604 6495 1963 788 1252 2500 739 5472 2783 4529 5121 997 2079 6889 5725 8892 239 3268 7715 5354 2736 2195 2328 651 
7329 3310 4479 5299 147 9156 3690 171 9532 7426 252 2132 5272 595 6172 6650 2570 4052 4264 8168 3389 1074 7452 7461 6245 3836 6483 9280 3157 6028 3588 115 1409 5667 7909 6831 3746 6129 5666 3511 
7953 3858 6151 6424 9155 6113 5217 6849 4041 7504 5437 5350 6676 6882 5675 7331 2977 4027 4957 6361 8757 4649 3241 6101 6786 2861 6018 8505 4549 2310 3017 8017 2761 5811 8833 6499 6798 6905 8747 8660 9605 4877 
1596 3624 9432 9427 9428 6698 6801 9579 4944 5203 5213 2912 6453 2397 4191 8834 7079 9370 5169 4961 645 9325 8627 7484 8048 5809 1847 9402 7876 9574 5716 287 9918 7091 6301 9954 3755 2029 8659 1796 5228 
5691 6549 7989 9895 4514 68 3579 366 54 8089 6734 8645 8052 1775 2924 2984 7301 4489 3055 2617 8701 9611 8311 2632 5170 872 1769 5713 539 5284 6472 8904 3958 1260 6655 5912 2966 3962 8352 3979 
8340 3582 5962 2062 2056 3149 3066 6693 6762 5242 213 3244 8197 6767 6980 9758 7097 7172 1538 6704 7856 9364 3982 1774 538 6772 4945 3393 393 928 9881 4985 8963 9174 9021 8504 9868 3950 8057 8387 
5223 1245 7243 619 2759 692 6303 7629 6411 6412 3185 5096 7144 9573 7576 3899 2461 4037 3406 2829 9247 2687 4116 2145 9806 7341 1758 9411 2652 2930 7110 8368 2315 4972 5309 5374 4296 5812 7996 3940 7281 
6936 2296 1627 3890 224 7205 1935 6138 1341 923 6832 8093 5935 7175 8795 5080 5771 4259 4169 8523 7033 464 7112 8722 6037 6864 427 9876 2248 1813 3418 7474 6093 3474 976 2580 2498 7884 3945 
9474 8847 6117 2142 6619 7986 2325 2277 2278 5983 4345 3848 410 3294 4094 1268 3211 1882 4337 8381 5044 8069 6339 9769 978 8254 4407 7176 4429 1253 802 4850 9118 5504 7837 2774 8603 144 4551 7008 
6507 3660 8109 8374 5104 1472 4617 1863 7231 4238 299 4258 5077 2594 389 8072 5793 320 4935 8250 86 1620 4988 3558 2790 7541 5419 5465 4419 2657 256 3081 3259 276 5346 6540 2303 3342 6072 3615 
3894 8185 7639 964 1589 1044 3876 1316 1317 143 124 8392 5712 8345 2612 935 1063 6803 6924 3644 2270 2127 4221 3563 1400 2627 3391 4075 789 4302 6145 8945 103 126 7003 2216 9712 6437 1041 6914 8997 
6510 151 9784 7327 3577 9623 887 4632 999 2598 1116 9415 8205 6061 9035 572 2600 6208 5974 8668 2789 8033 4193 4523 9130 5555 9563 2075 6846 6569 4155 1728 1953 7549 5614 5440 3357 7734 4412 4678 53 5719 1156 344 3324 3820 9249 6719 1952 5003 8426 1064 3750 
3117 8028 1827 3193 7048 5722 9038 6347 4671 7308 8439 4657 2717 8918 1255 9222 8793 436 1307 1424 1988 8264 8593 2584 8939 7076 1694 4350 5503 8810 2713 7759 3524 395 9129 3368 39 2625 9028 8729 3435 3942 1465 9236 7078 2229 7840 4413 4994 6033 5968 1727 
3702 7134 5689 6312 1749 1666 653 1623 4904 537 7932 600 5085 6344 7046 8860 280 5782 4505 7898 488 6595 3701 1499 9914 4108 3414 9381 8662 9732 3822 8592 897 5141 5538 7006 7162 4465 1702 2973 2879 1602 8914 5531 7578 8903 4876 3628 8396 830 4301 5136 
8616 3544 2095 7516 2256 1628 4202 5 2292 8829 3954 9804 1068 4033 5311 3673 1235 7885 4066 9487 9292 6760 563 3598 7964 4311 6755 7535 918 7704 2794 3412 8046 8065 8911 6265 3831 8009 6433 337 4107 8778 919 4789 226 7671 5487 5310 6475 725 9288 1995 
9120 8458 1401 8842 3855 1120 5216 7751 7206 1746 1771 6841 2433 328 445 25 7623 4700 2243 1034 2311 1151 2339 3194 1027 5551 7531 1226 7570 6842 6206 9535 2769 7839 6856 2689 2895 24 1560 4605 2644 3288 4093 5511 3909 7174 9245 3004 586 6904 1353 7577 1973 
9747 2101 8887 2485 7756 4948 9974 2994 5606 3150 8805 5046 1927 1849 611 2815 4219 2360 9965 1541 9848 7274 8366 9568 7526 8597 7262 7921 3219 2723 989 5570 5543 5357 7931 6428 3295 7351 5118 1262 5084 9443 721 1826 2235 4526 37 2068 7979 3092 9855 5505 
7404 2220 1128 5220 4324 8180 4515 1433 4665 1707 9453 4189 6372 8411 8158 7740 3127 2467 2633 5693 4339 2665 3375 5871 3826 8927 7613 4567 4602 6951 1725 7279 6883 4926 97 2869 1195 1418 2622 8797 3113 9085 8689 7179 482 977 7841 9517 2156 2780 1376 5444 
1011 8967 1362 6703 2486 4631 3461 5060 4281 2019 6333 1380 9298 5086 1859 1606 6871 917 1804 3101 7292 5200 8159 7960 6548 4654 7367 936 6119 8589 3513 521 3591 5942 8383 2332 2547 454 9335 3844 3747 3705 3210 8950 2931 2848 5549 5267 4976 2185 8742 
387 385 7446 3973 7672 2368 3344 5685 8166 7947 1926 8790 4969 6110 7436 9963 1684 9866 9838 3647 1073 6104 528 4403 606 6833 6963 1581 8480 2336 940 7039 7995 8728 8541 4705 71 6399 8349 1019 7861 9424 165 7422 1384 7042 9488 1250 101 8625 2987 7082 
3546 6508 7990 6079 2173 1978 6465 3345 7830 3447 2199 1302 1196 689 8216 6765 8431 4885 7253 5480 584 4544 33 2786 2504 4606 8428 5222 4030 7094 9379 9421 1457 3015 8280 9787 4438 5180 6089 8332 7897 4056 4039 6577 4897 4213 2663 3677 5617 2324 6384 
5142 7212 657 2563 1399 107 3383 8960 4242 9063 6840 4383 7816 4784 6617 6715 5701 7506 361 7927 116 4154 355 4211 1304 979 3960 2929 6058 2582 4217 961 7156 8271 2839 3028 3597 5499 9360 1959 2813 209 5352 7101 9014 493 859 860 4447 4136 4915 9309 9327 
6468 504 1594 9739 4045 5684 1161 4475 6576 4470 8220 7465 5944 3302 7300 4971 5088 2066 1227 7955 194 6523 797 4840 559 489 3280 4450 9949 7158 7403 8943 3861 4822 4900 5414 7617 8984 3051 9853 5616 1292 3269 4054 6298 5248 2346 2897 6363 6306 6290 9683 
1167 8457 9978 4911 346 8024 185 2134 7941 4476 8751 9336 2239 2366 3634 8236 5517 4183 3595 6668 4271 8055 2240 3141 9147 893 1876 4454 7289 7574 8562 6181 9291 6727 9313 6057 4719 2773 4377 4293 1348 4561 6633 3203 8550 7997 9956 9556 6593 3728 9254 947 
3429 2883 6781 4753 2524 7322 1277 614 2286 2013 8596 9219 2434 3263 1773 7495 2495 2425 7615 3023 7196 7409 4498 5477 347 4424 9512 5066 6392 5765 9165 3853 9101 9179 7041 5387 5404 8936 5391 1340 7410 317 8500 2577 5934 2575 8681 8880 703 1094 1566 
1050 3778 6742 2373 5884 9896 1667 3617 8961 1584 8556 8907 3370 6305 6071 8559 2280 7994 1609 2272 5927 832 8732 1651 503 8038 5941 6019 5083 4247 655 5575 8243 1482 4460 7656 3441 3766 5653 9548 2501 5153 8199 6990 2232 6575 3248 3629 625 8113 7238 
7602 3777 1986 3465 5611 5878 6892 8688 4197 609 5592 1810 3224 1177 1656 4573 6094 8462 8281 439 1754 8246 7445 6236 1659 2149 2968 7211 8612 9431 1535 1521 1787 4607 7129 7564 5638 9828 1764 1792 4059 3191 8650 6875 6397 8698 2090 128 5900 5388 
2298 6814 7950 5728 496 2251 1237 1355 7161 8916 6216 6021 7075 9815 7690 1372 3099 1658 7976 857 5654 1612 8588 2361 7782 2102 2392 5516 4627 6634 507 2177 1462 7364 2762 6259 2349 9296 7848 129 5382 4100 9023 8438 9789 3404 9722 2117 2585 2263 1874 
852 3895 2836 4480 6307 2174 4670 302 575 5607 6684 7738 679 6880 6656 6531 9846 9185 7498 7703 9955 6907 6041 6911 9654 3718 7457 5715 4073 7431 2148 7123 2426 4283 5836 9782 28 7188 7536 448 9870 1875 3139 6555 8424 2111 7550 1917 3888 8217 7433 4565 
7017 7794 2295 8379 1126 2564 2525 1194 9233 5568 3330 4929 4930 1108 8489 6539 1079 5868 2261 311 4640 8540 9944 5938 598 4801 7340 2236 359 7765 1868 1885 156 6956 2728 7949 9255 6981 772 2847 2388 6493 3756 2037 1886 227 6674 4157 8079 2615 5760 7086 1172 
6003 7600 4870 462 4981 9389 5567 186 9936 9882 1107 8908 6022 8996 2826 5478 4035 4261 3130 7664 7353 2821 6066 8077 5651 7063 8315 707 8583 2845 9764 6128 44 6232 9385 2674 26 9555 3152 3610 7207 7809 5920 4379 7226 5643 6524 6164 4430 
6744 4792 6627 4207 4909 6971 8258 1238 7347 4071 4149 1459 4609 4316 3166 553 5147 4874 2417 8980 478 7267 1971 6877 4637 5629 2539 4933 4190 1585 7315 7151 4273 402 3490 9516 6847 1650 6440 9124 7084 6644 7224 7415 2221 4352 3143 8318 2129 6051 8942 2809 
5496 1633 3817 4167 8764 6504 4319 9102 7542 3612 5008 8128 4891 3341 7350 9913 5049 7820 8657 9721 8584 8714 5789 9403 9451 5559 2531 2348 1889 4224 6415 4951 3532 2371 532 7697 577 2028 9547 1870 8619 193 9499 4348 6522 1080 8699 8816 5188 1679 9348 
8889 8848 6502 3933 6040 5177 809 3462 2979 3681 2746 3916 1742 7904 9640 4141 9263 8990 9359 9575 364 9251 2981 7700 7150 6374 944 5910 7808 2489 9252 3006 4254 8702 5474 6389 9287 3012 4733 2274 6778 8856 2827 3399 8308 1821 3494 4799 2468 
9981 6081 5688 7790 1711 1321 7439 1668 5061 4905 991 6334 5876 1391 7651 2631 1294 1141 5587 3080 2555 5702 3297 5581 8952 4459 2141 1607 8549 2283 5209 3827 1836 4936 7936 1017 9496 8826 3444 6460 9353 2065 3162 4068 7689 8100 5349 8178 8447 4356 4508 
2688 3507 111 4708 4591 8530 6697 9702 2565 1662 6771 8565 336 678 3994 3029 3868 5915 9874 1578 4347 2573 9434 6299 8912 7487 1425 6491 9763 1642 9481 7427 2036 593 6517 7380 8000 1670 3659 1950 9899 4153 9909 2050 5157 5797 3313 7630 4176 2996 8784 2437 9382 7424 1104 2778 7616 8474 22 2051 9479 6359 9674 339 8837 
4716 9045 7248 8925 1672 8770 8224 7283 414 9818 6777 6543 4188 9064 250 377 1069 7467 6754 1695 4542 8395 293 6143 9614 2474 9754 4584 3631 6140 74 4701 4676 2804 8437 4212 7344 7727 9135 7298 1660 7761 3802 6109 100 7263 1240 312 8378 8934 3669 6830 5686 7013 6564 8397 2579 2965 8815 5461 9478 8932 1805 3355 470 6402 
5262 3312 9666 6976 9271 1125 7244 2452 4280 6966 5358 8103 6621 8088 7699 7036 4121 6032 8743 2124 3829 4817 8746 3452 8515 403 2782 5863 745 4762 1837 5113 7687 5988 2154 7374 5655 5869 1010 6435 1084 9223 7312 6098 4295 6318 6357 4992 2482 8360 1214 9480 5825 326 5833 7468 3823 9049 2718 4803 4140 8192 1103 2697 3277 7139 
1557 6432 7288 8497 3733 6 7633 7791 5529 2169 8259 7089 7191 5943 3136 1274 85 4882 8715 4269 5470 8863 2672 2144 4537 5899 7548 7757 7640 9637 1369 8983 3202 5573 8502 4958 8716 529 9655 6917 4889 7220 6896 6155 6059 3132 246 6020 8750 6486 148 9053 4767 1306 6669 2260 2480 1834 9215 7572 158 2000 6068 2507 8152 
8343 660 7522 3348 6430 2023 5995 4826 5996 3573 1770 5445 7464 9259 5476 444 8091 3205 2202 1812 8122 4055 8189 2321 4076 2704 3428 7453 3935 875 9278 7860 3609 3561 4364 7354 3769 5914 9879 9725 149 8989 4694 61 6123 9243 7285 7419 2886 4065 2544 5031 4861 8461 7081 4887 6203 3555 7733 1119 274 1215 1527 7772 8408 
7524 4443 4755 3270 2217 7092 1437 6034 9267 7479 8097 4812 7270 3603 9805 1118 5603 5907 9718 6913 8228 4406 449 1946 230 5144 6721 8554 1343 3991 5633 316 4616 2188 9225 8617 9404 7731 822 1299 4494 7920 7286 856 1090 4689 3619 9073 7644 6630 3196 6184 409 9814 4880 6207 6657 6887 3589 275 4643 3477 7944 6614 
930 4597 3232 7360 618 9238 7750 9232 3929 4080 8409 6802 7893 3682 3653 5720 4180 4113 3361 6757 9136 166 5626 8384 8615 2712 8129 6599 7236 7102 6725 2219 7193 5269 5711 7024 8037 1755 120 5591 3658 3142 4655 3944 81 6717 4478 8885 9096 5297 1319 5628 5664 6355 5967 5898 6909 8798 9566 630 1688 5717 7923 4079 1587 
7719 2686 3231 6586 6078 2096 6073 4241 535 5172 2877 3846 3993 1419 5047 4423 4745 2542 3751 6843 5207 7781 556 2389 6055 9182 6326 8718 2305 5152 9329 8198 203 2722 5239 2471 9762 5201 6187 8299 643 4750 6967 4312 6622 3061 9477 7198 2184 9821 6594 1162 1097 8098 1977 4044 1271 6827 3572 8777 7499 9362 4863 4820 
9198 8731 4090 2797 5527 7755 7595 5605 2793 3657 912 5826 5865 3915 3887 4735 5662 6180 3255 2670 5168 3353 4222 3665 2116 6572 6122 5542 6920 2414 4580 8003 1373 1174 6811 5230 7970 7268 785 7305 4614 9867 9938 1675 6332 7447 4533 6115 9928 6561 6084 4354 7012 6316 204 5931 4764 2307 7320 2732 2870 612 417 9644 1583 
5184 8691 7677 8380 8808 5610 2914 9349 108 9969 2604 1980 4110 4305 7192 1625 3478 2464 369 761 7771 3860 1169 1814 9827 6253 7544 6959 2166 6443 5417 1152 6751 7913 7981 5772 4577 3841 6925 9319 122 9697 6162 4809 8482 4134 3207 2125 2040 5518 4368 7566 958 5092 8274 5159 6480 1332 1678 84 7256 1639 1367 2380 
2646 9786 8145 4089 5806 5572 8491 7673 731 9657 4275 8370 990 6888 2044 4384 3692 5447 8665 642 4414 8522 7732 2378 8969 8991 5507 7852 9551 840 5282 1378 9746 1386 2985 5278 7708 2947 8209 6747 5586 6405 3607 4621 7227 9012 3717 2401 4953 8745 2418 1608 2320 2518 7181 8748 5257 4253 2224 7919 3044 3121 8508 3716 431 557 
9630 6666 2763 9979 6702 5922 8998 6541 6776 7362 7707 2082 795 2442 6295 1342 8099 2737 1723 9612 5595 6999 9341 4651 5225 9524 1208 1478 6977 6682 7648 9494 8510 2543 4244 7998 3407 292 7346 2092 880 4109 9872 1413 8940 6366 2271 7858 6779 9274 5903 8622 5999 5658 2033 4769 6212 3550 6870 791 9383 2381 8139 5081 3693 
75 5143 8296 4245 1003 3499 5215 3 420 7323 1394 6108 1239 2083 8050 4199 6219 7116 7818 6297 176 623 32 2087 1759 550 988 7154 1850 1712 5456 3059 3038 4411 191 3198 971 1842 6272 512 2716 895 519 7363 2540 4098 5068 4049 1989 2856 9330 5426 9801 9794 2118 1524 5258 7355 1761 7294 5877 4330 6046 1445 9426 2819 
153 3543 6393 2529 4786 8920 1004 4046 8844 8721 498 3018 835 7933 7621 562 9679 6024 865 4854 2152 3704 5870 6473 428 5363 4220 9485 8047 7562 5126 3605 7016 2197 7804 3212 5781 8229 831 2014 6954 1962 4393 6447 7942 6600 7215 3502 9352 9670 3042 5887 7257 6518 1618 9410 2810 6485 2948 5071 2892 4707 118 469 1913 
6198 9199 9081 8614 621 813 9973 6269 6810 7127 3222 8219 3564 11 6763 9074 5486 1469 3517 8041 6637 3431 8707 4856 1361 1616 4793 7774 5520 3094 1256 6131 2344 82 1447 7486 383 1012 5647 1028 9469 9285 7851 20 9294 9326 1163 3168 2923 351 3454 5365 1075 5101 6304 1454 6228 6436 8001 752 3326 7767 1523 4491 6592 
8460 1555 5845 9901 3934 7906 7556 5293 8610 3851 5289 4899 2238 1732 2756 3926 8548 8403 46 7352 4495 8951 3392 1492 6845 2258 2591 2396 6560 8108 4268 862 5360 2494 3791 2281 4237 2830 3763 3385 9265 5552 2026 4633 8638 4137 9 8695 3688 4127 2969 9324 8176 8134 8800 3170 6163 9227 8525 9972 5895 1661 5266 8330 
9513 2959 5182 9394 307 4323 2875 8063 2252 1706 3696 5412 5359 5100 8752 1693 4979 1703 915 8988 1957 1112 2623 1216 4310 6377 411 9771 6885 8558 4428 5637 1265 3089 4177 3479 3635 7406 4919 1546 2666 1955 6878 900 6249 2060 4650 9187 4078 6901 1494 5674 2499 8137 5972 6284 5838 8230 1640 6774 4122 5249 1059 5471 36 9449 
6939 4638 4519 1479 7131 3621 3421 4318 2838 3735 3189 1434 8712 6381 9883 3107 9581 5194 5790 4464 1840 2729 9710 8600 4924 3215 2470 2921 7652 3371 7622 2751 4064 4532 6027 8602 4917 2811 7610 4923 2655 3079 5755 3424 8221 6661 1218 2086 7103 4507 9730 2710 695 9489 8624 8143 9226 8720 5344 2970 9098 1037 5171 2264 4019 6515 
2103 3819 4552 2725 736 5839 8107 3812 2559 6489 5874 3525 3057 8985 5681 1381 17 9406 3177 3481 2477 8590 8054 2233 4144 2867 5356 7345 18 4693 290 6612 7119 754 3904 1747 7423 2808 5491 7369 5167 9775 4499 588 3118 4728 9665 727 7552 934 6077 6552 4504 7773 1095 7032 8724 8854 9578 9890 2151 2133 9093 518 2874 
5337 2491 3076 6975 4752 5298 1550 1043 9180 9072 7122 2214 4266 9844 4628 2678 1225 4043 943 4453 6375 8364 2350 2048 7718 740 8342 3401 9446 3254 2045 286 3449 1148 1439 3875 9140 3691 8853 1964 8007 4984 1318 6511 1998 1363 8789 3464 6759 8924 1435 5212 7266 7805 9977 5778 9284 3005 7100 4145 8781 7490 4629 401 6095 
8148 1788 7717 1440 5301 4240 3460 6581 1823 2213 4086 2253 6490 406 5866 1001 962 9300 4492 2982 8161 6065 2581 3977 6640 7938 7969 4502 9416 56 1807 1737 1178 4420 6287 9217 7376 2925 3386 1039 5006 5621 3123 746 3437 3251 5014 8884 8053 220 2671 7510 4956 434 2560 1718 1778 8201 9137 4486 3455 7217 3160 245 8425 
8301 2997 5026 229 3109 2061 808 4509 2446 6972 4983 1740 5406 7815 4734 9025 8206 7631 5467 163 4074 1130 3286 3179 7888 9476 8818 8987 1295 5746 2439 1846 9095 6690 3722 47 7337 404 4611 7669 3630 9087 5850 4315 1669 1611 1816 3981 4546 8858 6048 473 8761 6369 1530 9463 5462 4668 1236 1275 6017 8894 6953 4980 5813 
5028 816 7482 7789 1750 1867 8653 6816 1979 1272 1082 8643 2043 6958 4228 4306 6373 9503 5506 5634 5361 4913 3052 6338 3725 706 7925 1733 520 294 3063 4715 7665 8576 238 6673 8982 5589 4975 2989 8160 6213 5385 8555 1062 2944 8204 9970 3664 7649 2645 7291 6137 161 6667 5240 3792 392 3394 4691 596 201 1649 7788 3845 7489 
7914 3115 5025 735 769 9354 1861 2481 5802 8414 3096 1653 2629 561 601 3604 4698 202 2230 7272 5012 3257 9887 823 2946 322 2088 2851 3506 4736 9143 4294 9958 9629 2032 390 6204 4208 7993 9304 980 139 7725 3632 4722 3948 8633 6282 2872 4555 2164 2557 5190 6288 4978 1766 6241 1483 9878 119 4239 4613 40 318 5856 
4560 3351 8692 228 6664 8062 8179 4669 5763 8337 5879 2910 9507 9843 4749 1083 5397 4852 8986 8957 2873 9835 8832 6052 2077 3520 5303 9632 5275 9331 1841 155 5620 3410 5425 9317 2201 19 9377 2387 2071 7393 510 8066 1426 8326 5151 3710 8917 3298 1894 1982 4995 1429 6379 1221 4572 7695 3320 2138 6121 9080 8546 4042 5238 5656 3395 440 2887 6926 5873 8357 8191 2341 7265 9422 1844 9873 
7173 5767 3273 582 2680 3466 6391 1160 3500 3885 6074 9350 6035 5451 6294 9228 3837 5330 5905 9737 9094 2932 631 4726 5197 3626 1052 9926 2708 910 9650 3592 6127 7328 9607 4645 5300 6296 3016 6092 1930 2934 4538 5323 8232 2293 3145 9321 1540 8867 8741 4171 1326 3964 9945 5823 9031 4451 9859 1526 142 3671 1423 5313 8157 5705 6242 6809 920 4808 2849 3941 5852 4847 9132 7377 5622 
1791 2181 8613 2608 7834 2758 6464 8687 8331 8647 3651 7050 531 8517 7387 3487 5788 8606 3575 3146 8587 4952 7183 3764 946 6562 6601 5668 554 4918 2428 43 8051 1698 6439 8753 9923 4758 8585 1096 3515 154 9436 9447 5140 248 4756 6862 1045 2372 4517 8151 3237 8215 8092 9314 7948 3987 5619 5023 2198 3476 8563 7390 2189 9504 3221 353 1990 6943 1076 4369 8898 9293 9777 5939 5994 
8031 4558 9193 5181 2407 2218 463 9037 5103 2097 7829 9975 7902 1428 3642 1692 2824 2639 5135 798 9601 5623 1619 4024 6289 9224 9029 6218 1637 776 4810 7835 6881 2006 1300 3545 1417 6643 4226 125 3541 1007 7530 3873 3471 9399 8739 9886 1365 4634 7493 4763 9625 9567 87 9742 9691 110 4997 7812 8780 8875 1402 4214 2073 5054 3650 7177 2268 786 3984 1739 7889 4760 9110 8061 
5340 2413 2334 1198 9194 8140 9505 8106 3616 9858 9467 4125 1146 1029 3877 522 9766 416 1820 8372 2035 4425 8169 6902 3782 1598 5402 9091 9767 8671 5378 9264 9888 9980 6378 6985 1603 7141 9572 1798 399 7978 8371 2304 3808 6906 6769 9664 2323 3129 9509 6330 6688 4795 6193 9820 6454 2345 4516 1621 565 2115 8488 7169 1470 548 807 3745 7338 5773 8981 3200 5627 9946 3902 4664 2502 
1830 5338 2259 3504 5805 4168 1199 4592 7204 2603 2676 4203 405 9345 5671 3369 3955 5018 7935 1976 2241 3985 4622 8626 6718 4133 3949 4949 7375 1490 3640 620 5590 5676 4732 4099 7895 472 3328 1322 9953 5875 5187 3834 70 3919 1972 7871 4744 6750 4210 4166 4366 3379 178 3181 1480 1714 5107 2254 5270 2677 5407 6672 4590 7724 2069 3599 7359 2679 6519 5149 1055 9791 4370 8841 
855 2841 1164 7560 6190 306 1984 2837 4162 3495 7011 8064 8136 6537 1857 2473 6060 6929 8528 650 7846 9523 8899 6746 400 5324 6590 6133 7420 6080 4966 8506 4442 2227 9122 9286 2266 5052 676 3580 6761 6254 2572 780 5872 9090 92 1270 5864 3737 266 5329 1699 1067 1686 6160 1794 7090 1387 4126 4017 3508 6199 5926 5427 6944 4955 1158 4937 9617 5019 9812 8646 3082 4647 357 9206 
5145 5650 9825 5761 9471 1866 1323 5528 5840 2369 1121 9687 8766 2667 9351 7035 211 4267 6695 2171 3439 9445 2308 486 9554 9807 2963 4250 8679 4216 7730 4493 8172 7492 9668 8944 932 7223 5786 1741 911 421 5396 7539 922 7201 109 6720 4967 3274 9246 6165 295 2203 90 1124 9597 8014 3493 8573 6616 2606 955 6969 7967 8893 3356 7762 5744 479 4174 8642 2814 8669 9366 5891 
8070 2571 9276 6858 9004 9939 5762 9544 4747 1393 9150 9384 6855 726 4158 9688 6997 718 6968 9220 5252 3528 2046 88 701 3509 5558 2222 7310 3518 4658 1105 7813 3865 5117 8857 425 5936 8484 4385 3893 7080 170 7786 1652 9898 4868 1280 8683 9608 1145 7234 700 3281 468 4390 2586 2983 6873 5648 8897 1234 2143 7910 3849 1883 8958 9829 963 8022 2858 3989 708 4964 9127 7164 9947 
7563 8928 9744 348 9433 1089 543 1784 9545 1038 3027 7386 5124 6660 2130 453 4111 3536 1664 8450 1898 2436 3060 985 3938 1024 4601 4300 7055 5339 7501 9902 2868 4740 6365 4307 3999 1919 9208 2694 5777 6421 4797 8672 5580 3376 6623 6394 4873 5318 3914 6154 9170 6730 4117 3805 9840 9046 4061 1374 2391 7881 941 5678 5735 8972 9699 7304 3264 3131 9522 1991 9020 2312 3238 4535 
9279 8382 5574 5415 6663 7594 345 7828 2643 4942 4748 132 2208 4164 6567 1965 1781 7982 4472 2698 8325 9682 2945 2885 3530 3570 6687 7214 2153 8705 9841 762 2894 8194 628 476 6002 3757 2777 8293 2170 9736 4260 6220 3040 8851 354 3201 8814 2020 9196 8711 6683 343 9959 5697 4290 9343 6291 8663 5011 5820 5079 8144 9761 6948 8933 6865 9929 5721 8348 4175 5657 1371 1951 986 9205 
9708 5808 9706 5416 8769 2022 4864 3539 340 5450 180 8454 8760 4398 2785 5125 3292 1498 221 4999 9768 7456 4921 4768 4843 3374 5704 1854 6413 6209 4194 6292 8710 8459 6565 4060 4545 7067 160 5893 3519 516 1443 7608 2276 3363 9803 1168 5296 5326 5017 6148 6444 6535 4836 4566 8193 8658 1207 5073 6557 1872 4332 5933 8369 4652 4859 2692 7928 591 3087 6680 1054 3473 300 167 
7797 7056 3739 3583 6000 6815 8569 9662 141 102 5646 7167 693 5787 6030 8830 6500 8635 182 5954 1586 7612 6434 6182 1531 205 4427 1960 3959 5672 8354 8211 7696 2673 4389 4970 2517 1339 6947 7293 551 4841 4680 9755 4845 2047 6538 7722 9450 5034 8165 5162 7096 331 6752 7675 2850 8475 3922 1485 2496 1201 6706 2193 2519 6748 4681 3498 9387 647 9465 1532 4721 1484 5288 8543 7022 
8538 2685 9783 7911 3271 6390 9077 184 3071 2988 375 6386 732 6075 4618 1537 1224 7894 9659 7233 3049 3322 9058 8353 7654 9526 9731 3002 6395 2660 4844 5624 4016 6322 7232 2656 5690 5105 6829 6006 558 4896 2067 9750 5569 3025 5703 7018 4132 5304 5641 4360 4020 9438 1446 5692 3742 8677 4400 7273 4399 8422 9213 7905 1856 4998 9656 2888 5700 474 2913 5661 7412 4886 4184 9773 
6276 6196 2764 9588 8725 9661 9355 1438 5334 1200 9741 5562 8376 8595 1263 2862 6645 5369 7475 7943 2347 5857 7701 9692 29 8551 8111 751 2357 8813 5885 9290 9420 1244 589 5403 8744 8467 269 5243 9781 7324 9282 2884 8709 7527 3719 5699 6116 1487 6293 4146 8195 9850 9112 1969 1569 8316 3535 1179 5206 1448 6818 4391 9371 2458 782 4564 674 3732 513 7260 3053 5232 3030 9790 
4014 7365 4011 9115 970 5065 2798 4474 4903 381 4782 654 5295 2745 1809 4550 1887 4823 9172 6414 709 9378 956 3442 9604 6863 1871 4456 242 8866 3358 6452 3367 1113 8749 2556 1685 8623 1100 1634 7939 9633 6837 5881 8846 1111 1026 2379 3100 2616 4806 1051 188 8768 8631 8878 7185 9709 6708 5235 2245 1189 9733 2833 5229 6797 391 3472 3338 3794 236 534 4725 981 2250 1610 2741 
7680 4714 6274 5844 3387 1713 2454 4279 262 5679 3422 7005 6342 5952 2160 7972 4890 2200 1937 3809 8130 2085 447 4807 527 1502 3013 7030 8639 8519 524 5698 1893 1907 6175 3453 3046 2488 6689 329 5000 8026 4387 6076 3776 3593 2866 8188 5953 7546 278 4182 8494 1397 2535 7666 3886 7034 6226 4165 2299 5062 9833 4884 362 3147 5253 3594 7745 2675 5093 8738 7567 6554 4448 140 
3741 150 7599 3505 7638 6546 848 6112 1354 7907 9423 4008 69 9414 7737 8946 8869 8333 6773 4570 9133 3606 2191 1463 2701 2828 7430 6728 5158 1183 4298 8324 1802 113 3869 2422 6470 6651 8420 9022 9212 6521 412 819 2744 27 9686 7653 7800 5199 5274 6343 6605 1212 5855 2450 1903 2294 232 5004 677 973 3983 1129 2791 569 7437 2094 8295 1392 9518 5097 8919 2463 8162 8564 5227 
8850 270 4012 3427 1549 5176 5488 5566 4436 9429 8019 7908 4540 210 7113 7660 6879 5281 7378 5439 8080 7194 5264 5233 5743 9448 3587 3874 2648 7991 3562 5191 9707 3818 854 9056 3796 8410 6478 5669 3405 3666 4536 6064 8819 4510 850 2767 2120 3315 1925 9636 1202 8895 5524 1114 2059 8787 7520 526 1709 1689 7714 1914 2273 2441 4781 2909 7026 7589 8196 8084 9283 3459 4331 8859 
7368 8811 4677 7326 8926 3889 1282 5645 2139 2291 7239 3813 9609 9648 951 5280 8713 7280 2054 9932 397 1021 4503 5002 3208 3910 2896 8083 283 790 3514 5208 1334 8432 4688 8116 5729 199 5364 9342 5784 6201 2705 4892 7307 6009 5192 9374 3034 9915 5148 5268 8202 3171 7580 6711 9262 1992 8227 5502 3327 2255 7062 6360 3457 3451 2390 7455 4096 3590 2546 196 7494 2172 7538 9894 665 2112 
4557 9861 7483 2025 4441 2257 697 1242 8298 927 6542 6230 4431 8922 5320 5749 2356 8791 260 2327 338 7573 2300 722 6962 662 1375 7225 5615 7306 8870 7817 4481 386 5386 1191 8186 8350 5612 3843 6314 8968 6438 195 778 6903 7532 7502 8775 2505 1296 3229 7619 4858 1248 3235 334 2733 967 6986 6310 2521 9369 9950 8121 959 7694 8976 5973 2342 5370 4335 5331 7811 1571 5292 5604 7962 
8694 853 9277 658 8226 4513 8418 9272 3578 8999 5918 6918 1536 2394 5709 8011 9454 8684 8138 6247 5556 9417 98 1258 3314 244 1414 1520 5597 7999 6955 3397 5481 3332 6214 2609 2318 2400 2460 5824 5819 3430 6506 6038 1641 2070 5245 9452 7276 7525 2377 2683 672 6349 9964 4148 7832 4455 8329 6516 4458 9684 4594 2455 5921 1197 7879 2619 3824 4746 5618 3083 8937 7650 7061 664 3706 
9669 8499 7015 8535 3426 4987 1360 9466 6229 8492 6738 4860 1824 303 3174 7348 288 6217 9620 7124 7534 603 3556 6726 3637 8150 2545 9877 8930 2194 7384 130 8406 134 9910 8796 9919 9598 8094 8399 2578 4038 555 6934 597 6045 2265 7744 607 6477 2131 5287 3574 7954 3173 4477 6571 6279 8572 8690 7519 1078 441 1663 3347 6787 508 1220 7394 7645 869 8971 4057 1895 1115 8291 8621 7511 
2337 8067 1828 774 5886 8297 9116 3148 8453 7634 7590 3228 1506 1356 9103 483 6685 9425 1547 5564 3840 4612 7389 8782 475 8824 8015 8090 7379 5261 9676 1382 8654 23 3765 2999 6534 6144 2010 9602 2244 9002 4483 8979 8183 5224 3649 9491 1682 6603 4582 7213 3067 429 9372 5536 1370 2 2359 1475 5307 505 5050 2926 3482 7255 8412 1288 6770 4469 3867 5695 1132 7763 5682 1860 
5379 1204 8068 6354 3661 4326 3031 2880 190 7400 4006 5410 3032 4124 3695 8921 2682 2715 8604 5748 7713 3417 2823 9765 8284 6919 7620 2668 9727 8177 4511 4531 8520 6063 6325 6221 4102 7058 2319 9367 2818 8249 9749 4690 5069 3821 3548 515 836 5546 3566 6764 4779 7111 2695 1646 3362 6248 7679 9221 9845 1135 9186 2843 6556 9295 7886 4927 6828 6989 724 906 4624 8234 5368 8020 1287 4405 3307 2411 6388 7020 6362 8131 8773 5040 1046 3262 3961 9564 499 8468 2635 7822 9723 7597 9616 432 7571 2440 8806 8149 3736 3912 4029 1916 4468 5940 5791 1852 123 5774 8486 1431 5799 4262 4062 9361 9660 3209 6579 903 5696 4418 9678 3009 3316 6866 8685 7333 9244 6007 938 2597 2536 7880 8430 9015 
6822 423 5377 7171 6315 8421 4869 1944 5644 7209 4630 7443 5683 223 926 3110 7166 6385 9624 5723 2721 8727 765 8493 2472 687 492 3618 9960 7698 3408 4501 172 7397 2795 2902 9854 9651 6910 2592 1138 6130 2865 9105 7342 215 6611 272 1736 878 7682 407 8601 1768 9395 6899 8147 1655 9785 3913 3531 7250 9810 4910 4181 2972 2938 9680 1092 3172 6223 8779 4416 3883 5794 7408 3825 5764 3971 321 1023 6589 2362 3625 649 1657 5112 3627 7357 4585 8477 8758 8287 6371 2209 5882 9626 4834 7246 3047 9333 5036 4702 9748 466 6817 1582 8901 4568 1513 5043 1192 7513 5989 3352 1735 937 1600 1544 5579 9166 2146 9128 5861 8279 5795 50 3104 2039 3122 3165 3560 6632 8620 6263 323 9050 7021 5583 9231 7515 8309 1548 4135 
2649 7872 7873 5457 465 73 3153 7833 9940 106 9778 4709 3382 5956 7438 8531 3105 6264 2409 2520 3384 3486 264 7659 5958 3291 4656 2589 8400 3760 9698 7553 1157 8879 9776 2659 2444 135 1344 6336 9175 800 8005 7565 6455 5509 4679 6946 5780 4466 4931 9100 6782 3445 2882 8242 9641 1556 5442 8783 6088 2899 8948 8788 711 1517 1815 5663 5351 9847 1760 1864 7959 833 5219 9569 2476 1777 5908 4672 6935 8212 4683 7864 861 1390 5677 682 3249 1643 6961 7819 4361 8117 3064 8429 5630 9837 5082 3795 13 4371 1379 3276 805 3953 3112 7057 4380 2421 4159 7588 8388 1948 3199 7029 378 626 8036 2770 279 1015 1522 7187 3303 1406 7628 8231 235 4005 8855 8503 8630 7533 7940 9713 2351 8547 3317 1961 7070 1493 
1206 3000 931 5925 9667 3936 8536 8496 2953 8452 3622 1243 9388 8726 9934 3266 7946 8883 4710 2760 1862 2628 4047 4743 9819 639 9312 2136 367 8518 3175 9922 4150 9269 4004 5798 65 2405 2015 3489 670 8278 829 8873 8317 1715 8288 5831 517 7742 6023 5576 2492 3024 7349 6275 2080 9108 7579 879 1403 5156 4091 8935 6665 6638 8693 9017 8471 2840 4215 2343 9715 5680 3308 5889 6869 9904 9937 42 8706 3931 9051 5362 867 2613 3073 7929 5316 4962 1053 2001 8310 2196 1630 8170 7441 5433 9694 6087 8319 1519 4009 7442 5814 6135 9982 4780 2404 5102 3106 9397 9560 2781 8485 3243 5544 2714 8240 1337 34 9071 6056 3434 5526 4898 41 9635 6302 686 3707 9405 6709 1601 7203 4941 8118 4730 2078 7728 4200 669 2225 
5769 2647 4713 6783 309 3738 7561 9550 9549 5571 6352 2920 4908 7361 8292 1744 3305 1155 9663 6153 5319 3300 2370 771 9141 6255 1389 9234 756 4032 2395 2288 6461 6793 4394 2074 5740 241 7807 1645 3871 6520 9534 2662 3715 3275 1188 1346 5821 3491 5495 4619 3943 9871 5030 3878 5846 3350 680 4142 255 8827 60 7189 9880 6587 3726 2907 6271 1763 2691 950 8056 2340 8644 2917 2822 6886 2859 1491 9070 968 5277 2905 3678 1150 6031 1881 2333 9034 6050 2596 8082 2755 3880 2730 1877 7663 3714 666 1558 1136 838 9860 8736 8059 5937 7887 6678 1377 7149 5894 6311 4603 3516 7065 1922 7958 3204 5384 6826 3438 7749 7850 9188 5929 7476 6536 3672 3381 6710 5466 7823 6987 2853 4837 5306 4223 7104 2757 3443 
9123 8302 9591 2490 7014 7249 1593 9042 5493 7165 5064 6547 7321 3811 146 2451 2212 9111 6854 6308 6192 7473 8804 9039 5055 7503 570 8049 576 9492 6139 6100 8245 3409 2590 5837 7826 5993 8314 3088 564 4308 9289 4659 8481 254 7849 5285 3803 5792 4562 7625 8423 8289 5714 905 5005 9178 8444 3470 8303 3674 6712 3475 8913 3947 7388 1049 1421 1577 437 8545 2462 3155 1187 8073 6300 9943 1441 3970 5541 2661 1514 5508 6876 9931 6928 4595 7844 2326 1897 5045 2104 6984 4204 3125 2021 5862 1279 8443 1058 3758 6171 7766 451 4761 1153 1943 5341 939 5970 1474 1501 1175 9391 7140 6550 6844 9204 9153 5843 7957 157 4235 7295 9270 2792 6458 183 7242 2523 495 3126 7667 3668 4196 864 6419 7827 7004 9912 9088 7611 1249 3828 6553 7983 
8304 9162 7290 7836 5533 5332 6120 847 1783 5221 5254 5333 652 1588 9195 301 9117 7087 5411 5957 5256 3183 7776 1818 4578 6348 9726 3720 9375 9024 1575 6812 12 845 3838 9337 3770 4862 1383 3372 8598 1539 3790 839 779 3676 2846 1890 5948 5119 8852 7314 3998 4684 9689 173 9693 6010 5473 1456 784 7843 7258 8831 4077 1829 6860 3176 164 8282 5963 2205 6800 4766 1855 1748 8290 1753 3708 6427 812 7218 243 9275 5513 4819 4522 4104 7676 8260 5660 5265 6584 2262 766 6808 2228 6733 5992 7413 5070 6323 5380 310 9514 7569 9704 7890 8628 2806 4600 6681 9235 8544 3815 1597 4878 7603 6714 9266 3863 4916 3806 8993 6189 8174 1314 899 3260 1956 9440 2168 3906 6641 8469 742 4473 7160 924 9561 162 4902 8664 6848 
7875 4092 4833 2998 9357 5730 1048 7912 9393 267 2374 4825 580 6503 6898 6152 1087 2487 965 2915 8025 5098 3774 5484 4320 4695 5163 2316 2448 874 1848 5164 55 2483 7514 8060 6481 494 6442 4687 3283 3411 4581 4737 9653 1060 1832 8941 6494 2165 3169 2297 2126 5537 4662 9412 8164 6916 641 6097 749 3623 4871 8402 3180 3527 7899 7505 9356 3571 3552 7228 8966 3995 3586 2928 481 6396 356 4663 4490 9119 6025 1825 2109 8995 487 5706 7491 7429 9106 2089 8956 7130 5560 4026 4143 2508 4939 1209 6401 8078 4070 3703 8427 2416 4563 6096 2788 7770 945 7432 4894 477 9798 7686 7575 2226 1396 9216 4759 4906 6224 5639 6636 1835 2614 1683 7710 9539 7918 2562 5565 6446 8373 3901 8864 5955 1912 4487 7143 7043 4682 2424 7685 3923 5383 
933 2961 7405 3975 2641 8886 5371 5137 9240 7132 3772 3694 3856 2719 3967 8843 3734 2017 5139 4397 6186 8283 4002 7854 4437 1614 9181 6177 459 5515 6451 5632 1654 2161 3253 1303 289 837 7202 9261 8470 904 5829 2787 5545 7417 3957 995 566 319 3197 5732 6353 3608 3754 4576 1330 2933 4754 3709 8678 8125 4888 2747 1031 9802 5183 3896 2548 667 7821 3098 8030 7296 1985 8133 6677 5308 2513 2157 4263 7975 5550 4185 741 3184 799 3398 7435 4485 8407 4081 1085 4738 610 3652 315 1312 6474 3697 571 8087 304 3285 7488 4770 6795 8872 2382 5226 8656 8767 7073 9811 5053 1904 9831 9586 9577 4156 5986 7142 7025 704 6618 7148 5448 7121 4457 4274 8435 9917 1505 4525 608 1938 3689 4317 2558 6753 5539 352 1133 9695 7316 2207 3862 729 8114 9439 
3039 3663 9121 2842 5260 7399 5613 4674 6001 4986 8023 5020 1281 5372 9817 9740 5021 457 2876 7551 7596 5841 8487 6893 5997 1185 5601 5202 2901 6387 3526 9649 4072 104 8362 7007 5398 5057 2007 2620 7963 7241 8637 4534 8910 6102 9398 7547 59 3247 1793 3988 2506 9380 49 6105 6448 9065 4186 4846 9161 5737 2726 8276 7769 6530 4857 7796 7402 2314 7184 1464 5594 542 9824 5750 9062 1436 3396 3045 5479 948 6449 9677 5424 1407 3641 889 4299 6805 7842 8719 9346 8534 6766 5394 5563 9486 8812 285 376 1604 4790 6054 675 8923 5173 6545 273 3646 1975 282 1799 7500 3242 3903 1101 83 7831 9558 768 2459 4106 6407 9527 1002 764 2537 6008 1878 8153 4278 7646 3911 9673 4058 3278 5058 6319 4586 1020 6267 3282 2108 4625 3638 5198 9795 
7407 6861 5376 5259 7366 1945 9510 5494 3349 8263 6429 1398 9237 696 4396 7126 1515 7049 1545 3111 2175 3807 9891 2052 7635 6420 8673 1122 5241 6036 2941 1264 327 2121 3497 7748 5642 8723 2249 1430 7085 7937 9562 4355 1450 3569 9983 6044 8473 7799 5909 4973 8210 8902 3484 5519 9256 2942 6716 251 567 1035 602 2626 3311 5464 6331 4381 1811 8640 4853 3854 5807 8393 5547 9498 8105 733 1357 6488 8085 5179 5430 3120 7107 3256 6327 4439 8110 6834 3775 2567 4327 9672 3134 9109 792 744 2423 7 6652 3301 4471 1552 6613 5063 9392 9792 5947 3939 6004 7803 5976 1806 6544 5134 1572 7585 7883 2749 4912 2831 2624 1254 908 1193 296 1405 842 7806 7801 6735 8876 3576 5150 9461 9400 6134 6423 7182 430 7802 547 5327 7199 6202 6670 4252 
2493 6978 9864 4989 4129 9511 4402 892 4950 7009 4084 8652 5449 4357 8803 8682 5133 2799 9273 3729 6620 5991 4119 6450 6225 7581 2511 7543 4422 3448 3058 6607 2990 1040 6188 6578 9971 3010 3333 4893 6598 6796 1149 6013 5459 2750 7235 5860 5420 6222 4775 2438 8974 8978 2478 511 7037 3683 1139 637 1790 6404 3523 2595 9490 7072 8016 3336 8900 4138 5035 9083 9576 2002 2538 8237 7642 3908 9460 5421 14 3680 9408 870 7870 1134 5355 6857 8112 750 902 8355 1884 2515 3354 585 9521 3613 4829 6628 1994 7747 4588 4449 9079 7793 6132 3103 4139 8126 8446 3990 9268 1797 6591 9365 8472 1592 9209 9976 7705 2800 4543 2636 7398 8391 2012 7138 4161 2654 6012 8708 1025 7866 1899 2234 8915 9596 4257 6758 6320 1176 1016 7528 6324 5214 8607 5739 8451 8074 
2415 1947 4872 9903 775 7053 4831 3390 9043 379 8964 3226 5106 1906 6191 1471 4085 2140 9310 1551 1005 960 1941 5016 6699 2550 5913 6723 9570 8361 7074 796 6724 9493 884 2522 7768 358 3138 9250 1918 7313 1765 9302 2779 7693 9643 6679 6991 2935 2516 974 5108 7297 6179 7115 9407 4974 5286 9260 7973 8285 2353 8445 4272 9849 3167 6166 9030 1230 1213 7702 7587 975 8909 7917 8248 824 8599 1251 6912 9525 2911 382 9925 7775 1014 8154 2889 3781 5521 9248 443 9642 6964 9530 4497 3240 2527 7000 4816 8865 6740 1246 694 1455 6649 8173 9184 7798 2011 9681 2128 3503 8394 1223 4309 7064 9613 7052 5816 4925 8269 747 4028 9401 3711 4604 5890 9816 8568 2952 5851 5483 4993 3186 2640 6653 5951 4608 7655 7109 7372 4686 4340 7460 1626 5037 
6471 4599 9552 1554 9628 7521 925 969 1476 2642 6235 1822 2602 6737 2330 613 6425 2832 6270 9897 834 3456 2871 9000 5490 2706 1902 5094 6894 2551 8479 7114 8021 8840 8762 9464 3380 4063 57 291 8704 1305 5665 5155 8512 7303 6835 3686 1385 7643 7157 8579 1442 723 3062 5051 1772 5039 8835 3206 3830 1967 3648 632 9590 6370 3440 3687 6183 5932 5013 5815 8367 7197 7463 4559 8321 8273 828 1574 9177 3685 1184 6015 3359 2081 234 2574 3496 5024 1468 1981 4322 1416 8521 3003 6174 6070 9865 6745 3529 461 8527 4351 7252 1338 1257 460 8651 5375 1591 4010 7071 1553 6525 1173 1563 4717 4231 9720 9218 2541 6823 2693 9738 898 9344 5189 1722 1488 573 998 7416 3771 9717 1782 3611 8135 6085 8737 7178 6965 8123 4179 257 7382 6168 6671 2658 
5652 6469 3234 9435 1674 6273 6463 2724 8809 4051 1671 3070 9583 419 2993 5917 770 8877 1900 4358 804 9462 2447 5718 8 9258 6615 297 1395 5553 1458 7425 9191 5554 2093 4667 7592 8255 2748 7729 514 9027 6921 9729 3021 6570 2854 3119 9211 5441 3335 8666 4105 5090 3041 7466 2906 758 953 1013 1261 4506 5975 3284 138 5325 1595 3662 3077 1568 1720 6257 2960 5399 1345 3974 7302 6974 2099 7753 1507 8680 987 1680 4685 8377 4673 6839 4914 271 7145 2962 841 9157 4321 7683 3730 360 1677 3164 9482 668 4646 6566 5029 7240 7764 3483 1036 3753 8115 9241 4341 9957 2365 6610 6700 9808 3814 5075 7915 3551 8759 552 1717 5237 7684 6329 5076 3377 8591 6597 4642 4434 5600 9322 2731 45 8035 5522 1171 7411 885 1622 4954 9192 1562 5193 6696 
2844 3897 4794 1789 6157 1008 8574 8184 4401 5923 3538 7477 8223 67 3656 3227 6933 8218 1629 7278 1745 4821 219 4236 8571 6426 1974 6996 4773 2355 3135 8674 5827 4774 7319 757 4940 9690 2210 4765 6091 7974 5116 5244 5353 6250 9097 21 3842 1481 371 9203 9146 7019 350 3128 5317 3296 4771 6244 9962 4255 9338 9728 2812 3250 6400 8008 3163 9836 6626 4147 7661 2435 6158 5130 3223 1624 8975 7968 5128 3366 753 6596 4187 1647 2898 415 6457 763 929 2891 1056 8266 4802 8836 7605 6713 500 8190 9040 8251 3797 1329 4848 3925 9538 1143 3724 4699 1140 3090 3976 9631 4031 9041 2611 4000 1543 9716 9967 5960 7168 1923 3346 7051 179 3048 4842 4703 7334 7607 6813 1561 5540 7706 396 5276 743 4452 4097 8802 8552 313 1259 4920 6497 9075 2055 7216 9756 5969 6788 
9201 5535 2100 8341 7795 4170 112 72 3154 9472 8965 4123 5883 1939 6658 3187 3928 7712 8570 9584 4539 5640 8532 4977 2364 8253 5514 1350 7230 8478 3252 3097 7582 4462 2863 7358 9542 7709 4230 7261 6227 4932 8013 4648 6169 4297 5428 3996 5896 9905 6941 9593 683 7459 5810 9320 332 6456 2743 5977 5165 5468 5204 5390 5512 8476 1057 4025 1729 9646 6994 9832 5087 3050 1503 5828 6509 7480 716 1719 8305 5608 2509 2223 9099 3744 7325 6277 78 3008 890 2106 1496 9131 4087 8261 265 5123 8953 5095 6940 1636 877 8277 9826 3084 3992 9911 8390 5401 9340 7688 6639 8641 9358 5290 8463 1942 4907 9151 8466 1131 253 438 8416 7159 3788 261 4742 8582 7031 1704 8763 3667 825 9907 4569 2419 9483 6251 6111 4101 5305 6086 6280 9114 1328 6501 4881 5345 2420 9600 5110 781 
2805 6159 4404 2802 424 1009 7678 6741 8655 9856 2881 7444 3304 7868 540 1086 5059 574 4704 3540 3968 5178 3339 7746 6114 1473 63 6957 8323 9921 7855 6528 2004 5710 9961 9152 7153 7670 3965 9386 2971 1528 2269 5127 3645 7027 127 3218 9164 818 8561 1726 3413 6533 673 1325 4229 1687 5987 9299 871 901 5858 9104 3124 1412 7847 16 9520 3713 6790 9418 3952 793 6170 1291 5971 4783 3584 8516 6106 7133 159 3056 6908 3230 3900 3402 4965 131 2638 8307 817 3675 2354 6011 5708 5859 1228 9168 1691 4800 3001 5928 8661 4867 2031 2605 5336 2393 5950 1920 4048 6167 9457 4653 2449 3905 5892 6791 8344 136 3786 1093 8313 9634 5756 4798 1756 5115 1349 6692 9543 3321 5834 7606 6476 9933 2702 5366 8490 2363 4496 9011 3014 5510 2429 2576 5561 3299 
8733 2610 3037 2412 4053 8146 9745 9589 1869 4363 4553 7210 1042 6625 1905 1516 8141 1779 497 5489 2754 8526 8142 258 1701 7440 615 3930 133 8127 4579 5904 3721 6568 9376 6529 3731 3567 2776 3801 6286 7428 1801 9016 6141 7381 4152 7118 8306 5888 1970 2105 3236 3325 4172 710 4835 91 6417 2063 3679 5867 1127 450 5949 7618 2279 9927 1061 208 3245 2375 1525 2738 8667 6647 4883 2976 8874 8027 1324 3178 8300 3290 7318 8156 7259 8566 5830 4338 9145 6583 5458 8433 1803 4724 4088 6784 9502 2313 6574 1579 9606 2593 1696 8163 471 9197 3022 6922 5981 9587 3190 4692 4828 4711 8312 7396 3318 7023 2215 9054 6558 7451 3833 2927 1743 5111 3108 1466 635 6992 8542 5423 6398 3161 9582 2016 690 9167 9010 1366 8096 5501 2445 9951 9557 8776 
4521 3585 5766 2958 6937 9705 2335 7867 145 0 6268 7711 6853 8336 2681 2954 9779 8413 4865 6659 2331 5022 4500 7434 1467 4359 9306 5982 1147 4813 1615 3331 7865 5525 1617 9183 6960 6949 6492 9339 787 5314 1180 5342 7537 605 2204 6328 5129 6260 4388 9061 6317 7609 1286 7336 3917 4112 866 3116 6409 9442 5321 9537 4571 7657 5897 368 2978 1542 7882 5312 4879 8992 1613 811 9257 214 4036 6418 4095 5853 2242 4432 4946 9772 4731 1335 9163 1767 9703 6701 2650 9743 6382 4329 1708 9592 9599 1831 187 5302 7900 1909 2735 5635 9594 7068 198 3220 4015 2583 7780 1565 217 3337 2206 1936 5251 8386 2034 66 5432 2385 9305 9171 3537 7901 7299 7125 3884 5315 6047 3810 2975 456 8703 9210 335 1415 1293 240 9595 3521 3416 4785 
4131 8265 4365 9160 6237 3309 6780 3972 814 268 8419 7945 8882 7517 8959 9506 8765 7245 5796 4827 2526 9311 1590 8799 6654 9531 3798 913 1186 4344 8294 8567 6422 9893 9055 4160 1508 8119 4960 2503 5038 4232 4375 6648 6406 3881 5186 7448 3140 7147 5741 4895 8434 398 5236 6487 3761 914 4727 698 6261 3800 5009 996 6053 8888 3233 702 5534 5195 9759 1564 7449 5078 684 1819 616 984 4641 9092 2098 5497 2554 9009 2967 7741 599 760 909 4666 622 7681 6722 2852 237 4120 3279 7558 851 3095 4751 4488 1231 755 8670 8495 3086 6126 3932 6142 7792 3334 6194 1504 6694 200 6340 4575 1072 4276 1368 9229 2211 9032 2147 1310 3654 413 2796 7450 7343 6675 8018 3789 6246 6514 2835 8820 6090 1934 2302 7060 9800 3980 9059 9149 1700 8464 6441 
426 2727 6820 231 6705 8029 6859 7758 891 4440 9622 9154 6234 5138 2408 4787 7395 7869 7668 7557 2057 6582 3144 2247 8868 3924 4314 342 1233 4968 2980 5436 6178 9113 5593 6851 408 5166 8002 1313 9144 8949 1851 9796 2711 8676 7264 6278 7760 1931 9916 5753 5246 8696 9497 9685 9239 7586 8272 6743 1269 3779 30 1144 9005 5598 8207 5434 6938 2855 281 7952 9200 3085 583 8896 2024 5074 5984 578 7028 3485 6067 3035 6496 365 3859 9842 2443 7825 6756 7853 1631 9920 5413 5218 117 3446 5185 8365 2410 7059 7647 4382 8807 7208 4527 1065 3727 1351 5687 480 175 9067 8124 1182 1533 3329 3937 324 5089 688 5530 5911 8794 5231 9839 7593 3927 1388 4067 2107 2753 8270 9869 4720 5822 5422 8256 9968 3872 2030 1800 9176 1098 6930 1181 5033 4512 7047 197 8786 
777 3780 5847 7992 3700 1047 1165 5454 2179 2992 8686 2329 7282 3343 730 7010 6346 3850 7401 9078 8838 4163 888 3306 225 2940 7971 7083 6069 4227 4851 9610 1030 640 8440 5759 1576 2834 1762 7339 1352 8821 5818 7038 233 7896 1266 6484 9788 3091 6629 9125 7391 7934 1921 1697 1673 2768 95 308 3857 6197 4069 2041 7778 7930 3921 6049 99 3436 4151 8203 3986 1915 5742 4303 8849 6136 1331 9559 1599 6895 7736 388 8697 7332 4288 6410 9158 5726 8845 1309 2528 6915 2964 5435 2110 3783 2338 9580 3159 7237 6321 6532 9619 4741 3951 3373 8578 9018 9714 9207 8456 4343 8605 1241 1911 3568 4022 6691 64 4712 1273 8553 3340 4003 7099 7373 6146 374 284 4408 4023 8252 2991 820 6792 4374 5588 1757 4040 4291 6852 6341 1154 7723 9830 9734 452 314 5409 6602 8235 
7485 7251 1635 2803 4209 9900 8262 7951 2064 7095 189 8608 2290 7984 8257 3773 8375 5523 3891 9774 3033 4788 5250 9390 8955 93 9033 4392 8167 7152 1497 3019 3565 7787 6266 484 6149 4706 2709 8801 982 1500 6988 3400 1032 7105 9952 2974 8977 3920 2009 7966 8405 4615 4233 4697 4417 9019 6431 9459 827 8356 5585 3596 4103 8225 6608 2630 333 4598 2669 446 8328 8905 4021 2621 581 6337 6526 7180 734 636 7002 2231 5758 3151 2042 7926 2684 7247 8594 4855 9475 3093 2618 7045 4195 8970 4373 9148 373 6505 6513 7783 5901 305 5335 9652 7229 3246 2878 490 9057 349 663 5965 4334 1267 6350 4178 5848 8560 6103 9363 8417 1933 7554 2246 9500 509 7472 3512 1410 3420 5734 821 8040 8513 587 5120 9621 3239 8006 5500 2406 4547 6107 6358 8954 4574 8586 4001 4824 