144
852 813 5766 2520 5410 843 7200 4406 6921 6130 3842 6835 2509 7106 4754 7509 3713 5512 1499 2699 4660 4650 1085 1345 4848 7176 6232 352 2190 7684 
7953 4557 1038 6420 7980 4644 96 280 5506 3335 2204 1651 2361 3791 7960 4740 5552 6755 2929 3844 5313 83 5674 282 7702 7788 3746 5930 
5574 6079 1116 3339 5147 2085 5517 2906 761 5893 3293 5009 2899 2531 1837 7831 4411 2414 7223 6942 5513 4797 7142 1189 7351 3958 6904 1739 
423 1086 4587 6114 999 77 15 2709 4388 7303 2818 5746 1295 3007 4649 5936 1468 281 5187 5368 4467 3471 2801 7254 2703 5843 5960 2301 7460 3243 
4053 5808 2403 3261 3548 1851 1149 7651 4183 6767 5351 4247 7102 3562 5926 793 5112 5713 6322 4818 3510 6249 7371 3953 1795 963 5154 
3546 4014 2217 1350 4314 1155 3665 6804 447 5753 4427 6127 4420 4342 4481 2227 4771 4233 6791 7532 5901 5435 6170 7783 3196 850 66 6710 4274 
5220 6198 2871 1428 5445 194 642 2904 3985 1814 2279 4537 3917 6392 6823 1681 4376 7275 4381 5521 5336 5421 156 5591 7337 235 1912 7940 
4674 2139 7356 5172 545 1656 4336 3595 5782 4303 6395 776 1191 4988 43 5815 7800 661 1794 6993 7610 4165 4056 2323 6497 7334 2619 
1242 891 6888 3105 1013 7428 6726 7352 6728 1070 3202 1127 6595 7141 1335 5192 6135 3714 1075 6995 6688 7658 7220 4118 6891 7104 
6429 5610 5133 2130 4445 1617 7740 7378 5977 2319 3878 2587 2634 632 1018 2890 6248 1443 1891 6440 4639 2232 1521 2713 7616 665 2381 
3468 2841 1545 1194 662 5868 6806 6289 478 5546 6119 4459 3297 7739 7103 7305 3366 2527 4517 4234 5614 7671 7645 1665 
2454 5913 35 7161 2397 798 7937 2495 6101 3215 3401 6443 4389 1386 6760 28 4633 2079 6009 6876 2349 473 4800 4439 6263 821 
1437 3624 7551 4548 2456 4113 7974 6455 1424 4562 6650 723 4779 1382 5819 2177 7718 7825 5536 6282 6357 4483 3911 4993 4842 
5028 7083 6225 5796 6785 3450 7397 7118 2272 4835 23 3250 5234 5378 1031 2907 1504 3914 3237 2137 1836 3880 6983 4044 2078 
1011 1164 6537 2013 3612 6024 2074 3832 7079 137 7548 7721 1464 2630 3566 5357 5892 6634 4646 2120 2549 1482 5162 2449 240 6909 4374 
1866 387 414 1701 6083 681 4269 7625 6044 2633 3874 2595 7652 6287 7130 5716 3999 6979 3797 1195 2255 1046 3342 3810 5510 
5922 384 7434 6849 5342 6297 3684 358 1247 5200 6963 7817 1256 6951 5380 359 3708 5560 1088 7240 6379 1072 2012 1236 2741 
2412 1905 687 3885 5835 1329 4971 475 5480 1325 905 957 3089 598 3028 2170 2973 2772 115 646 1914 4816 3441 1835 5812 4409 
735 4011 1974 2169 467 1461 3879 1801 5207 2504 7821 680 5230 364 6612 5131 7129 2967 2788 2167 1379 5970 596 5627 3940 
228 3621 63 3183 4704 5576 2600 2581 6832 2077 7019 1634 7696 3679 5222 1798 5430 5341 4607 6947 2627 2606 1797 7710 2094 6992 
4830 7989 1740 4431 5771 3840 4542 6055 637 277 7891 7977 6751 368 4372 6938 5725 3493 633 5335 753 3795 157 3277 6831 
1281 2844 6927 1506 7746 4289 5283 5205 5402 868 5356 6413 4190 5668 7704 4673 256 4783 4549 2128 6405 1825 669 6173 3551 
5064 6498 7785 6147 896 2046 1892 2631 1804 1598 7544 719 1802 4489 468 1607 1065 936 2159 6121 867 1834 2897 2679 
4482 4401 6030 6615 2729 4581 2475 1063 4729 4186 6062 7969 7574 7328 3869 5218 6912 6183 7705 1390 2944 2479 7433 3590 2186 
7290 5883 657 2408 2252 4821 7011 3877 2787 4199 2620 6258 7186 1733 5360 3830 4793 5633 2765 2829 4426 2560 5063 656 711 4309 3425 7887 2689 5719 2780 7199 5115 5639 
2025 1750 1042 6462 185 4515 5139 7049 4422 6412 2249 1695 3372 4700 191 3584 2002 5039 971 1100 3017 3853 919 1650 2638 4522 356 6928 5563 3100 6809 3121 1661 4352 
3312 7638 1944 1238 2135 7245 6855 1364 4774 4854 2865 5818 1580 3431 60 7189 7345 3523 1568 4598 2996 2198 4850 4731 7956 1641 1696 429 1608 6727 2419 3706 5579 7533 
4170 1554 5418 106 102 7284 5436 148 2941 5712 1216 2282 839 4662 2353 398 1490 5456 5911 1230 4611 5932 4841 5329 5453 6298 7786 5664 2870 2000 313 6068 
3894 7212 5181 1584 2019 2643 1169 4316 7584 837 3860 1921 788 3674 2687 7158 1213 2533 2209 3952 3719 4733 7686 7091 1285 4967 2733 6437 885 4668 2927 
972 7716 2334 931 7707 108 4710 375 1968 7748 644 4191 2846 1715 333 4879 6218 290 173 6154 3570 6956 6596 5346 2613 5414 2254 890 2242 5305 4122 3867 569 
0 3855 1165 4938 7868 927 4110 1146 3021 6598 7612 1619 5584 6260 5587 5130 6236 559 563 411 3685 1942 1058 1535 5265 746 7266 3503 6082 4356 4097 6870 2459 
5262 1047 5494 4162 2091 4866 6022 1110 954 291 3101 1403 3608 6599 371 7579 6041 2439 1998 487 6973 6915 3541 5424 1000 5803 360 920 4223 6953 5838 
1788 4129 458 6966 6309 4656 1481 5203 7701 6149 330 7144 5987 5325 4294 5477 6941 5005 3592 7530 2933 6795 6825 326 7380 7219 1485 7276 6382 4371 3182 4005 7109 4196 
6666 2922 5847 6781 2212 531 5958 5997 4659 2826 4737 4037 857 1775 6868 932 5165 5261 7484 7258 3825 3737 2666 4715 4585 1448 7298 2265 7369 4009 6095 1366 5735 2468 
6354 5923 5917 1779 1623 4968 1344 2171 5127 982 1531 2155 6916 1066 2474 2517 7180 2609 827 7098 81 349 3912 2070 7458 2538 2260 480 5111 4218 3689 4625 
1284 1282 5025 5211 3027 3018 627 2982 943 5779 1258 4307 3701 5988 1542 7150 7765 209 266 5898 6834 234 178 2989 7174 1270 2059 3966 6224 3833 3338 
6546 504 1947 7014 2208 4202 2448 4620 6188 5740 2009 7040 7097 2768 1187 2123 2431 7431 2365 2340 6798 376 1056 1647 939 3944 1680 2820 2313 158 5405 5198 1800 
5496 969 4206 4665 4041 2222 6617 5096 4505 7459 751 5030 7622 113 5698 3055 7384 3436 3242 5296 5928 7741 7435 3549 3747 7259 4419 1288 6446 4886 2151 
114 3036 501 2842 2836 1662 3378 2300 213 7631 5166 5392 1765 737 2981 4727 1265 3194 7353 5889 265 6301 6981 6466 705 7766 7649 4975 6635 4067 1509 4707 4252 
7875 6234 5337 141 3579 888 3314 4308 7456 5597 2233 917 3826 6417 481 4099 3644 177 4805 2188 5348 6098 636 7268 1855 685 7208 5084 7727 3005 245 1649 7655 
2259 1516 5294 7122 2915 5178 1871 1734 3010 4531 6765 7157 7732 7540 5317 5464 7640 2348 5426 6743 6006 4327 6116 2508 4953 6259 6337 421 7568 6402 6774 6129 
7251 2100 4246 4240 4977 765 6451 6453 5935 3715 4271 6679 4147 7445 2617 1322 1369 7193 6162 7527 5031 7839 6410 5669 5680 1168 5485 3356 5054 4682 7724 
3933 6585 6000 609 726 3924 5927 4503 3099 5662 7313 3470 5906 7687 6002 3609 5286 1113 5511 7159 2001 7714 3012 4249 4132 6288 6477 6436 881 630 2640 
6237 5493 7517 2988 4164 7395 252 5408 5525 4924 3998 2935 3977 242 524 6764 2942 840 2738 4724 7273 2258 4822 6215 7793 7890 7140 4468 5656 1532 1232 3980 
2802 5340 1979 2052 4899 7565 408 5790 4063 2048 4952 5264 1880 2543 7314 7757 3605 3997 5053 7883 92 909 239 4497 4244 7257 7554 2156 4564 7182 
6627 6313 5805 6654 3267 6590 5907 3294 2698 4024 4934 4885 7196 5516 2396 7860 6166 2354 6093 3524 4210 1847 271 7468 2430 3288 6085 4214 3927 1098 
3663 2686 3738 5874 219 4353 32 3138 1762 6299 7253 2428 3506 3908 4091 7921 6158 4030 7805 5602 2791 6015 4524 3393 2115 3971 4416 7355 5422 4769 3828 
582 6078 2568 5289 1434 7776 506 5049 5272 5974 1500 2662 4064 5971 3059 2049 4169 2969 1035 110 3808 7234 4159 1260 7432 237 5102 374 4746 6675 7082 
1362 3585 1 223 4592 1394 6231 771 4305 7581 6568 533 6773 5389 5428 946 4250 5885 3800 5789 2180 4957 3167 3410 216 3896 2778 6954 5641 1519 2184 604 5703 5479 305 7023 4382 5933 236 4496 7983 4681 5058 
540 7365 6742 2920 3460 6853 1389 7698 7050 2628 1693 5642 4550 5038 6169 6572 6328 3904 5113 3475 1166 5204 7852 6994 7262 629 2499 7571 6886 5219 4504 3061 1838 315 6486 4087 6171 5032 7958 947 3550 6631 
1245 6976 2607 2329 3109 5839 1004 7239 2916 2121 4228 2824 1450 1684 3205 6473 527 3988 6292 1919 628 4138 3761 5434 823 1720 4460 2986 716 5694 193 2482 2154 2939 5742 7034 2830 6184 1337 3048 6441 5721 2718 7217 
348 6705 145 3499 4982 965 5800 7947 2004 1302 5554 3448 1625 2756 3790 6250 29 116 7760 7462 3484 1217 2314 5690 3155 7657 1992 3909 3691 4751 5121 4185 967 7637 3329 3970 780 2053 5306 2537 5193 4664 3209 101 
2727 4090 3661 1711 6269 6190 5919 4007 7166 445 7035 2902 7241 7807 5701 7506 6133 6962 1949 701 2777 152 914 1958 2656 4666 4073 3207 2566 1865 6789 126 7569 3125 3641 585 7419 2086 2991 7923 7178 7242 2302 
1401 424 5884 3466 5182 2563 7205 5880 834 3720 3721 845 397 1177 7467 4300 2038 4484 944 3211 6665 6175 1772 6704 5921 655 5083 6828 6187 6176 2599 3363 3627 6628 3602 4338 7731 1938 7255 1376 1220 725 6536 
1635 3310 7758 5338 5605 6270 1629 2136 6060 7737 4384 5018 3400 1422 1658 1843 1330 6950 5052 4225 5074 6899 238 6089 2102 2677 6262 6706 7870 165 1306 76 6864 6594 7084 5842 6228 7650 6397 3863 7164 1064 
7131 3505 619 574 2446 5333 3807 2667 406 5359 5369 7534 1138 1052 1347 2867 3091 2946 5780 3596 871 1724 797 2496 2021 6038 5458 1875 7566 7042 1877 354 4595 3118 7291 4412 7607 7840 6368 4781 257 6887 
6588 3193 3543 6658 6893 6465 5762 2979 6801 2277 3253 650 670 3439 98 3364 5810 7147 6179 86 983 6682 1135 698 4624 415 5134 5708 3210 872 7970 4329 2650 4790 2293 4288 1764 7359 7841 5150 5873 1327 1310 
3819 229 1087 1081 3188 7362 6699 5802 6100 1264 182 7202 3965 5751 5363 5324 7214 3258 3241 1183 2297 6261 5941 6638 6087 2886 4919 5577 3532 1507 4897 7619 7285 122 4694 3571 4937 3165 4486 430 3108 
6900 6898 7326 4123 1862 1940 6732 3174 7269 483 1147 5252 367 7163 5311 2350 4066 5002 6877 4463 4493 893 355 2270 4678 714 4302 2418 4321 1524 5006 2850 454 3703 4377 5825 2055 7745 7070 2385 6632 3950 
6117 6 6625 4753 4474 1315 1316 2394 6606 5007 562 728 904 3751 4856 4261 6533 6296 7154 6985 7804 6677 2665 7297 220 2648 7910 6499 4176 2020 7151 7844 3666 39 3047 2494 6480 3186 7008 708 3884 
5457 2493 6235 5184 1627 3344 6303 654 912 4734 2551 4862 2444 5244 907 4726 6172 7391 2144 6370 4021 47 3865 3094 6353 3822 6808 2003 6435 3357 3142 1143 7493 7123 2228 4875 1786 4301 119 1505 547 4590 
5730 4324 6664 7210 1745 6698 5562 1311 1185 5476 6890 1411 3049 7838 5041 2219 4544 3272 6746 5473 6833 1854 7145 7796 2800 3900 6415 4770 5118 1533 6844 5628 3327 5775 4031 7247 5249 1856 5097 7382 6302 
1983 2062 3583 2758 7594 7672 4080 1896 2838 5866 796 2971 1996 7623 5714 6239 3374 4991 2921 4775 2734 7301 1447 3601 7549 6004 6272 799 7988 2644 5226 1904 1526 7415 7029 4451 3437 2147 1093 5276 1154 6597 
5379 5728 4714 4786 3733 264 1341 4275 6771 211 7124 4160 3712 5837 205 283 1343 5225 1208 5247 6725 7531 82 6517 7814 2518 649 6940 4343 7081 6467 7500 5619 2393 6740 7948 1119 2502 7203 4101 2888 
72 67 3975 2485 3071 732 7323 2316 6295 5135 3809 7222 603 3013 7526 3920 5381 286 1460 2244 2673 2114 3727 5343 5446 1994 5979 5290 5497 3359 4741 4490 204 785 5887 1041 2819 2796 4803 3225 
1752 190 5769 4630 7945 7946 1857 3729 6684 5915 6812 3604 1820 6143 6026 272 7916 5821 5126 3479 2275 5243 4645 1096 2521 3705 7279 7012 5469 4719 4568 6674 5482 3235 2294 1592 552 7667 7139 6641 5934 
5652 1398 2179 3232 2953 614 1785 6816 5100 4618 640 3341 514 1294 7225 4349 5314 7535 7808 3722 7427 294 1751 316 1357 1205 6020 4836 7006 4744 4868 2143 1884 7897 276 6048 2411 4608 7957 7528 6797 6203 
1518 2724 5215 769 6230 1551 6255 5646 133 7659 5749 5759 3907 2943 2750 4523 7682 18 4208 5581 6456 2336 6977 5502 5279 5307 6488 3519 139 7497 6839 3688 2822 811 1026 2146 22 7061 4106 1782 
3390 3856 1323 1321 1511 4632 5528 1965 4657 4667 689 2288 2358 7963 2815 4757 6416 7381 4810 255 7184 2804 5598 6647 390 1309 2138 5967 6096 2176 1365 4510 4772 3424 4692 4000 2792 2835 3477 275 4959 
5925 1167 6157 7906 3812 4397 5801 5757 6333 2873 962 7670 6523 5353 488 5386 4364 3085 6300 5612 6885 7236 6903 916 6137 5569 7675 2478 1319 6240 5407 7363 6862 5001 2410 4613 2948 6212 2207 4369 
5886 3660 6003 6196 3032 2526 342 3774 1926 3993 7894 2327 2191 2124 6689 3208 3835 6377 3598 3921 485 5975 3527 6053 404 24 3040 7201 2652 5850 900 4873 3025 2611 6518 1702 7725 5444 7811 1548 6558 3576 
6315 3741 5535 7678 341 5061 7479 3330 6138 1469 5983 3419 3322 2932 2360 6122 5069 6470 4151 3843 5897 2383 1244 1423 5209 3490 3710 1933 3034 546 7588 7146 7876 817 2700 479 7550 3650 6969 2034 
2805 268 2178 1120 5371 7204 69 6191 3135 1419 3969 5787 1381 6334 338 4784 3868 7038 3403 7586 7409 1339 520 2985 1690 6530 2999 6014 14 2964 4322 109 6945 2081 3368 7510 2879 3597 4282 2274 2767 1725 505 2572 6057 6323 1055 2658 2909 3654 1913 5271 4391 2775 
1674 697 6541 691 3622 5098 2174 615 3423 5763 2512 455 4511 5827 1305 2670 2516 5236 155 7877 2500 2651 2357 7072 715 489 1946 7648 4672 2774 4036 5908 3742 3480 343 2148 7408 1546 7307 3636 7598 1370 2839 5836 1007 62 5175 2562 4200 1956 781 1895 5813 
4638 6159 2763 6034 7633 4319 2681 7629 570 2082 3798 913 6139 17 7982 4258 592 2438 623 5542 6010 1252 2621 5048 4216 4961 1807 3050 6279 2900 1156 4178 1312 6265 7878 3457 3171 5491 3162 2577 4198 2014 1387 3870 1630 214 4135 339 6758 5427 3043 5600 7567 
7719 4443 4245 502 6619 4747 2213 3227 2793 6099 5523 3369 1118 7972 3380 4355 2308 1578 6375 2183 6863 2612 3899 3631 5044 2843 5390 6626 7 27 5365 6252 3736 4446 4758 6901 6388 331 1930 285 3112 4049 5777 402 5816 6007 752 2936 5471 4535 7919 6476 
6432 4794 1399 4441 7015 419 3422 3383 4554 6723 5631 5514 5876 1196 5798 3216 3567 6484 5626 5498 176 4442 2236 5278 2032 4025 2201 5776 7033 6109 1663 3669 2352 1909 7071 2145 3168 3630 6427 7642 1175 3593 7761 2460 1813 5965 1271 6848 1076 6926 3794 6943 5370 
309 660 7017 2257 3304 4045 4124 1706 6621 7869 4812 990 6539 4979 5330 5467 7420 1999 3481 5902 2552 3133 7115 2162 3787 3233 4541 4077 6818 733 100 7697 3658 4780 6722 3229 1153 2047 4405 3035 994 351 5608 4582 7227 5778 6836 4487 3667 747 5657 7918 
7797 7717 2296 7173 7127 6659 1356 4671 6693 6957 4501 3799 7553 4277 2436 7311 4573 2165 311 7469 7501 2903 5620 7470 4116 1673 1620 7028 2535 2372 4299 2859 1894 6460 1677 7681 3354 2042 6603 5287 6711 3620 7949 529 3552 6207 3104 1249 1488 6875 7866 140 
2532 2998 1243 2095 7404 263 5489 420 5685 7504 1108 4813 2366 3263 1071 3957 6445 865 6182 6562 7274 407 425 6989 6058 4520 3124 5169 5161 3834 1299 6591 3875 902 7608 4594 5160 4243 5170 5791 6474 2962 7798 6633 4444 4028 2108 1860 1610 7373 1601 2420 
7368 7093 1125 933 7056 6035 7518 7557 1395 3930 210 5397 381 4940 3955 5174 6882 4310 5090 7430 6718 6494 2968 7774 3757 6790 1564 3336 3180 1033 1338 437 2281 3698 5731 2343 6856 7491 5786 5229 3116 5697 1435 4907 4478 1799 3045 1527 1484 3282 4184 5774 782 6134 6185 
1050 2649 970 1549 7990 5918 4046 6738 3462 3291 7401 4852 4189 5545 5194 2241 5860 1687 3169 3311 4193 5585 1144 7037 6066 4896 7938 1829 482 5733 724 1292 4465 3639 3006 3090 142 6310 6472 117 1104 4985 3990 1012 5544 4239 7979 4174 4742 3455 4370 378 
6978 2413 7482 4084 1355 5176 1473 7791 7113 2706 1692 952 436 7280 1957 7573 787 3793 706 3676 4052 3518 5715 5273 4935 836 3453 5066 7812 6155 7968 3529 922 170 6064 7627 2223 5257 273 5692 4563 1280 2722 6769 2310 1991 2458 4473 5526 3589 2429 1961 
3000 4560 1360 1713 4318 6073 3305 7128 4827 6372 5022 2550 6061 4433 1703 4230 377 3517 4640 3686 3020 95 3623 6136 7232 5403 5495 7679 1358 5508 7837 243 5140 929 5270 2618 6538 6545 3178 2579 2889 5101 5362 5811 3444 704 5227 3260 924 7884 1778 4448 5461 
1791 231 7602 6312 6503 1043 1705 5879 3734 3573 5124 951 6840 7855 1742 1079 4141 486 3411 2194 4456 7888 4076 4718 3367 4038 710 7626 1408 511 7539 3513 2104 1774 2950 7614 4127 6408 3191 4120 1257 2847 5947 1962 1221 7630 2185 7221 7784 6475 5760 6485 3303 206 
6507 696 7287 1354 3 6425 6620 6347 5568 132 4266 2433 7582 7153 2951 319 5634 3509 3754 6448 293 4619 6604 7934 7453 6205 3371 4378 4801 5201 7559 2783 3903 6371 7676 4494 4098 6830 3474 4366 5309 4546 6070 460 7929 2632 3707 6866 5969 5448 3394 5604 6553 
4287 1672 6274 847 5059 613 4085 3461 7010 1077 2238 835 4891 6763 1157 3361 4219 1102 3959 5555 5503 5693 1790 1139 4571 1924 7735 6314 7730 4354 1067 7229 5277 4003 7851 2276 3159 3939 3318 4293 7413 6730 5079 6583 6532 6008 6407 7451 820 2874 3511 323 5015 
7641 2529 1633 6702 3972 2993 1082 3773 2754 1575 2980 4423 5788 1898 241 4394 4180 6434 332 1559 2545 4311 4610 4676 1486 134 7306 3557 3859 5443 7726 2262 3646 7296 950 7179 7770 7978 3103 2925 1173 5784 7393 6564 7224 5171 5661 686 1275 2346 5003 1562 
462 3117 6624 730 4552 2720 1199 3300 1200 2472 4111 5632 7660 3770 4745 7261 3938 878 1130 6991 3514 1300 5429 6842 5282 4949 5027 7743 6132 4663 532 5460 6438 5268 2730 4117 1192 3290 4109 1636 4146 2840 578 1231 5940 1171 743 4569 3611 7304 357 7944 
7560 267 7288 5961 2173 7089 5995 5840 2511 5553 3096 6762 1888 1810 5088 7924 174 5197 4534 59 7508 5659 7370 7041 7973 3323 5438 3003 5504 3386 702 97 5040 6284 4867 1397 4070 2794 794 858 3925 5848 4533 6330 80 7685 4565 2307 5939 3494 7628 4395 
2337 6430 3699 2797 5449 1939 5761 5606 3617 7425 6256 2589 1186 2483 3926 3244 3556 740 49 464 7849 4601 6197 2375 199 5807 589 203 7271 2710 7605 7881 7073 2645 1267 4572 1496 2808 5942 1886 6506 7117 4878 6142 997 3087 3555 362 6241 1172 1211 4452 1470 
4326 4986 7483 2958 3655 5 2018 3651 2910 7075 4344 7152 2795 6344 3536 6949 3060 4074 3442 4094 6799 1308 3995 940 7067 2422 7492 7120 5141 1170 5706 1514 3008 6990 3547 7481 1803 1455 6837 1117 6566 7385 3285 5820 3377 7515 2731 2225 2714 1718 4019 674 
2373 6081 3348 2407 3973 1472 7750 849 7206 7902 561 7971 3916 7592 4035 1255 127 1570 2690 5431 1889 1993 1768 1659 3982 3467 3428 1581 6254 3886 5318 3274 2716 7720 4945 363 7449 1747 4107 6967 2744 2267 6922 7903 978 4292 5795 5822 5315 5834 2390 534 1454 
3039 4596 6586 4051 5488 5806 2409 336 4047 882 2901 1498 3214 7865 884 2893 6338 3743 7955 1868 1616 1283 1451 7769 5152 5191 4693 2978 7541 4616 734 5062 7775 6457 4093 1136 741 6805 2593 4393 7156 3157 3073 1240 4699 2771 3248 573 435 3771 3147 1094 
2688 6273 5689 3114 692 7009 5527 4125 3735 3642 6529 7933 1586 6793 85 6531 3587 1190 5108 3520 7742 5417 4112 6534 160 620 645 2960 7832 2911 5128 1474 643 507 1552 5638 5647 3181 7488 1530 1436 6223 6694 2811 2382 4317 5773 7572 4994 6017 396 5978 
426 5143 7438 3777 146 731 1901 2214 2682 4743 4149 2200 5564 1547 7046 876 4687 6913 1726 2116 5459 1997 4286 6998 901 7618 6872 7016 5824 3001 3607 2089 5875 6681 298 5263 3522 3190 4351 5472 4224 3095 5853 4171 4276 1289 6124 3204 5483 4530 1392 3872 
5301 7329 4675 6463 1432 5767 7830 453 653 7751 3222 717 172 1654 2746 2717 4921 2464 135 2857 5849 2399 676 4658 7964 5087 1261 3748 1074 2864 567 1759 4148 3717 2076 1903 1881 958 4059 1452 3347 1660 6059 2735 6555 1134 4829 5238 2416 6756 438 5501 6792 4730 3321 842 5228 1142 2224 6319 5856 
1986 1594 6385 4362 4402 6858 3265 2954 2642 6918 5016 2863 2707 221 6968 806 6687 553 410 1793 1151 2896 2945 3206 2851 3137 5183 269 4528 3319 7609 4832 7135 3134 3203 6454 3164 1491 334 7302 4566 5185 3786 1426 6206 3483 217 539 6496 2398 4410 6905 1449 5617 7411 4161 6359 3395 7121 729 2133 
3897 3507 7639 1632 262 2719 652 7984 2994 7317 1005 7932 1576 4589 3994 7904 631 7116 1229 6200 3725 212 4615 7002 3128 1646 4346 3635 3389 6361 5000 7101 4602 4928 3391 6600 2852 6908 2544 373 4978 3574 1207 934 7624 7318 2391 7736 616 6761 4861 1415 626 3443 2484 1181 5310 1756 608 7689 5852 
2103 4518 7407 2256 6424 4279 1198 4163 6894 4242 2286 5865 5670 2785 4735 1313 2592 4004 7300 1307 3871 3218 4222 1385 800 3949 2024 3280 2695 1556 2708 7414 5570 2528 2781 4728 1253 7842 6623 6318 1404 6077 7591 7045 7603 1831 1402 2488 583 5859 1792 5487 3862 2263 3381 6514 1922 7749 2987 6324 1757 
3936 3895 1555 775 2295 7599 4207 2641 5567 5645 1239 5334 3963 5125 6646 104 6656 2007 2230 7108 2087 6952 2786 5615 4927 1417 5091 2972 7991 1517 2266 1595 6209 1716 7909 2976 1446 230 409 3978 6421 2226 4880 3145 382 434 4166 2898 571 7195 2187 3581 7100 5253 557 7611 4145 7967 7412 2363 1878 998 
2880 6819 3309 5259 6892 7756 3772 770 6776 3813 4749 6645 1771 2990 4648 3224 6063 1929 5948 4466 829 3179 7030 2105 4264 2860 3141 1174 7392 1378 6548 6043 5747 1290 3269 2098 1418 3766 4621 695 5212 3563 1028 6376 5463 6961 2401 1416 7286 2761 2908 5189 3823 3160 3199 3806 5267 5505 2463 6563 6965 
3702 1477 4987 4791 1008 5683 7712 107 7165 4119 5373 4071 7816 4150 6178 3068 5595 4960 7077 254 389 2467 4913 4918 3839 6807 6829 5637 7080 6881 433 3063 6786 1090 7809 1872 6103 4887 6873 3129 588 5765 3987 802 2028 792 2489 3051 2037 3074 512 7218 6163 1995 1137 3767 7065 2913 7511 4331 6380 
1440 7443 1359 112 3231 2140 496 3578 5099 5724 3486 3057 55 4267 6305 3692 7690 4893 6754 2885 6367 3002 5573 7119 1022 659 30 875 3245 7457 6482 2492 1730 1184 26 688 1145 4471 6220 5251 3081 6527 6616 2033 7341 1214 851 7396 4054 4702 1597 2406 3420 7125 7490 6827 3668 5877 2234 6554 7394 
270 4323 4128 6783 4981 5878 5060 2370 2676 6075 5094 6490 3019 3097 3185 7943 6843 7155 6676 2984 6845 3052 1967 4576 247 7661 3445 5105 4325 5481 784 2 7107 5575 5004 6396 7546 7059 5797 5248 2379 5616 1755 7090 6401 7666 499 6389 3776 6394 7354 549 7529 4296 2342 664 5682 491 4508 7372 1952 3131 
816 5221 2571 2490 2646 2290 2134 693 6489 1902 6186 3136 3525 5437 6997 7495 1539 1879 1383 6016 7292 7264 2534 7835 5395 5013 1425 5156 2426 6729 3553 1712 528 6011 5375 6708 3730 7181 2861 6525 1251 2845 3337 4260 4221 4283 5625 668 4889 1602 2664 6662 318 5973 1158 3122 6246 3170 7299 392 1934 977 
1128 2997 4831 4363 6351 2369 1159 4593 926 303 678 1818 7426 4072 6841 2132 6013 3762 1346 7194 5704 1520 2243 3491 5509 3358 3163 1932 3289 2119 3986 4974 3836 20 4295 7617 844 7564 7198 6669 3113 1833 1728 7461 1943 1494 48 1565 3781 4809 5667 412 7802 4604 5327 635 2268 5409 4876 261 2580 7606 
699 7444 621 7126 418 7755 2525 3656 1746 2325 2292 1653 3759 7085 5320 3458 7857 5558 3673 7448 1024 4973 2740 4883 2751 1534 3414 953 372 6846 6339 5224 6084 4917 1324 7715 622 3697 1553 42 2182 4104 1735 3173 7552 7057 5173 987 4432 6355 432 3360 2445 7177 5500 4859 7099 4877 456 284 509 
738 7132 736 774 7209 7477 6775 6308 4709 5904 5280 1380 5241 1069 4345 5057 5233 215 5548 3910 5275 1832 5831 5208 2071 3397 5711 3254 3077 2578 2387 5352 1457 6869 4946 760 5492 5648 3415 6720 4972 5092 1714 694 4088 4912 5082 1039 6505 4010 1591 413 3287 5110 274 625 1622 1115 1722 162 6753 
5145 2610 6741 7992 930 4864 1003 1628 2799 2862 7542 522 5592 3565 4121 2912 4043 7703 57 2202 1697 1988 3257 6716 2088 6105 6431 667 1503 5785 7886 6304 4532 5590 906 1618 1441 3120 6649 5274 666 4061 1429 7335 7068 1682 1574 5017 577 6327 6204 2285 4413 5462 3053 6735 3629 123 7138 2848 864 6787 
3429 1984 2961 1588 184 340 5644 5295 7713 2253 7596 3534 4539 1537 3409 2210 7475 1890 6559 1336 3140 3881 4778 6980 4506 1226 7895 593 1737 7133 7094 6495 3488 7822 226 3212 928 3485 4627 7185 6622 1911 6683 3805 5394 838 6067 5655 2423 7312 1923 6630 6350 4920 5214 1259 7277 1873 1410 4001 37 3083 703 
6936 4872 6820 4168 5962 3739 5254 3616 7244 3657 5256 11 7464 3838 5242 5896 7387 4804 1970 5439 7781 2311 6221 5537 2149 5442 3219 1876 1577 6222 5651 1478 7505 2141 2625 4951 6243 3502 5989 1950 7864 3659 4858 6661 5056 7422 3230 7403 4516 6589 1585 1051 766 3888 7281 4023 2849 6680 846 591 5072 6107 4863 
6822 7366 2725 579 2647 2017 2330 6543 3306 2481 4905 5841 4461 6266 7787 6578 2347 4347 6052 6648 6005 7547 4339 4768 5239 4181 1178 832 3011 3350 6257 2712 2309 4926 2547 6418 5396 744 1162 7578 3664 5630 5284 2755 5391 973 1540 6321 3588 3301 1953 7780 6384 7455 452 7320 2211 3482 7723 5756 7694 5955 
1557 2766 5727 2023 4591 5845 4514 5450 5255 966 7400 1848 3408 2044 260 6422 2503 5985 4425 2269 4133 7175 605 7691 3413 208 5399 6573 2894 308 4701 6374 7536 4614 2026 3268 3223 7580 3749 2322 7653 7981 7442 6883 3308 253 1241 3610 2928 44 6778 2125 2497 179 2601 7499 6671 860 2312 2736 3082 1016 
6390 1908 4716 4558 6703 7789 6346 258 3891 2247 5607 6294 1887 4188 3370 2015 3107 4464 7339 1112 3275 4796 1375 7063 4853 2747 320 1846 2240 3882 3943 6378 6293 3827 4538 4839 6974 7003 4270 1624 5781 2235 4217 5764 1560 7892 4449 2683 2384 2450 5755 4711 2814 6242 7593 4902 4808 5081 6046 7767 3278 3126 
4092 5964 6897 1666 2959 6307 4435 4626 3266 6069 7908 4579 7543 5826 1040 7066 4843 6208 3918 3946 1492 722 6140 6608 169 4697 2417 5867 3172 7267 13 2938 5550 500 7190 159 6745 6444 6399 1111 4990 3680 5658 3619 4933 1384 3463 304 3454 2937 3054 6012 6086 3711 5237 2129 1427 3923 2810 4340 4469 
2415 4248 4636 2022 3115 6195 925 5723 6152 2760 6528 6777 7167 6217 2629 3575 2776 2280 6219 7729 2389 3041 7615 6707 4922 5425 3740 6283 6439 7172 3176 6946 988 6906 6447 2588 5114 6986 1842 2099 755 5151 6678 6613 5157 6360 1870 5179 1969 198 7722 7747 2694 5540 2653 2692 3399 4213 937 3026 2952 3901 2480 
192 6039 3037 2764 6970 6736 1121 1467 7283 5055 2837 4002 1459 7514 6461 1664 2639 2748 5603 6637 6094 2378 2584 1268 7654 5750 3960 684 1907 2470 1148 4732 4559 195 6917 3724 1163 750 7644 2457 7959 471 4767 7336 3281 1374 3893 1017 568 7954 4360 7246 2455 1353 5232 4838 314 2068 5071 197 2654 7450 6749 
2064 150 2803 7912 5104 7556 1550 6933 4436 3345 5250 7044 4032 1615 5593 1937 5857 5322 720 1414 1910 6902 556 7487 3449 251 6560 4567 5729 4545 3648 4910 6031 7558 3783 344 1709 2574 4075 310 5986 597 1738 526 7734 292 7942 6652 7663 828 713 4603 791 2858 4703 5136 7763 7377 7031 34 3092 
4599 894 7795 4870 2524 1276 7054 7790 4201 960 444 6153 1068 5085 7309 484 4609 7818 3996 4882 4874 7664 2623 7342 5924 5945 2882 4069 4108 3332 1010 91 2510 5146 5758 5387 1989 6701 4095 5070 7168 3671 4361 560 4914 6561 2833 3652 6642 10 2739 6788 5900 830 6519 1817 4980 7762 4136 3628 5349 6090 
2376 2374 6508 4404 6502 3148 3778 3928 1945 5416 3382 4631 3144 1668 4748 1512 5451 2355 2949 6342 3681 7777 873 5748 5398 2590 1781 6247 163 525 5899 7545 3803 3296 1960 3704 7820 7994 6161 3726 7562 6452 3670 4498 815 6690 3796 754 515 7843 4606 6817 6449 6126 602 5541 3974 3937 3440 87 4421 5401 2131 90 3251 5953 1218 3184 4997 441 1045 4777 7853 4368 2616 4029 516 2762 3983 4488 6362 5814 3379 1972 1758 1611 6076 1631 6174 6655 2636 2112 3989 4330 7632 803 2663 4525 2926 1215 4335 5384 5188 1679 4018 2039 1561 7021 1015 2367 6748 742 
7524 7522 777 1789 535 457 3465 2608 2919 536 7321 7867 4241 6387 7907 5957 7635 1935 249 2199 7668 498 5358 3487 7621 7270 2434 3848 7233 124 4297 6999 2152 2789 4453 6512 5051 7859 4739 6629 7700 4690 6803 6335 3935 949 4385 7024 862 854 7418 1893 3038 4814 2344 175 5078 2856 5355 1340 5109 1558 7819 7502 103 3256 2377 248 4705 7344 7987 3086 5914 6889 4390 1179 4407 3022 3056 5323 3132 7447 4543 6511 4341 2299 5882 4332 4683 1826 4458 2215 1569 5050 7754 2333 3824 6033 3599 5705 6709 5700 1639 7472 1700 6593 495 2576 4964 3317 6770 2732 3633 2051 5132 7772 4799 
6939 4989 4365 345 6975 4167 3816 7360 7405 2451 848 1433 3967 3495 6972 225 887 810 7347 4392 4203 7308 7854 1352 6724 7192 3526 4082 1227 3645 5623 3634 400 2542 818 4105 5938 5743 5519 6131 5195 595 1841 1815 3024 1963 4637 4766 4424 4454 3640 5531 6409 7466 3102 3905 1053 5452 6123 7424 4507 6984 5660 5258 7688 5024 7169 5752 4022 7917 200 6857 2515 7993 1543 7585 3992 6025 53 5245 3898 2918 2554 1182 6165 4015 6750 7025 2476 2216 1777 1025 6072 4652 2441 7905 5929 79 6029 7823 2246 6592 5383 3143 4820 7022 3498 7060 4976 3326 3533 612 5695 
543 3078 7914 3273 3076 346 111 892 2876 4752 3890 1784 809 4787 3110 5484 3690 3066 3456 5202 3837 7752 3447 679 523 3603 7826 1274 572 2678 6180 6851 7183 4999 517 244 4115 1297 5168 4375 19 5966 503 1061 5551 138 2582 992 1612 2591 1361 2197 74 7665 1915 446 6478 721 6145 6271 6850 6160 677 7525 1763 4065 2905 131 5413 3831 819 120 3418 3093 6106 607 4588 4042 7636 863 5881 3508 5596 7162 1916 5804 4984 2923 824 3815 5872 5518 64 7000 7759 2306 2702 196 2887 2195 4175 6826 3065 7295 4551 6501 7047 3221 118 4491 353 7256 2757 2507 6345 4179 6164 
7836 7446 541 4519 5106 1867 6112 658 7711 3850 7282 7053 302 6737 147 1863 1272 6450 1458 4782 4359 2043 756 1420 4773 328 6032 5086 3302 611 4492 7779 6570 2974 1060 5119 7058 369 5186 5303 3647 3392 2126 4177 6911 1729 7925 7228 7310 2868 2127 6955 3328 7289 5538 5754 996 778 121 4337 78 7683 5736 1741 1599 880 6516 4939 7597 4048 4334 4212 3632 7429 161 2437 3625 7861 5180 4763 370 259 4256 1129 187 989 617 3405 393 3217 7390 6167 6772 5959 1036 469 5799 5891 7260 5734 899 5696 6614 7421 690 4313 1644 1406 5678 6602 651 5432 4824 4586 3572 5643 6575 
2883 6042 6547 2101 814 7794 3270 7950 68 7439 6151 224 5020 3929 4865 3033 6854 6582 5640 804 1497 5991 1966 3331 3146 4033 7358 2514 6695 7768 709 7350 4932 564 7069 4367 5792 350 5870 2066 2573 7136 6640 7111 1109 1291 4268 4996 918 7601 542 3098 6565 2461 2158 4580 3687 5326 3779 6404 6028 3568 1858 6037 1670 1106 2752 7096 278 2106 7330 2111 1279 5382 5686 1563 1078 6513 1273 3814 3769 2432 4315 1462 2462 4399 7922 3892 6479 3866 7936 51 727 3412 7708 538 1466 1388 4157 6813 6251 5120 128 7646 4686 1743 4262 4898 4955 986 3755 2351 7160 6306 5968 1839 5037 
6393 6937 1671 4089 4635 7327 4909 6352 6780 1828 1510 3811 2096 3695 2364 7322 3539 3696 1029 7278 2565 600 7674 4695 6802 6958 2122 7386 923 6227 7417 7896 5478 6611 4776 3333 3606 7604 5732 6065 6668 1931 3782 4172 2726 4013 790 6019 5707 2080 5321 7778 6331 5702 2626 448 1363 5543 5034 5036 1845 2011 4605 3942 7332 5316 6493 1819 5302 3675 3385 6713 7213 763 5404 5148 7513 4100 3744 7374 3067 4956 856 5981 7858 207 4900 1223 7039 4712 1806 551 2466 6213 5931 5916 6125 7265 6267 3009 1483 2892 2069 201 5618 6146 474 1990 5817 2853 2402 3845 6914 3299 3672 2229 586 
6471 2881 6744 2142 6931 4050 2491 7088 2056 2452 1667 7170 4670 7399 5217 1122 2721 3968 5718 5412 6348 5529 4851 3915 2473 6685 7436 5671 1976 6520 5116 6871 1645 1188 2555 1773 7389 1032 3247 88 974 6027 3545 3718 801 6088 7331 5520 758 4871 4857 5980 325 5793 2192 3046 3362 4634 1776 181 6768 2878 5530 4600 6571 6605 510 7915 897 3919 2917 4845 1150 5419 1925 1936 2245 2345 3841 5738 2320 427 4561 5794 4156 2427 1101 2304 6759 6194 3558 980 4828 391 335 1844 2536 6423 5093 1132 1293 3030 1704 903 1431 1405 2931 7026 2073 1571 518 1796 1977 2693 1210 
465 4677 6469 853 2685 6156 3234 5571 1203 4012 1827 6859 1589 2877 575 7478 6426 8 4281 5952 1770 1731 7620 5943 6567 2083 2823 5944 4462 874 4823 5447 6481 6102 7935 6492 915 6414 2506 4232 1141 5246 6211 442 1456 6907 130 7379 2435 3531 6080 7930 5117 6275 7587 1985 1400 2305 5869 4428 2231 4187 789 4231 945 3542 4263 4811 2567 5474 4689 3346 7792 3079 1248 955 5235 1351 2284 1748 4685 1964 2696 675 4477 6366 2469 461 6584 2040 4894 7364 1621 2956 2930 3004 2250 5895 981 3784 898 1874 4916 3264 5717 6281 417 4278 4785 3906 7489 1349 7294 6515 7928 1254 4764 
6120 7092 3154 7485 5142 5613 7249 1204 4713 5103 1393 964 3538 7634 1822 5411 2291 6660 4158 7985 3417 5601 6411 7986 2395 5281 6607 2239 6110 7709 7738 1099 5361 5681 3478 5829 5888 2425 2594 428 712 3325 5675 3530 5441 2006 5122 7197 7882 4584 4142 7583 2790 450 581 4736 4103 1685 5963 4304 4450 5920 2150 3152 4137 3948 4680 5374 4237 154 1475 895 2164 2655 5998 232 941 3756 5524 1262 1246 1368 4455 1501 4936 877 6233 2338 70 5635 2813 3580 7744 4020 5833 5950 6193 1444 6111 1566 2273 7226 7238 5851 7316 1133 6398 1600 1445 1176 1367 6696 279 2328 4057 2546 3044 5042 
6549 3858 3780 7828 1749 4285 4513 3544 6814 5611 3031 5216 7171 6504 4509 4904 2564 4236 4860 5679 7590 405 5328 1224 7114 94 757 4628 5556 5515 7319 6091 5993 6364 3528 6960 3088 7235 3626 1442 6884 4583 6924 5910 3569 6244 3016 1850 6569 3709 5347 4060 1502 2153 671 5468 6860 476 4220 1954 2465 5828 2321 4722 2501 1513 3402 1301 948 7188 3753 246 3792 4192 6201 5972 5297 129 3220 1780 3042 321 1769 3320 1409 6369 3496 4114 5770 3981 3396 4834 6610 3064 1019 3139 2891 2189 3586 4079 5344 6982 5951 5033 1523 1298 7862 1766 6341 5019 1640 1727 4434 6692 4058 5159 7476 2030 5990 1020 
4950 1869 7561 2181 7516 2061 5650 3388 4440 5137 2569 3149 7361 4396 6036 4553 7941 7074 4929 7473 2604 327 2832 1263 4969 1849 601 4696 5164 3653 299 7007 1567 5350 3255 1372 4612 5420 5155 1609 1648 2924 2672 3197 3821 6757 6526 1105 3765 6794 233 5676 5624 2261 5300 6838 125 7952 2812 4655 979 7388 31 3295 33 521 4312 4577 227 6115 4265 7013 5586 984 3932 7315 773 7454 6691 3240 7471 1948 7975 6291 3864 4958 422 4215 5609 2583 477 5167 5107 5745 4556 4527 1686 1753 544 2221 4257 2966 4643 2172 5522 1973 4457 2615 7437 6865 6579 6948 7589 4915 6714 3537 2424 7879 2541 40 5588 6719 
6510 7834 5299 4942 5455 3427 7680 7248 5649 4479 5722 2602 1900 4826 5138 459 7595 921 2447 5490 1233 6576 6192 5046 380 250 6177 4383 1303 6500 366 6609 4901 4414 46 439 5673 1736 21 1637 956 1180 5012 4502 2977 5035 5768 3375 6023 6686 6097 762 4155 2556 347 6214 7375 1084 2205 5894 6643 2995 3515 9 7647 2622 3476 7357 4134 4906 3961 6522 7367 2157 2443 4182 324 1023 1808 6557 2540 5068 7324 1095 2065 317 590 1959 6483 5206 3535 6644 6779 2586 2684 3106 2196 4380 440 1717 4642 3728 7806 3560 1688 5549 2575 5744 4291 3472 1522 5539 7043 4096 1493 4954 7494 7962 548 3404 
75 463 1206 3075 7555 5377 4755 1906 4669 4825 3343 5533 2914 6459 6581 1980 7815 7673 5367 2598 4398 93 5475 7699 2005 1809 7465 5008 65 3801 5946 2834 4698 3177 1528 759 2779 6601 4211 6551 3080 779 3559 2963 7813 879 6509 5364 7340 3752 3913 52 5312 5629 329 7874 4970 2203 1331 3854 5547 6672 4641 4923 5772 1675 5304 861 5043 2596 2072 812 7764 6316 7149 6739 3451 1708 565 5864 3446 700 5855 7848 3340 7474 5809 3873 3352 7939 1767 3763 6343 4962 6280 7263 6349 1328 825 6987 7901 938 3945 5912 38 5890 764 1583 3716 2970 1059 3962 6458 3516 6047 768 3789 4140 
3156 5067 2220 2875 4284 3889 3426 580 1009 808 1320 7824 6108 6381 3501 3189 1083 4500 4617 1317 3540 3564 5709 7348 3643 3954 1430 6383 1333 4472 2163 4152 5400 1918 673 7272 5909 2027 2701 6278 584 5144 3062 99 1655 4194 2782 4688 2084 3119 550 7523 6673 2539 1811 1885 2400 1971 707 1529 6934 7064 2816 3276 624 2362 3151 6878 1202 4348 399 3951 6747 5014 5830 6226 2705 3084 1613 1987 7486 312 3649 1643 1377 6667 2657 555 1228 2326 610 1760 6550 1721 2388 7252 1332 5331 5666 2324 3239 3521 6618 3433 1103 6358 4998 5292 2770 976 7338 3438 7148 4526 1805 6852 7343 
855 6391 189 3700 2368 1978 4792 5844 1710 5532 4903 2057 385 5372 1160 497 379 2175 4476 7005 4197 2160 3213 6996 1927 143 991 4238 5720 2386 993 1489 6325 1812 1286 4495 4144 7693 3637 5470 3764 1219 3158 4034 2075 403 5158 5863 6365 1034 4849 5559 3956 5737 4350 1538 5534 5672 7211 6651 7782 6128 4017 7112 337 3376 443 2092 3307 968 7137 7293 3758 4139 2827 5653 1407 2869 7519 7346 295 5999 2983 5153 3246 7078 4078 2674 1955 2315 2271 2332 841 6544 2440 6210 831 2749 5466 6419 1683 7728 3615 4720 6056 2597 4629 6363 508 1314 2965 41 3941 807 5149 2107 7398 3355 2675 
4521 3153 3351 151 1126 4869 6663 4209 2218 7600 4480 6580 6464 6113 5332 1044 2097 2058 3072 1707 3228 3111 4008 7230 6373 2940 5047 1225 4540 1508 767 4570 826 25 1840 1266 4622 3452 6874 4154 4807 2807 4654 4895 2010 910 4027 566 16 5854 6521 7055 164 1057 1928 6400 4255 1326 745 4966 2821 7383 3861 6018 4485 5499 1652 3198 6428 1209 4195 1140 7410 6311 2557 168 7575 975 2806 1487 7020 4173 833 6752 1604 7507 3315 3600 2661 6332 3313 558 3279 2248 1982 519 1006 2421 2817 1582 3464 6930 3594 3693 3902 2558 4881 942 2585 3745 6150 1371 6329 7827 1080 2264 3785 5565 6653 4925 4547 2117 
7134 6118 5691 307 5065 5293 5572 3271 6386 6229 5566 4708 4944 1277 537 4358 7863 6021 2955 1342 2637 288 7191 795 6880 3058 5982 3029 3887 6071 4706 1235 3829 3166 6403 6715 6988 1853 5129 634 683 5285 641 3236 7966 4623 3662 7076 5269 6587 4229 6959 4130 2041 5339 7250 554 2825 4892 7803 5190 5199 388 4415 7207 7920 7325 136 5231 5123 5045 3847 6181 1920 7926 5621 149 2605 5029 4039 3976 2691 1689 1396 5073 6574 4153 4143 7376 1787 3802 672 1981 6811 1579 3561 4429 1234 4418 908 2289 4040 7216 3014 4512 7577 4847 1917 7086 3161 2697 144 3732 1193 5622 959 6636 1037 3434 
7095 7833 4131 1476 3192 5454 1515 3387 1471 1744 2680 3577 7243 5956 2759 4280 4983 648 2487 5996 1107 4470 1824 492 3252 4306 718 2278 5291 5954 3127 202 494 1723 748 7846 7885 7898 7771 1541 2339 4817 2477 1676 985 4403 7799 6920 6556 5741 606 1573 1027 2036 1348 1642 2166 6326 4290 2548 1852 6766 2505 5557 6964 663 1864 6245 5582 188 2371 4226 7900 3201 3591 1131 6148 5075 1480 3249 870 5992 3820 7931 3554 594 2728 1719 6895 3373 1124 6784 4081 822 2742 4 4819 1626 36 6540 45 859 5578 2523 401 1250 4379 5393 5288 7850 1587 300 3849 84 1899 431 2624 1544 
7563 5223 2298 1089 3504 2335 3582 1783 2992 3070 5415 4357 6971 886 2486 5684 4320 3846 2331 54 1536 1614 5905 1030 2356 2668 416 7036 1859 2553 2854 4386 4651 2113 4661 3489 1073 6923 4846 4963 5654 6317 2855 6356 7613 2453 5507 1439 2045 7349 3857 2063 4844 1694 5846 4840 4684 1373 5903 2743 6935 5433 4575 1897 5726 638 4738 3922 2471 1092 1638 4499 3432 5089 4761 739 287 6045 4795 7052 2067 7402 7441 5976 889 1816 3678 6535 6238 2957 5599 1123 2206 5011 395 2723 1114 7237 4806 3677 6285 5423 7538 5266 4798 3416 3200 3750 6202 5388 4253 7845 7706 3979 105 1678 6670 7187 6051 6320 
7521 4833 6468 6040 4597 1830 3817 5376 7829 301 3694 3187 3421 7512 4006 7440 186 7503 2715 297 1941 171 6879 2784 4227 6919 1732 12 2317 2405 3731 3497 7105 6910 1021 7662 3283 7498 2737 2828 995 4417 7976 449 2711 6253 4298 5594 1152 3804 6487 6712 2283 1421 7899 4333 2392 7847 3683 6049 3818 4888 866 7110 6700 6800 1287 6717 1296 5385 2884 2635 2671 2237 3430 805 4254 466 1975 4205 7051 6896 3883 3775 7961 4251 3334 1201 490 6552 5440 5589 3613 6639 5937 1014 1097 2193 2341 1883 7004 6944 2498 3512 5783 296 7880 5994 869 3638 1951 4725 2831 587 647 7143 3316 4235 3069 5739 
4947 4948 73 4911 7087 2530 7911 6861 7872 7951 6268 5026 7677 2251 3226 6264 3150 4475 1590 1823 6810 4788 4437 1161 3384 639 5163 5319 7231 5710 6929 5213 5486 6141 6336 3723 1606 2035 7027 6796 4055 4016 5077 1463 4328 1882 7576 5636 7643 4723 361 2513 1698 1412 2704 4931 1334 4762 1525 386 5949 1222 2570 6925 7913 6491 5663 1318 6733 4789 5196 1669 2109 7871 7032 71 1062 4750 6277 1465 7018 5677 2118 1691 5023 2008 7695 7773 1699 4965 3398 4555 1657 4026 5095 2404 2895 4536 4068 2060 2318 6054 4802 2872 1605 1002 1821 4430 5861 218 4647 6168 222 4760 6290 5583 5354 1197 6731 2519 3459 530 3238 2029 4837 2303 
153 3195 5298 1438 1048 618 4908 4943 1861 6932 6001 2798 3851 6074 2603 5177 3852 5021 576 3768 6216 2442 2745 4890 3175 3292 3682 2522 2054 1391 6442 1001 4815 1453 3023 4765 2659 935 7001 6104 7927 322 6092 6406 6782 2773 1049 3947 3406 5080 749 6821 7496 2669 3991 3492 6721 493 4259 3284 5858 56 1269 7669 472 7463 61 783 911 7965 3123 4992 4126 3931 883 4884 6433 5699 2359 365 7215 3262 451 7656 3407 1413 3469 2050 6847 4273 3788 5580 5862 1572 4438 7753 6340 2031 682 183 6189 5076 167 2753 4721 7889 50 1054 786 513 2016 2975 4408 7333 470 2809 4062 4083 3365 1761 
1596 1479 6276 1593 3934 306 3349 5688 5260 7873 1237 6542 6697 3500 6815 180 7048 4086 4578 1278 2559 5406 3876 3618 4930 7893 289 2161 3760 2093 6734 2561 4102 6286 5010 3614 3130 7810 166 7537 4679 6824 3353 3286 1754 6144 7423 5665 2660 1304 2110 1091 7570 5984 1603 7856 4272 1495 5832 394 7406 5308 2769 5871 4653 3015 3259 7692 4387 7062 5240 7520 2287 2866 6867 4756 2947 7452 58 961 4995 1212 772 3324 4204 7480 5687 5465 3964 599 4717 6050 4855 4373 383 3298 4529 4400 6577 6199 5823 2934 3435 7801 7733 5345 3984 7416 4447 2614 89 4759 2090 3473 5366 4941 2168 2380 5210 5561 4574 6524 6657 4691 