72
3543 3504 375 3612 1871 2319 759 1658 1843 2747 779 1109 3401 3974 680 3922 1300 1760 2944 2713 2886 2232 14 2926 1176 2051 
3351 3855 969 2052 1428 3431 1587 3060 3842 1190 1403 3236 1616 2868 1854 269 3250 1075 1173 1429 3658 3276 187 234 13 3043 396 
1476 816 3222 999 3041 1227 1500 283 1531 2500 2435 3608 503 3557 528 2478 181 3765 844 1331 772 83 3262 1903 1622 2692 518 
3819 3148 3729 2286 497 1364 2124 1812 3725 3704 1736 836 3233 1928 2002 776 2176 1907 2310 734 2306 922 1299 1834 1509 144 
2256 2727 3378 219 3509 2280 1570 2857 1230 3442 3124 3640 593 1685 1919 1092 1357 2527 2060 714 3017 700 3607 1728 1657 3242 1310 768 
1440 345 3183 2130 3275 2397 1177 77 3587 1178 996 2816 1694 3719 1192 1348 3152 1964 468 2762 3274 3833 1059 509 
306 2217 1545 1818 1637 1110 3372 1695 2165 2360 550 294 1612 1733 2205 1221 866 707 911 1838 110 3815 1493 474 1444 
267 3114 1740 2715 2416 993 25 1453 3140 1659 871 1144 2708 3436 2755 2677 2332 588 568 3386 3457 2819 942 1332 
72 2841 2520 2247 804 1338 2748 1188 2904 2768 194 2010 3011 1837 659 3245 1730 3961 571 3747 2905 2969 863 2293 3044 401 1883 
150 3426 3573 1935 2846 57 319 1988 3637 554 3709 481 1529 1214 1252 1507 1101 1462 916 2925 629 80 435 3121 
2958 1710 3768 414 3782 2592 603 3647 467 272 1490 2127 333 407 398 2895 1591 383 2099 2788 1877 7 1753 2193 3287 1951 
2610 3933 1272 2013 2651 1890 1968 631 2009 2821 662 3137 2240 1768 2182 3493 3418 2104 2372 92 31 2897 2741 1232 
3738 3621 3817 1789 536 69 3891 3027 3175 1286 2249 3478 1450 1580 371 29 3194 3757 3687 1811 33 251 1117 3742 1145 1065 3129 989 27 53 1156 821 3599 3516 352 
3231 2295 2758 1320 1512 366 2871 1832 2551 1422 3723 1606 1180 1130 2314 1439 3414 1603 2492 1641 2632 3914 1597 1842 3054 599 824 3025 1012 3204 452 2078 1522 
75 73 1276 1472 3846 3501 3486 1914 3957 2210 1383 566 2272 2504 1113 2071 2166 524 1798 1170 1455 1792 2148 1845 3327 3090 3691 2521 415 3122 3394 2090 938 
348 1557 1555 2724 765 1668 2300 3216 3907 3335 116 137 1247 1096 3492 3488 3367 515 3705 3630 1764 2404 1019 2482 1533 643 811 3706 1181 864 1649 
2490 1206 1861 1165 570 1194 934 1032 1216 280 1528 1804 428 3311 1581 2322 3878 255 1182 3710 1482 3925 2666 3666 2652 750 1046 3441 1015 50 2034 534 
2061 111 1323 1082 2097 3306 498 2982 1851 397 787 3062 907 2963 2907 1765 1534 988 953 3708 695 2042 3056 2037 542 2683 3964 1006 1909 3945 2341 3377 3550 
2688 1945 3070 1896 2325 336 369 3333 2943 829 761 1775 1105 95 3631 2348 242 3281 1569 3139 1847 1755 3210 292 2401 3580 2299 3161 1934 1171 2575 
1674 3816 3700 2169 3807 843 3314 3762 176 1559 98 1751 1676 2890 2149 2972 170 3900 3944 3659 1955 780 3919 955 1769 636 2599 674 3200 3633 625 
1125 1713 423 531 882 648 3158 3840 2386 2436 1541 2456 2906 606 2396 1924 3016 1028 30 3976 3875 2859 2040 209 2705 3086 2086 526 924 2302 1683 2186 
2220 462 657 180 1116 1707 1754 1578 1333 1138 1052 322 974 3176 3843 1408 2933 1457 3020 434 58 744 2065 3100 2694 136 243 1285 300 353 3888 573 
1827 2802 2881 3144 2292 102 2885 2514 3255 1060 2269 790 2690 1634 710 3323 2041 1412 949 2081 2102 841 1485 19 3697 666 3766 3118 3650 1371 1995 374 
933 972 2022 2091 693 2512 1611 2475 1723 1336 3520 3296 754 683 3475 1057 3553 2510 115 87 131 702 454 3368 890 1436 2030 3863 2697 2459 
3387 1086 931 3 1239 808 965 420 615 327 2122 952 163 915 46 2027 644 712 2024 1954 1382 1772 1542 932 82 3953 3756 1184 838 2989 1565 828 3703 1153 3106 1301 2187 2909 222 2094 3555 3767 
3624 1828 3270 2914 1588 770 2876 1395 3291 210 2785 2795 221 2152 3801 2516 751 3676 506 2938 3947 433 2946 1776 2505 784 511 628 2968 2722 3134 3788 1677 3008 1026 3783 3591 1280 3693 101 128 2480 786 
1479 3192 426 2608 925 2330 2719 1824 444 2083 406 2444 553 670 252 917 3119 1999 3297 1517 2474 3050 2270 957 546 919 1241 3937 2856 3502 663 1816 2613 3883 1799 3541 2189 1055 764 1505 3560 782 
465 2296 1003 3115 223 1589 653 1584 3876 1849 2005 3283 1539 2698 2709 127 595 1022 3077 1681 1035 320 3670 1326 2609 549 3279 3688 3744 716 3932 594 3588 1324 1234 76 530 3966 2614 1275 3221 
582 2844 1983 1711 1628 419 522 1311 1459 3341 3614 1645 1957 2155 1734 3871 878 1070 1985 3674 3679 1386 2258 91 909 3736 1404 2696 39 2184 2700 3006 2884 24 2131 1579 1639 743 495 2975 313 
3777 892 1510 1399 2915 381 2910 3105 810 795 1118 3107 1625 2854 2818 1970 1609 1464 2648 2673 3913 2552 52 2533 3285 577 902 2047 2900 2354 2976 2384 1787 936 349 3240 3170 1917 105 2892 1679 
1752 385 184 3188 2135 1857 3462 2019 2004 3497 806 1918 2163 2729 3257 1868 793 2309 3921 2699 290 2921 43 3886 1150 3632 1209 1358 285 2033 3892 2340 126 390 2593 3594 431 1103 508 2537 
3468 1401 3967 1549 2526 3929 1389 1575 1576 1654 3575 299 826 3400 1726 605 2807 1697 2219 1456 758 3406 3445 3605 1595 1638 1085 3079 929 2150 2728 3074 2973 3671 1524 3831 2775 1835 2342 1913 3711 
3273 621 1354 1233 2447 264 2745 3657 3018 3681 94 1820 564 1853 3879 2750 3403 634 956 1421 1499 2660 620 60 3717 1269 3440 1560 2167 3288 1808 3931 276 3554 753 1998 103 162 413 3326 2185 2268 
1947 384 3577 3811 3304 1705 2681 3852 3111 3423 1342 3409 720 865 1773 954 3272 32 1343 130 1607 715 3804 347 2898 897 1207 1039 2343 2188 3157 773 2752 3958 259 1426 3537 981 908 1388 245 
1905 2763 1438 2797 185 1550 1199 3954 1419 1420 3848 1411 650 1684 3218 800 3332 2509 1369 3874 2453 2812 2375 3948 1067 819 3730 900 682 1716 1189 175 3552 1396 766 2312 1454 1154 591 903 
2100 3039 2056 697 1783 1784 3110 1941 3417 1108 133 1303 514 798 3715 3197 740 2158 3023 364 2825 3467 2960 3836 1446 1652 1696 1365 1056 360 2125 3405 2671 370 3432 3249 2000 608 2285 3277 1821 
3078 2101 2919 2407 457 814 964 3890 1629 2604 2901 405 2941 1966 3536 1976 1656 96 21 2545 3803 1931 1556 442 3141 281 212 3453 3449 2528 3727 558 1129 1504 3191 3201 1036 2111 1377 3558 1514 2638 1162 2137 2605 2650 3755 2207 40 3455 1548 2736 1895 2792 
738 891 660 3616 1627 1198 2058 848 2043 3798 2902 2590 2093 2366 1313 3959 1996 3353 1921 2183 3713 3722 602 1910 2036 2782 3094 3308 156 2908 2457 429 3480 188 1045 1123 1777 578 3237 1911 850 2242 3003 3435 1546 3379 261 2562 830 2536 1922 3143 3677 
2997 1477 3226 3348 1939 1666 1745 2837 1746 3930 2940 3331 3809 3380 962 3088 2126 3080 2517 293 2924 1031 2414 2851 3601 476 23 329 2281 3022 1223 1090 3471 382 3181 2733 2001 2657 2170 1884 3898 1806 2265 889 2287 3209 1215 1601 3472 2541 2229 314 3264 
2571 2805 2485 2452 2525 3968 2875 1667 1551 2208 1926 3915 1146 1664 3263 2865 2007 2087 1307 623 410 1187 3523 3362 1712 1963 1100 1244 560 161 3298 1876 3873 1058 3198 1673 2020 237 1602 2684 1992 3753 2245 326 789 820 1254 3160 2546 2246 1961 2307 4 
153 1516 775 67 1043 1321 263 1979 3813 1980 966 172 2356 601 3692 1255 525 400 3413 2038 350 905 3952 3389 2712 308 3518 1443 2008 3763 2157 2918 2379 3864 1563 3510 343 655 422 278 2689 1962 44 961 3707 1640 2952 3533 3083 3551 1938 3009 
2415 2529 735 2095 3661 3343 2481 3305 1785 2214 342 2317 718 2600 3322 3918 408 3169 3439 1481 1573 3202 2392 1538 2656 1205 1486 2630 2582 3162 3067 3073 64 3324 822 831 2237 521 282 2067 273 421 2267 2557 2987 1002 2913 2146 2831 1337 2576 2468 
1011 1126 1237 3429 1167 2759 1862 1315 1356 2682 2316 250 639 12 2678 1157 2035 2506 3101 3665 2194 3904 446 2695 3319 589 3479 386 2942 1114 1095 2410 3366 3042 3229 2437 2535 646 3168 975 2164 441 1916 2774 1253 2753 686 2714 2390 3004 236 3750 3239 
2298 2413 1791 1593 2134 1393 3851 1706 3345 2832 1498 834 1381 835 2834 1099 202 2789 3920 2144 985 1417 1971 1183 1297 3662 1148 992 2543 1363 1179 1202 733 81 2398 2861 617 2845 200 3113 1933 624 1435 950 204 3420 140 3356 885 3069 1210 323 3355 
2337 699 2959 3505 2368 2602 3266 1394 2370 2394 2473 1927 2707 3029 1703 213 2740 2241 3179 138 2336 1222 2882 394 797 719 2704 3024 1201 3623 711 2891 388 2432 305 1780 2284 3354 2983 3220 2494 1831 312 1844 825 3005 275 3238 1991 2264 1571 
3546 3544 231 2140 2993 1432 2564 847 2628 1623 492 678 2823 1732 2200 3653 3829 1801 1219 2066 2438 3002 2297 1166 2977 1139 1373 2197 3089 1475 1418 1078 2089 3151 2393 2664 2345 2254 3854 1530 321 2138 2109 337 3515 1211 3278 976 3399 3810 2732 1805 2289 
3585 2142 2373 696 2174 3694 3421 3032 3720 1200 2784 483 2824 3643 2620 2815 2553 2077 3530 2828 49 3977 3635 1010 2860 2829 1841 125 47 1106 3329 3132 2076 3241 3861 1981 1072 1942 3035 763 2248 1699 1948 973 1415 2663 2303 1133 963 2108 123 1718 
1635 3583 2920 1594 3265 575 186 1029 249 1317 3058 3019 1274 2776 3419 3673 3832 2417 2116 1495 2626 1598 247 2929 1932 3683 3055 1295 2903 3307 555 1423 3641 1335 1987 2411 466 2554 2371 3301 3123 2691 363 198 3464 2572 1119 3317 587 998 362 977 36 206 
2649 2178 736 2524 1788 424 813 2291 1902 2799 1068 1030 3096 874 2912 2132 17 3286 1793 59 673 2555 2261 1958 403 979 3375 2119 2032 3258 1291 2496 3290 1836 354 656 2869 1552 395 2262 3393 2466 226 2783 3095 3795 1441 1826 867 2618 2658 920 2069 469 1431 1016 2523 898 3615 557 
1050 1047 189 463 1672 2486 2446 458 3189 459 2160 1341 523 2522 3682 1147 2787 2932 2670 1034 1949 3743 3013 3452 2049 99 3748 3063 1846 216 3960 1308 1265 2730 633 1582 585 3034 71 246 3680 2817 2255 2574 2962 2806 1930 2223 1631 2003 1270 214 1328 3014 807 3628 1956 3521 3438 197 3824 2367 
3780 2491 190 504 535 658 2252 3735 3150 303 3135 3603 3292 1888 1186 1352 1547 1266 876 2321 3428 1814 169 2531 2075 2985 698 2006 3007 3701 706 971 473 193 78 2128 668 1982 3496 1312 1833 739 622 3093 3652 1604 987 1017 1894 1292 1296 3482 3473 1977 1717 1392 3316 3950 842 3638 2445 
2064 2922 1515 2173 1822 3934 3539 418 3500 3072 1974 3057 717 3642 1693 1001 2230 3528 2358 1346 2428 205 3052 832 3247 3336 1400 1967 3254 2344 2790 762 3847 230 1774 2879 3970 2515 2352 3112 3223 461 1379 984 3620 1886 3463 2544 638 1721 1813 539 1583 2133 1466 2016 1037 3092 1137 3338 2757 3867 
3156 3739 1282 1749 2563 2329 1004 2994 1159 2409 2955 3759 1770 55 1615 1391 3926 2542 1929 2339 2311 3598 3491 472 2153 1066 2465 2461 827 3167 1322 1618 1152 2501 1675 3352 3636 2313 2808 727 1943 1494 1543 365 2930 2382 1920 2635 2950 2450 2489 1248 38 612 3689 62 1878 3321 22 846 860 690 
192 3232 1087 2883 730 3149 2798 3969 2331 726 2598 3525 2044 1508 3448 728 494 2826 1414 2594 3860 1385 173 3038 914 1049 2318 1807 411 2751 823 3531 2305 2177 2388 3207 109 373 3841 3015 1741 2947 2349 1168 2338 3563 1397 2596 3519 858 3425 2645 729 881 3186 2970 1952 959 1722 3126 335 3443 
3195 3858 3663 1 3037 3383 2212 3344 2403 2364 225 1263 132 600 289 1937 1781 3645 556 943 2584 3208 2945 563 3644 3350 1564 3098 3397 2426 1478 3219 1448 583 1858 833 2391 3120 2192 2995 207 3407 1267 627 3571 3775 3522 3802 3028 510 2469 2 3248 3911 357 34 1271 1778 2385 1600 3728 1973 
1830 3312 3075 1984 379 3427 5 1506 3540 2949 3033 912 3136 2756 2561 2288 436 982 1024 244 2896 2701 478 1213 489 368 2283 359 3882 875 2499 2159 2889 2418 1513 3758 3698 2852 677 2301 1535 427 217 117 792 2359 10 2911 2583 48 1719 3611 548 3147 3672 3716 3381 66 3433 1132 3299 
270 541 1360 1750 1398 502 3655 613 3695 771 1662 756 3252 3408 2863 572 1489 837 2113 2534 701 1882 2672 935 1568 3826 3163 1763 2114 2141 2357 2231 1735 1660 856 1767 499 2978 1621 616 2674 2956 248 2430 1864 783 2772 3171 3625 195 958 1891 2679 3901 2117 3667 1366 2809 1080 2151 2580 2190 
2766 2454 2764 2218 228 853 3071 63 8 1701 1458 1653 2706 1810 2171 104 2581 3361 1648 818 896 3569 1325 3280 1339 1503 86 113 3211 1737 940 1698 2822 3714 794 2560 1097 3724 1797 148 994 178 120 505 1624 232 154 3859 3678 2566 3444 3941 1817 513 3026 3771 3360 417 1367 3395 1661 
1284 540 268 774 3187 2953 3499 2988 692 2565 921 3651 2667 445 328 2951 845 611 1879 291 449 1892 2984 1447 3206 3180 2738 3943 671 2864 2353 598 3752 1452 3313 1053 90 1023 3385 3781 3415 2769 2377 351 3451 356 817 2833 3430 1747 3269 967 747 1115 2640 1800 1327 2502 1605 2225 3784 1795 
1089 2961 1281 1042 1203 2290 1164 2487 224 2559 687 367 1155 3799 2483 3770 3946 2873 3567 3138 1169 3606 2662 1687 3718 2080 372 2110 1885 2275 1088 2400 2999 2320 1134 3903 3203 122 1872 477 432 2362 2723 3142 2878 3586 3040 3001 3805 2538 2611 1318 331 1782 3459 3576 2814 725 1259 430 3108 742 1353 
2532 777 1596 3076 1632 3465 1554 229 3850 1511 3889 3812 1077 1005 3656 732 2979 2676 3456 3369 990 1614 3447 562 913 3253 3224 174 2503 3790 3205 1840 166 584 517 1762 2935 995 2477 3289 1850 3284 1790 3896 2734 645 815 2726 854 2439 3562 1815 2383 3256 3971 1893 788 2744 2050 3178 2627 1540 1972 872 607 2586 3844 2115 2235 861 2767 2221 3820 1368 2120 685 741 149 2716 2588 344 3396 870 142 2937 2440 1904 3547 941 2644 516 3404 2731 1766 2250 2073 3746 470 2931 3053 1761 2172 3082 1523 986 1041 1314 440 2519 1406 3794 586 
3390 1869 2530 3193 1866 2335 6 3538 886 574 501 1121 3031 1433 3228 1473 453 141 1160 809 3837 654 849 2433 2199 3760 2278 260 767 2405 884 2717 3411 2425 1463 3481 475 1424 2389 361 2867 3374 3956 3364 667 2786 2279 3102 3215 3761 840 208 3592 3570 2518 1724 2201 1720 567 745 3912 1136 3315 2739 3909 3893 3125 1246 1409 3145 239 3476 1007 980 168 3469 493 3103 3318 2216 2577 2996 2742 1287 3549 3619 2260 1936 298 3834 448 315 2540 2547 28 20 157 2402 1484 3845 3629 158 3416 240 2853 89 1193 2796 651 635 1704 3589 791 3962 2770 2441 179 
1908 2646 1906 2257 3972 2139 3772 1471 1238 618 2023 68 302 146 537 1350 3495 2136 3213 2877 609 3330 2355 3214 951 1537 533 640 1898 2085 358 2308 3595 3517 2467 3634 722 1112 1229 2350 1502 3821 2495 2361 3726 3172 723 1074 74 16 1347 2587 1018 910 1480 1690 3822 316 2773 928 675 3866 551 2471 997 1143 1663 1959 487 2365 1630 805 129 1000 1923 2323 1647 2801 3320 2549 3808 3047 3230 3081 412 1738 256 1748 3532 1689 721 649 2421 939 538 2616 3806 3131 1094 708 284 1076 2380 3668 2849 183 479 1796 1700 1756 3654 3590 1289 2107 937 1874 391 
3000 2259 2998 1048 3507 2992 580 2025 2685 3309 2642 619 3578 691 3109 1038 2754 3579 1224 576 3267 297 54 2238 2980 1380 1185 991 1235 3185 689 1071 1344 3751 3684 135 709 592 3938 3559 2045 2378 3839 2843 254 2470 946 450 1261 901 2578 1226 749 2595 2570 18 325 485 1496 425 1786 3951 1491 3939 3474 3334 3524 295 1062 1290 2443 2294 1487 2462 271 1925 3346 480 1407 2655 265 2847 2209 3190 2606 310 978 3424 1680 2143 3568 3303 1975 51 1309 2567 2206 2498 1054 3498 947 3282 664 2381 2966 1449 2874 2636 3785 3906 2346 2619 552 1566 569 1349 2263 2420 
1245 3234 2179 3778 1359 3382 1633 2607 3699 1204 2057 1978 1355 1940 107 3461 3066 2472 3885 3174 2277 2550 1161 288 3565 1302 1771 484 1859 416 1617 3556 124 3049 85 486 2974 3754 3910 155 2204 2387 1361 2612 3908 2236 1802 1729 1378 2266 893 464 2777 3566 1997 3609 2028 1915 851 1574 1758 1599 3535 688 3627 906 3613 3295 1163 100 2820 3373 755 3639 2333 778 610 3529 3646 672 1402 3593 2781 1374 3610 1260 1413 2271 1708 1228 1610 1526 399 3574 1445 1093 3849 2039 2147 2948 2558 218 1873 3199 2597 2328 703 79 2112 235 3365 3048 2771 2324 1990 
2181 543 1242 2062 2569 1008 1944 855 1120 1671 262 1744 3460 2643 1044 2369 3384 35 927 171 3564 2082 1731 1809 3838 1040 211 1079 3887 2971 2737 748 3010 3868 1492 3294 1063 3021 1013 1375 839 1268 1642 918 1061 2105 1651 2088 1646 3740 355 2548 684 2227 3410 3545 1759 3116 545 3293 1175 3514 139 1425 3830 3045 1865 862 2203 1345 490 460 3669 3196 404 1592 1262 3337 3064 1855 1501 3235 3363 3797 590 1306 3446 507 3853 661 1702 880 376 3251 42 1725 544 61 3246 2624 3087 899 3243 1665 3732 318 1562 1376 196 3260 2429 45 2351 1236 2780 41 713 596 2463 2702 
1518 309 1243 3154 1009 2641 1900 1437 3660 1081 3734 852 2680 2725 926 496 1467 1779 888 3261 1887 3696 2746 1965 679 2434 3731 1586 3068 1742 3712 3099 3127 1149 2202 1520 1294 857 1960 3130 1151 1460 1451 2123 1027 3155 286 199 3791 1334 3935 2591 2804 2765 737 2422 944 637 203 1084 1014 2098 3649 1870 1340 500 1670 1370 724 3870 443 705 2800 2106 3051 482 2735 3880 2198 3542 97 3600 2021 1897 2749 3437 2579 2274 317 1686 529 2778 812 2449 968 2055 1172 547 3477 1561 2168 84 2406 3940 2810 456 2601 1098 1678 2363 257 2224 2927 2870 3512 1470 1856 
2376 894 2647 3973 579 3936 3271 2803 3310 106 2637 1277 731 887 2017 2603 1863 1590 1316 108 1536 2721 3690 2161 2639 2990 3965 1430 65 2464 2074 2893 642 2631 904 3244 330 1715 1619 681 2573 3648 3328 1577 88 2243 1655 3059 2162 164 3857 3787 3412 2665 1953 177 3584 152 2669 2244 3483 3391 1104 1572 3347 2315 3664 1585 3061 2964 3357 1033 1384 266 1390 895 3340 2840 2957 1273 2460 746 799 3769 227 1131 2092 1691 1994 2622 409 2423 2427 1257 3685 1279 9 3823 201 803 3902 3572 1025 704 1644 1427 3494 1158 2234 3923 1739 2211 2887 1288 1899 1250 2068 2585 
2493 2103 3388 3897 151 2334 346 930 3895 145 2096 3773 1823 3928 3534 341 3339 2442 1497 147 2629 3721 11 1069 1264 3604 3097 2327 2054 338 1196 1305 3177 2191 3450 3392 3793 1258 2222 3091 1174 1141 1091 1135 2743 2711 3596 3869 581 2431 437 1191 3527 983 3046 2687 1304 134 3085 1829 2617 2059 1218 1351 2703 3749 1650 2079 1613 2827 2661 438 159 3508 1669 3376 1950 3173 1521 2813 3827 304 2830 3561 3602 3581 3454 604 253 2872 802 2326 393 2476 2479 2455 883 1626 2273 1483 3104 2458 2888 37 2419 2991 781 2654 2507 3828 1544 1064 2195 378 392 3789 2615 2484 752 
1128 0 2412 2374 112 3733 3466 2451 301 2880 1901 380 2954 258 1083 1122 1278 1434 2720 614 3924 561 2121 1692 757 3487 377 3916 2046 1461 923 447 3166 2048 3489 2623 3899 1102 2282 439 2399 3686 3865 2513 632 1217 332 3626 1889 3917 1283 3796 1330 1946 2063 520 2634 277 3800 1256 2053 191 1231 1643 1051 2031 2556 165 3503 3359 2923 2011 3012 2072 3485 1608 565 1969 2276 3814 1387 877 3597 1553 1636 532 2928 2791 334 3786 2625 519 1803 2710 1881 1468 760 1709 3259 2215 3927 2029 1839 2012 2693 1532 491 1298 3872 296 3511 2848 669 3030 1912 3165 274 3434 1293 1249 
3741 1362 114 2568 3622 307 1867 3856 3117 2251 3036 3227 970 340 2836 652 3963 2213 2916 3618 2793 3300 2018 2838 1848 1225 2589 93 2239 3370 2668 182 455 1021 241 1567 1372 2659 3325 3949 2233 3764 233 1208 215 389 2633 3881 3358 3835 3506 2084 676 2981 121 1993 3737 2894 1880 879 801 2539 2180 2621 1240 1465 3942 2508 1852 2839 3776 1329 3184 2917 3164 2866 2070 471 2850 3402 3675 1140 1195 1682 2304 2226 1825 2228 1989 402 2794 2761 3792 1819 324 2934 1714 3084 945 785 1416 1727 2936 1405 2835 1688 1197 1757 1142 665 1410 2424 869 119 647 630 167 2156 1527 2858 3065 279 3182 
3975 387 1986 3153 3582 3702 3349 2686 3894 2842 769 2408 3617 2760 2175 3774 2253 2448 3422 2511 960 1107 873 3955 2862 2395 3877 3526 3302 796 3146 143 1469 2015 15 3458 2347 1073 2779 311 1442 3548 868 3470 488 527 160 3779 559 238 2855 1620 3484 56 3133 641 2899 3128 3371 3818 1127 1525 1474 3905 1519 3490 1212 2154 2939 287 2967 1124 597 3159 2145 3217 451 2811 3212 2986 1794 694 1558 3513 220 3398 1251 70 2196 2118 3825 948 1319 2026 2488 1111 26 3268 1875 2014 512 2129 3862 3225 2653 2718 1488 2965 3745 1743 339 3342 626 2497 3884 2675 1020 859 118 1860 1220 