72
232 589 643 335 
544 476 649 825 
505 456 277 746 474 
583 355 122 351 140 
948 239 723 7 491 
466 901 256 608 
700 963 60 599 725 
661 627 695 45 
154 519 968 110 630 
193 149 805 546 513 
739 890 499 218 
778 534 473 87 296 
882 480 817 394 164 588 493 284 
765 90 19 243 156 869 
375 311 753 846 550 337 360 586 
921 115 222 43 305 487 752 
570 714 199 858 27 864 
219 363 333 368 195 569 
272 2 957 86 422 401 
428 324 121 398 867 356 669 
818 402 573 706 827 304 128 
740 675 261 255 632 312 62 
896 168 889 671 14 78 452 
350 427 265 281 694 532 413 
540 207 339 862 567 799 217 842 
111 388 651 433 489 880 780 438 275 
228 973 495 82 944 148 551 257 
618 32 33 934 628 879 554 794 616 820 
579 584 51 784 411 429 755 518 
35 870 76 511 749 958 278 881 34 
804 129 310 885 198 242 259 702 187 323 
180 623 441 967 98 203 139 200 378 
258 349 38 316 99 136 443 906 704 
687 77 285 66 160 372 863 507 37 
726 271 300 823 758 538 663 596 
102 622 417 745 710 500 399 959 
969 297 974 620 393 57 293 407 359 273 434 560 22 899 
813 155 581 705 447 449 446 47 833 936 772 479 362 
114 233 230 432 681 878 875 911 872 638 109 625 742 
423 545 542 159 174 21 16 563 721 44 713 626 
621 701 971 768 81 720 683 528 326 724 61 392 908 
306 116 503 354 798 176 294 234 209 334 938 41 
189 935 932 42 759 761 251 30 131 204 451 196 547 
582 194 74 315 105 254 800 371 177 409 20 786 158 
738 736 467 464 909 369 684 56 26 824 448 80 118 
774 815 856 900 96 956 329 220 955 516 937 50 
150 506 308 31 807 472 138 840 677 773 331 352 240 
852 648 597 792 667 762 719 490 92 521 318 89 
855 843 558 146 147 132 12 845 85 202 605 437 83 365 58 236 4 
465 463 63 246 498 483 484 923 904 907 910 173 248 828 682 374 743 
309 735 662 152 854 783 600 601 397 400 949 602 685 555 461 470 821 
933 931 779 776 471 238 486 603 439 645 24 295 292 686 920 
543 960 389 698 120 252 642 644 125 953 170 877 64 791 36 
660 658 857 113 276 266 291 488 216 598 950 70 851 391 509 
501 453 269 636 861 330 709 712 641 606 227 672 175 633 729 167 
462 414 144 425 831 237 940 525 527 715 23 844 711 734 10 552 557 
696 336 737 191 666 954 564 866 797 482 655 376 48 647 79 
930 609 895 659 9 744 15 410 566 871 415 819 421 812 924 903 
891 141 893 386 822 549 876 59 793 214 317 188 178 703 674 
6 531 347 939 510 408 332 722 788 520 383 961 838 781 431 
816 346 424 457 847 769 809 770 420 264 771 93 679 289 377 562 915 319 917 88 556 247 403 559 688 344 287 850 607 646 928 430 179 591 859 
75 814 775 691 341 263 536 69 537 327 366 445 143 884 163 213 283 868 836 208 450 727 617 395 760 321 610 802 206 747 314 803 
348 777 492 73 964 67 535 848 731 810 575 381 249 522 133 874 135 837 943 46 361 481 364 212 941 590 750 629 539 919 357 313 587 530 
699 970 697 808 262 692 613 107 654 444 250 835 182 338 670 611 514 751 595 676 918 117 53 13 604 412 565 71 162 396 279 469 
0 231 340 418 497 653 303 108 288 639 367 210 806 211 475 280 748 478 127 205 593 325 637 390 594 477 526 181 97 370 898 197 201 782 
972 72 1 385 301 379 5 693 927 795 952 328 260 455 358 436 166 49 286 832 515 95 668 298 282 578 382 929 902 235 664 947 
192 502 853 3 965 419 459 951 678 576 796 523 299 533 865 553 592 134 290 922 126 373 404 161 841 571 690 274 508 830 
504 892 268 112 652 302 574 966 888 614 873 406 757 689 767 787 25 790 29 485 754 716 39 707 103 529 785 811 101 635 353 
426 384 541 229 730 106 380 8 11 717 225 172 561 962 104 572 137 673 215 169 130 442 226 460 656 945 733 766 883 860 665 435 40 
894 387 657 151 184 580 458 926 342 171 54 756 55 494 416 241 221 244 946 634 52 320 454 763 343 741 585 789 708 942 157 84 
345 153 190 886 619 185 68 186 732 834 615 718 640 728 65 124 839 829 517 524 801 897 468 568 100 253 28 916 119 183 548 440 
270 267 307 496 925 145 887 223 849 224 405 912 94 913 17 650 826 631 322 914 91 18 680 624 905 512 165 577 142 764 612 123 245 