72




































144 161 62 
38 188 179 89 
149 
64 
26 
122 
148 162 
84 




102 13 164 28 
194 70 165 
116 7 87 
155 14 10 34 
76 187 178 
115 110 136 128 
168 83 123 
193 103 101 
154 142 37 
105 175 167 
66 71 36 
183 109 97 45 
75 73 67 68 69 54 55 65 46 49 52 53 41 
192 190 184 185 186 171 172 182 163 166 169 156 39 118 
72 51 191 159 120 174 176 57 59 95 56 170 157 
0 1 3 5 8 11 12 17 25 29 173 20 117 4 40 
189 35 152 129 9 96 98 18 27 139 80 
153 151 145 146 147 132 133 143 124 127 130 131 48 158 
114 112 106 107 108 93 94 104 85 88 47 58 50 119 
150 31 81 15 135 137 125 24 61 22 
6 77 74 42 82 181 21 16 91 78 
111 32 33 160 23 60 44 92 79 
180 90 113 19 43 30 99 134 126 
63 141 2 121 177 86 138 100 140 