72
1752 3546 7716 5769 6198 891 2841 5527 6114 6420 3267 4422 3369 2551 5642 2756 6598 7612 6726 3985 7352 1343 896 6377 1598 1634 7821 2361 957 719 2899 1191 6595 5222 5378 4030 2933 4372 4376 6938 6825 6135 4644 6322 5901 239 3510 2137 2840 7254 6382 4816 2733 7337 1259 4214 986 6891 7940 
5652 1437 1750 6079 5181 5766 614 4515 4080 7049 5796 7746 7737 2824 213 2444 2600 2620 4024 6289 7378 4183 5977 1013 2204 2621 4420 2297 5897 3007 238 4988 7328 6751 1230 7130 6795 6791 4327 3844 5521 6440 1877 83 6876 1379 7142 5970 4371 6727 669 2090 6714 6670 4409 
5886 6898 4014 5535 3973 7204 6190 5919 1857 5958 6801 5835 483 7894 5252 367 3450 5740 4336 5506 4066 4427 5782 701 2633 1481 7106 2587 7102 7860 5234 1256 1386 1018 4771 4426 81 1443 4660 1891 3366 4159 4467 5513 858 2549 5674 7783 6288 7658 5614 7702 1072 7862 1275 4058 431 2619 
4560 735 4246 1905 6658 1705 264 2520 1341 654 5445 1155 1498 2941 5018 6297 6637 5597 4700 2631 917 2495 2818 5200 3202 4754 2517 1464 2531 3155 827 5552 5430 6755 7275 2929 6912 4607 6942 2527 1075 3797 1485 1482 627 7371 4483 2242 3953 2313 5843 7841 2016 4668 7187 7104 
231 1011 813 4591 6781 2408 2213 1545 5139 4866 6855 5007 796 2787 6188 943 6130 2729 3832 4388 6590 2428 1325 5546 3293 4879 4091 5230 4378 632 4740 7141 2518 4302 28 6973 2414 3912 3914 4646 4818 115 4224 2128 2801 6688 5162 1608 4056 4009 3441 7433 5393 6770 7182 4395 
7290 424 2922 5847 7517 3109 341 843 35 4710 888 1302 5554 2902 7241 670 5127 3205 6806 6832 7313 4289 3374 4147 4186 6101 6062 1295 3250 4779 364 2630 598 5926 1499 7103 2198 7800 5713 7223 3999 3493 4309 2167 2538 4848 2349 1270 421 5719 5912 6202 7304 3299 1761 
4872 1243 5418 931 2844 5410 965 3734 7434 3261 4110 1108 1264 6812 4277 4199 3907 7974 7740 3842 5584 6055 868 6127 1651 3878 2543 6677 4190 4481 1244 840 43 2996 2003 5192 1504 2478 1329 6183 4329 5560 6282 6170 2232 2260 3196 2703 1797 2449 7351 2597 1622 6558 6203 7217 
150 4482 5494 657 4592 3032 2526 5762 5801 5802 5866 4774 3419 2826 5389 5517 798 2906 3595 77 6728 5893 4303 3085 6119 776 3401 1135 316 4169 3566 7704 468 793 1681 2907 5296 2666 6789 5346 5536 3125 6993 646 7240 1680 7140 2713 2479 850 4800 7957 2301 123 392 2693 
4911 67 1947 1086 2217 3621 2563 6465 4007 927 2169 7980 381 1976 7046 3400 5751 5927 3665 5402 5207 7097 3826 6650 4247 680 4342 7509 7960 3713 6612 5936 3028 2890 4233 7129 7718 5187 4715 3708 3116 3035 6864 3157 4165 7369 1825 7727 2458 4439 3482 2190 2718 1454 
2025 1866 3624 1165 4401 4474 5879 1004 108 4548 1926 211 4511 5983 2171 1996 2904 5662 7651 7625 1424 7303 5507 5789 6395 23 6941 3791 7180 3410 4389 1837 7530 368 1468 6248 7571 6098 4381 7825 5368 6979 5697 5421 7610 7890 1521 148 2059 6232 596 4184 5939 2848 4842 
3312 423 1047 5215 5338 1862 2252 4632 3183 3339 4704 3720 3721 5135 2249 7748 2358 982 6455 5753 7079 6835 4562 2319 5351 86 3874 2123 2634 6443 3297 177 6287 714 3570 2560 5341 1065 4719 3714 2613 2159 4563 6862 4234 7176 473 4468 2323 158 7099 3927 821 2775 
2493 1167 4557 5917 2953 5839 6927 2135 726 5178 7854 3448 4316 6773 5244 1149 5205 358 7157 3988 2272 7196 32 5516 3215 5612 1772 6994 7262 5512 5131 4673 5348 129 359 2176 711 6947 1448 1088 6995 156 6405 5591 3880 6635 7220 7320 491 3455 1782 6575 
3000 3894 852 3505 5884 2524 458 1745 1315 1551 1506 7323 4431 2838 3525 640 5749 6617 514 3965 3879 4531 6299 6765 4271 488 2935 5030 3584 7622 2002 3908 160 7345 3917 1854 7297 1382 411 4598 5343 6760 6743 2170 7720 4945 6176 6015 900 1794 6844 3025 1345 5335 1696 7887 2606 4975 6323 4419 7216 7646 4161 5097 6485 6653 5154 1310 
1791 972 6705 1554 2334 1042 7210 5294 2720 5995 6231 6816 7698 5553 2121 1146 6139 650 5408 1851 3790 1422 3715 1801 3998 751 191 4729 6916 6868 5356 5317 2474 1265 5191 7852 1802 2609 7977 2227 2365 6951 1035 3900 3952 7273 4633 6096 1524 5497 6310 5424 633 7091 4790 6259 3118 5001 480 1046 5778 7355 4686 5081 3395 37 6631 7684 
6507 6666 3310 969 223 2139 6269 6853 3227 336 219 3774 6606 5397 6412 182 1196 2951 681 720 1216 475 2048 2573 5537 5342 6767 3977 4697 2353 4021 481 1542 2595 5434 1100 7484 5921 7258 5318 1335 5731 7527 5967 2791 7336 2638 4185 5336 3237 117 7793 6121 1387 1836 7259 3288 214 45 3416 1181 5405 7373 4886 2420 2741 
7641 6354 5028 6234 3543 4240 6000 3344 5255 5061 3885 2136 6849 2277 7659 5320 3380 5907 3010 5166 4505 5779 5818 7253 761 3470 6292 2144 7548 242 4225 7696 5464 4459 5261 5598 1369 3001 390 2778 7805 7367 281 343 4210 6634 4650 3541 6410 6839 7219 6298 4907 4244 2255 7257 1189 5842 6086 3053 1250 1314 6875 1236 4547 101 
7560 1284 4090 3699 6034 5025 3460 6498 1779 2214 7239 4968 3018 3612 4228 5876 7701 5049 5790 2074 837 7144 1531 3764 839 1247 7462 4294 3211 5971 524 5698 1490 1751 1213 5668 6353 7193 415 5357 5815 4411 6006 1058 5725 7532 4731 6467 5703 746 1641 3944 2115 6357 2944 2689 7731 2991 3104 3958 5388 2853 3845 3209 3828 
4326 6546 4053 7483 6702 4123 263 5489 3773 5055 7245 3924 4149 6100 3799 7972 4160 7631 4854 5038 2581 467 5392 3364 7040 2300 7682 3258 2504 5126 1502 4138 914 7579 3609 5066 6392 3834 5819 916 2986 922 5569 7305 2001 5290 7714 2788 3363 4510 3549 4146 3301 1168 4451 2411 6792 5661 5960 6150 5760 6458 1895 3551 
2373 114 190 4129 6970 2568 1159 1082 2836 2915 2019 2130 3378 4461 2122 3887 3770 642 252 1294 2709 5974 7459 4934 5480 7760 5693 5906 4835 3674 4775 3596 294 3679 1724 6166 3601 5196 2102 3869 2352 6681 5932 3664 6981 2644 6466 4524 7705 5309 315 3703 4478 4967 5664 1764 2653 6618 4496 4898 2094 2809 40 1210 
3039 7251 6820 504 6312 501 6035 1939 3812 7165 4314 4202 5172 7050 7401 5476 4433 4862 2776 1177 1138 4063 4037 1726 1843 7342 6416 7019 1283 3475 932 4493 6963 6682 7301 3523 7743 7574 1357 2354 1998 7003 487 1607 7012 4343 92 4868 909 1085 6009 5435 4249 39 2254 7174 890 360 5887 5232 6056 1856 1445 3277 5115 7962 4764 
426 1672 4324 3856 1354 2329 5182 7594 4587 5606 1434 6309 1194 912 7581 7855 4384 2971 6149 7163 7623 447 5236 2282 4757 1330 1733 7154 6370 5477 7804 6413 3761 4541 5169 6053 6647 4663 3685 2188 6038 5112 6435 3240 5219 7839 7970 2154 7493 5669 1000 2228 5803 282 2700 3437 7806 664 6398 3121 3771 5657 1037 6536 
1362 0 5220 1713 619 7014 7712 2871 7713 1629 2979 4656 445 7395 3253 6890 3604 904 1695 3684 7397 6026 4261 116 1364 6260 3514 4364 5360 6417 7544 2617 6261 4559 290 563 4649 1720 2911 2738 1031 4919 6798 5458 6856 2258 5118 1319 1455 178 2925 4772 7298 6518 3971 1702 2410 3862 128 4551 5310 7043 5159 4959 6787 
540 5262 4674 5923 4051 3232 4045 3188 6270 7785 6255 3105 3330 5436 6762 2873 533 5857 5096 5701 280 4924 2456 3860 5108 3335 2662 5264 4064 1066 6842 1924 893 6899 3089 2942 2348 3017 1113 4178 265 110 739 5063 5928 5121 165 7380 5463 4741 7598 1390 6249 7276 7263 5084 4444 3009 2858 3750 7199 2402 1601 2624 1064 
3351 6237 1242 6313 5184 4753 1472 3733 63 7868 2481 7425 2448 6529 1381 845 1703 1305 3957 644 7565 1892 5041 2038 6679 5325 4991 3598 6599 1183 7721 2314 2804 2049 7652 7384 5911 209 734 6137 2699 5641 6886 2973 1056 4783 5265 2508 2577 7123 2744 505 1914 6379 2820 3795 4028 339 1133 5384 7412 5072 2302 4274 
6390 3895 3933 5922 2686 1323 5808 5488 2525 3656 4201 3189 342 765 5406 2643 7167 7035 5632 6763 1898 1734 15 4113 5272 6445 4269 3013 4191 3101 2077 3257 5885 3091 1304 2946 4112 1334 5629 2687 47 871 3167 5776 6638 7353 6089 3896 3997 2021 6162 2177 716 6415 5716 3719 4841 2020 6116 3132 6401 5453 7642 4639 3641 685 1280 5362 2572 4087 7929 1821 7226 5851 2948 1917 6446 4993 4781 4331 2029 5639 
2415 7132 3663 6541 5689 6703 1944 1081 5918 770 1122 7791 3027 7479 882 4851 4734 6061 5164 728 7280 3536 1684 3049 7420 4856 4542 7664 7118 6863 1403 478 3413 4662 2981 2921 628 1460 5039 6002 6833 2201 7150 1033 2270 7832 7814 7739 1989 230 3875 4003 6956 349 2705 193 661 6830 7268 5391 4873 1855 5655 2847 4517 1195 3620 7649 5811 780 6532 6171 2273 3555 235 5994 5471 2874 2264 2736 2051 6657 
4599 2766 5574 229 1 691 2920 6195 6775 6620 7122 3846 5904 6372 1965 756 5631 4188 1693 2210 397 3294 5712 486 6143 3372 3743 6824 857 5498 3311 5225 5821 7808 1880 3722 1928 1811 2734 7314 2673 82 5456 1568 2765 1423 7549 7831 7098 3207 3931 2557 799 3210 2879 1136 7324 53 1494 7666 2939 7637 5414 7266 3424 2430 3285 7291 997 5965 2055 7125 3186 3745 1366 2697 3498 1661 725 1665 
2805 5964 1360 228 2764 7758 4011 613 185 6737 7672 4748 3300 3807 4470 7674 5997 3993 7436 1664 3809 4784 1656 954 5837 2475 98 5792 5626 5987 5810 7214 1616 5364 1070 3913 3921 3830 371 5785 7531 3336 5941 3562 511 1338 2533 2521 24 3853 1292 6371 3737 7883 5031 6596 636 6616 234 5226 3359 7588 1182 5017 7156 4985 753 5755 1591 5485 2445 7177 4902 1054 4994 118 3732 2810 3326 569 
1674 6117 4596 4830 6742 6157 3 106 2212 3071 4938 5957 1428 771 4041 4353 6684 4111 3954 6997 3263 2639 7534 1461 2789 2865 5860 1658 545 1063 6533 2155 3835 1997 944 60 6998 4844 983 2396 1400 7158 5027 1447 6279 173 404 1156 2800 7564 1774 5040 3691 5694 1650 4104 7566 312 936 3061 967 939 4953 7468 6711 2267 2265 5836 7780 4416 4330 1483 4525 1835 5483 4955 300 1561 4586 6129 
4638 1984 2802 2412 5883 2607 4981 5845 7054 6230 3422 6191 2325 1077 2916 6147 7269 2044 5359 689 572 2288 1820 553 2943 7838 2009 6133 1765 1559 3676 7508 2968 637 333 6985 2180 485 6456 5975 5243 2431 2 3592 3605 4624 1299 243 3903 3742 3932 6940 256 4751 6915 7234 4504 2772 5313 7603 2120 3483 7285 3329 351 7023 4692 2811 1231 2310 4135 2342 3342 4487 474 7763 708 3516 6345 4196 
7719 5730 6627 6429 7638 6625 3466 1510 4982 6893 3150 1706 615 5528 3735 2082 2316 2589 5514 3760 5369 7202 96 5010 603 5428 4016 6572 3481 5324 6962 1921 6494 3899 7540 4810 2591 5581 7427 5165 4793 559 2665 3644 2114 5286 6087 7837 655 2089 2677 3847 1553 6433 4494 6834 7695 4763 5006 7569 7500 1260 3393 5742 2822 2839 460 4171 1240 978 3728 859 7671 1766 1600 1956 3589 4681 3082 1254 6462 
6432 1983 1555 6976 6235 3583 5059 2485 7945 6659 1628 653 1316 2013 4275 1419 2004 4657 406 7971 562 3848 6442 4550 3322 4737 4180 291 3704 1347 4250 1580 7966 1775 4311 5587 3752 7445 1187 6300 5009 3350 7817 3194 3488 7236 7765 220 2969 2829 5706 5083 6867 6277 5892 5699 4795 4217 3034 5323 1143 1306 705 76 7146 7432 1285 4878 6922 4382 4000 7725 1271 7593 7710 1860 1371 7762 547 7148 5968 3338 
309 1401 7875 2061 3855 2179 6351 2758 387 925 1511 1350 6537 6225 5568 7166 7200 5328 1185 913 4891 1147 1625 1450 5759 1606 5525 6531 907 6434 2360 2233 6122 4952 2545 4193 18 3272 1144 4727 152 4840 2275 836 1807 7640 6293 7033 216 4489 3386 2886 6020 5053 6438 5218 6460 2652 7981 1543 700 259 838 253 499 1526 4497 3588 6594 2294 2817 1786 6184 4412 2195 6124 38 6341 5267 1367 3438 7031 4369 5461 
7797 151 3585 1281 4755 4714 6736 7989 3226 5450 2403 5333 2682 4437 4305 4227 2200 1186 2795 17 3926 2085 3840 7573 6250 865 29 5870 7186 1814 7888 1804 4442 3518 1034 5130 7189 2470 3882 4896 7969 6885 7505 1581 5502 7657 1205 1992 2340 7910 6272 3524 7149 3808 3357 7636 7486 3173 4568 6240 1904 5479 454 4797 5680 2293 7208 6583 2494 6330 3100 7538 1834 7411 4174 3706 4564 5873 1952 6524 4352 
2532 1789 7953 5728 6078 1087 3499 4162 6971 1394 1940 7356 5021 4164 4899 2667 6567 6333 5710 65 3021 1411 6364 5673 1578 1102 6258 1190 1258 7937 5615 5069 403 3608 2509 5052 5746 5988 277 5473 7184 3986 5005 6374 823 7145 2535 2496 6154 4299 5307 1942 3201 6457 1552 7519 2345 4733 7151 1377 271 6603 354 3781 304 6505 429 4288 1630 5891 5861 6848 2585 4145 947 1080 630 3628 3576 206 
7368 1245 696 1398 7438 3975 3114 3738 3500 7790 4475 5800 2793 3462 1311 7986 5241 3877 5242 5486 1079 3712 4258 330 6988 3509 4726 2924 2477 1169 5002 7535 6877 6604 1139 7687 6665 723 2244 4099 91 3055 4645 3094 472 5443 1798 109 2209 5277 7279 5602 7575 1865 2967 1535 326 2079 4914 7956 2850 3627 5619 4490 4595 6928 5775 1051 1592 2053 7247 3902 4023 7880 842 3716 144 1232 7021 7567 5015 
1986 7093 6900 2529 4284 3660 2023 6003 1945 3655 7678 5605 6030 1901 609 1395 2754 7113 1575 5646 380 4618 6840 1654 7152 2590 7738 2327 6013 7222 7662 7183 4453 21 3946 4154 4445 6668 2623 1676 6991 2500 3016 2782 7228 7115 30 1421 1174 7289 1642 6409 1958 3362 1529 31 7271 4641 7539 437 3513 2281 7881 188 7073 4750 2099 3710 7071 6857 4594 565 656 5764 2808 4897 4215 273 4549 70 3688 6644 7415 7876 7034 3047 7419 785 4031 5102 3571 2632 1289 2870 4720 1639 7811 764 3629 6368 4434 6641 3785 2580 4391 140 7533 
3897 7561 6315 582 2062 3036 3387 1203 3850 146 4206 4396 5761 2018 4358 1623 2862 4554 4749 999 6771 7114 6138 1303 7124 3185 5057 6336 2748 5868 3283 7077 3489 787 6473 3793 623 3286 556 7063 4484 1105 6950 5585 2236 5347 5278 113 4333 4736 489 3323 6626 5438 7648 2960 6517 5504 6037 1067 629 724 7697 5140 2081 3758 2566 7018 6148 3532 7988 2008 1769 3769 4958 2143 7686 2661 1134 7403 3471 4516 2014 4132 5833 6740 7747 682 5816 4652 1119 830 2601 119 2819 6514 5054 4278 1587 4106 2732 959 5370 3980 3950 
2103 462 660 4597 1399 3348 2257 7056 5026 6859 4319 5176 6933 2291 1740 4125 3135 2910 4359 2832 250 4344 7933 2629 2483 7592 7007 4035 319 7311 3333 4573 6913 1442 3881 7526 662 2243 5314 5503 1949 4076 6019 4286 6136 4849 940 5273 3492 4684 5495 589 5078 3050 4532 5161 6800 2710 6155 7605 688 6004 5446 4724 4836 7201 5898 7608 607 4127 3249 2184 3142 7741 3649 694 7435 490 4293 1241 461 1725 2962 395 237 3073 6633 1007 196 3599 1041 4730 2780 2936 6358 5136 5150 1059 6969 1193 284 7628 1094 2151 
3936 6468 697 1749 7212 2022 5961 5611 6307 4786 419 5723 4553 5874 6738 5490 2511 2949 93 2980 7543 4667 5564 4345 6968 1157 408 5681 1188 3614 3918 7963 3587 4846 6182 2467 3169 2534 1339 137 7147 5442 1300 3631 5429 7072 1659 3787 6236 554 2812 3124 6304 988 3003 3859 1096 6109 5733 5889 6243 3705 3040 3909 2138 3480 4621 324 1833 1480 3090 833 142 889 7078 4114 6674 1540 568 1767 2206 5784 1602 7393 2830 4582 1813 7227 5940 2441 374 5120 7616 7577 3806 5019 245 7645 3979 1211 3633 7164 6051 1470 
2880 5298 4443 1359 3889 4870 2797 6503 3343 1043 7518 4124 5684 7283 732 2253 1662 5250 1731 5905 4930 5787 4072 6500 5213 3955 4620 5174 25 4581 7261 4310 6169 6874 1570 3754 584 6083 1268 3920 6296 3431 5158 2903 4610 6712 1690 4857 715 2426 5390 6049 7306 6378 7757 1829 6818 4614 4605 3886 4460 6245 2567 97 3658 919 3368 7851 950 1677 5469 6538 6291 126 4282 6376 590 1884 1384 5628 5482 6584 2393 1014 3970 6761 867 7903 2086 1353 4430 4613 5656 6029 7572 6363 4980 2796 976 7138 3849 3278 534 5856 7655 
3702 6508 2101 1048 3468 2296 2095 2876 2569 7756 1979 7083 2681 5289 4671 3968 5952 4905 6342 5523 133 5085 5203 6539 3916 338 7943 1235 4141 6024 3439 759 7467 740 5077 4300 283 1130 4690 3520 176 4601 2651 1790 7310 862 2162 7991 2539 6725 4520 1378 6482 1620 4077 528 20 5141 4322 1170 6823 7965 5908 248 1842 6669 5577 755 6226 2235 7179 4173 1755 741 3619 317 7892 4109 1530 1101 3425 2627 1760 3602 7029 811 2930 4711 6082 7004 7260 5032 7238 6983 401 6827 1583 6441 4535 6710 1718 4976 257 3069 674 
1440 2337 4942 7407 1282 3234 580 4669 3187 5610 2096 7089 1044 7205 6347 6303 1278 2286 5016 3384 6022 2083 455 6568 6334 1508 5720 4492 5993 6949 377 5147 6523 205 4133 1648 3686 7409 4339 7274 7119 5750 6470 6179 4208 2283 5780 3254 325 2119 7735 971 7891 3428 6041 4801 3827 482 4312 2976 4073 6605 3736 7915 897 6265 6499 763 5979 1875 4744 4407 5068 1714 4315 877 7474 4156 2650 356 3279 5238 7025 1962 7798 1799 6769 3045 6189 2536 4937 1523 6809 3200 625 4998 5193 6017 313 7372 4824 1327 3365 6164 
270 348 3273 2961 3193 1666 4441 6892 1321 6425 4747 575 1356 2208 7629 5880 3423 7284 405 3564 7426 2628 6295 4852 2366 3497 962 241 494 7670 1255 1871 127 2984 4406 1619 3637 2399 6448 6144 7732 5665 1729 3623 3506 3995 4151 7232 1217 4537 372 134 1673 6764 1322 3180 2656 7120 27 5758 4678 1301 4036 2471 2287 1312 7410 2157 4761 7878 7675 2605 5630 7081 5658 370 6369 3162 973 3230 5179 2813 6610 1982 3747 7786 6694 1221 4533 529 5501 981 4608 3945 1288 7958 2211 508 1376 4530 6870 7767 518 6632 3940 5037 
3153 7444 2649 6274 2178 5376 7951 1710 3577 7171 2641 4280 7322 3266 6621 5685 7869 4398 4812 6451 873 3058 7582 6609 2912 4308 6921 85 7924 1346 3517 7225 5363 2194 5012 6172 2867 5459 2552 3375 5381 6197 6521 6959 3757 5156 5737 6721 4961 1127 1954 7492 3557 2978 7431 5508 5499 1324 7726 702 2262 1514 3646 6828 5708 3639 6722 3659 3229 321 4204 2983 2735 4585 4351 4107 2299 2271 3802 1572 122 7761 5777 1953 6057 2694 7224 4699 6480 7607 2263 2419 3204 2000 7047 6359 41 7377 105 2507 3672 5852 3092 
816 2727 1438 7365 1830 7288 1516 2407 2452 3149 2993 2842 1277 1473 4436 8 4821 3579 1107 5100 2706 2395 3175 5826 1888 1742 767 6793 7807 1957 4394 3556 4882 7506 6923 2750 3442 3002 4895 1868 4885 95 566 5659 2279 3740 5715 7523 199 5403 7618 6846 6872 2743 3527 2938 6704 7107 2439 733 7617 5426 5209 1309 5460 649 643 7185 5268 5621 2182 2148 7870 3446 3067 802 7552 3600 2593 5472 1175 7897 7363 5101 1686 1923 6337 4380 438 2382 1844 1991 3512 6095 7490 4565 6475 5448 5774 3043 3511 5149 6134 7082 4252 
5457 4948 3780 7087 5613 5064 2490 2958 2056 5449 7906 3305 2486 7128 1785 1974 379 6693 1896 1701 7011 1068 795 12 5982 7553 2132 3107 993 6851 2308 7038 3314 6016 4640 4807 3353 6239 7877 3491 6799 4052 3800 5707 7774 4463 905 2556 2032 4255 3389 6218 2336 4888 5633 5871 7028 33 6254 2774 4805 3822 4134 6945 3274 3490 4465 1162 507 1267 1975 5263 5616 7408 2691 3630 2070 6427 6215 6362 3396 4198 2611 7117 4962 1006 4694 1582 5825 7218 3552 5345 5444 752 6614 2926 4097 3638 7967 2831 4136 5735 6306 4925 1757 6090 
1128 777 4170 2413 6 2763 6664 1120 1164 7015 1627 2057 2446 7557 2994 1823 6732 5679 3729 7776 2784 1263 835 523 4462 1586 1968 124 7779 2191 5935 2241 174 3403 5714 5353 7430 706 5542 5035 4307 7742 3133 5417 1208 5620 4766 7769 3843 398 1148 476 7626 5308 6651 4337 5550 7812 3727 7559 4616 7968 3669 3698 5875 4756 6262 2343 7614 6064 3457 772 6408 3056 4243 1647 5170 48 794 3666 3112 1173 7736 2318 1585 2761 5563 3464 4276 6477 6944 7632 5110 6519 7611 1249 881 1488 4508 6953 5812 7294 2888 2679 586 
7563 6822 1671 4089 306 4285 6586 5571 4402 1393 7556 5533 3265 385 2954 1980 6966 3690 6069 1458 7347 327 1380 6373 5125 1927 143 1040 1859 5447 6910 6180 7428 215 7456 1383 6338 254 4115 389 3725 3218 212 2855 4615 7391 6608 407 4264 5741 5399 593 1932 4108 2843 7973 7847 2864 3176 6014 7211 1408 6977 6031 1716 7558 5557 5375 7190 1872 6878 2098 5396 2852 4095 6908 1950 5274 5251 6739 5151 4566 6678 3574 3145 4685 2033 1816 3012 7858 2579 6961 1787 6474 610 1416 51 6577 5608 6048 2739 5466 1415 5666 3707 920 803 6866 7667 7472 573 4005 495 7589 4408 2346 5721 7060 4057 2546 6068 5930 
4947 4833 853 6159 4987 7327 774 6585 1432 4012 340 574 1784 886 453 2988 2799 1512 2760 3456 1005 4008 2472 5709 7348 1537 6646 5593 4189 1313 3127 7857 3829 2397 2974 7846 1229 2659 7771 956 712 1520 5675 5902 6140 293 4658 5551 5239 6105 2768 1646 1178 1027 953 6790 125 1985 7457 6478 13 7921 195 4653 6917 5109 7909 2026 3212 3269 6396 3223 6745 2859 4611 3749 1624 170 5781 5986 4990 6077 3262 3976 6752 3191 2762 2028 2674 1831 1565 4373 3610 305 1981 204 5079 5667 3870 2031 1792 2112 3989 6163 2792 2753 2692 3065 66 5890 4213 513 435 7850 7299 781 4682 2429 4340 5058 2133 6719 
153 6276 2997 7717 4831 6663 1632 2295 262 1828 7477 692 5098 2759 5295 2097 921 7010 576 3768 2565 3837 498 6919 1732 4150 416 3526 5515 611 7896 7818 6570 3177 3751 3673 410 7194 4466 7292 4796 449 3179 5636 7111 4927 3935 138 6794 233 5676 5624 4346 832 269 7133 5949 2422 2708 6925 2548 3836 7536 6123 7424 4789 3376 1618 5385 1441 1092 5413 4499 6623 5070 310 7168 6691 1911 4061 6683 1429 6661 4822 7090 1930 5942 599 5804 5407 2923 5107 5862 1039 198 616 6210 3074 2398 2908 2125 5189 1683 1171 5111 6709 743 7550 7823 5682 6224 5383 1522 963 353 4664 5432 7476 2030 2927 1739 
1596 1557 7485 5106 7639 3349 3741 5260 4713 5103 5767 6151 4514 6264 5411 186 7503 7635 4281 7947 2292 6879 7620 5943 3759 375 6724 7270 2434 7153 7417 6091 1021 5350 6325 7027 6676 7729 6094 4232 1141 6278 1882 1375 3020 3569 6452 361 3839 2747 5080 4229 4069 7496 3748 6058 2461 2158 4545 4732 1946 3453 3779 7110 7822 6018 2011 7692 4387 7325 2109 3256 2635 5302 7169 812 1909 4758 5382 5686 5148 4978 7853 870 1748 3820 4260 7447 4221 7488 6472 6483 6895 2889 1124 3327 6589 6394 1579 7949 2872 6564 3444 2250 5933 4603 2498 4175 5773 3248 3433 5822 4218 1532 5292 5817 3794 651 4707 1649 4370 6553 5588 742 
4677 3154 1908 2685 4635 6463 4558 7360 7173 4480 1320 6464 3772 5332 4626 1199 5177 6489 4860 5256 2598 1818 7230 4032 1771 3565 2161 5086 4979 6071 806 3723 6286 5400 1929 6052 5439 1853 4367 3871 683 1988 4523 7615 2219 4403 4506 4544 2513 169 7895 606 3857 5044 5312 5702 2626 710 3233 3467 6257 979 866 1776 6906 1457 521 6869 1670 4738 1903 6516 622 246 2106 3951 902 334 1452 7302 2730 4588 7215 2284 7585 3775 5329 7045 3340 6561 5809 477 2404 6506 1123 1370 2928 4360 44 7354 6778 549 5820 2966 6905 1055 5705 5266 3711 1293 3122 4473 6246 5422 3170 5627 6731 7511 7382 7879 1796 1961 3243 3404 
5301 7834 3507 7366 3504 2368 5493 5259 3231 5137 3031 3421 224 3851 107 4983 3891 3852 2487 6918 5640 3174 3534 5475 7699 3019 2785 2317 7787 6227 2553 7387 7768 709 7703 3255 135 2542 818 3626 5704 6884 4583 2786 2846 5966 4298 1841 4194 5113 6686 2985 3119 4931 3280 1166 1486 3011 6205 2166 6326 1595 5858 56 5199 5824 9 7463 5726 26 3203 136 6454 3502 5134 2237 6649 6201 5972 5297 975 3451 4972 7993 5092 3337 7335 5394 546 6360 7844 2657 3636 5167 3535 994 3593 585 2416 2723 4702 6204 512 3054 2406 704 626 6085 5929 2663 7788 7421 4808 924 1644 5354 1912 3755 1220 1571 6047 768 2459 4374 
7446 4092 7131 2875 621 2335 2724 6783 4318 301 3972 964 1121 4085 3616 5567 1160 2058 3696 5562 1233 7542 6186 4197 1224 3096 7893 757 1430 923 1810 1110 1001 6102 1723 1840 3023 4765 5311 5909 2438 1492 7976 322 3197 6718 5431 4034 4013 1291 1252 3804 1091 758 3141 6746 2153 1503 6222 2999 2825 3046 1478 7609 6209 6028 1845 3717 4538 5530 1763 5279 928 1709 3529 1418 7059 6311 3184 6316 1150 1404 3756 5765 3680 3563 331 3354 1396 1365 675 2728 6332 4855 1402 4536 3776 1611 6486 1097 831 402 4079 1717 4920 80 7905 3182 2892 4916 7277 686 1873 7070 1410 2897 2168 261 7919 4954 6515 1562 2381 2303 
6042 6547 72 4675 6741 4245 1515 5340 4440 7600 3622 7127 7170 5805 6036 693 4977 3306 4119 7985 2559 4743 3540 288 6060 5163 1849 601 1469 104 3068 2854 7982 2007 3166 748 7300 2779 1073 6375 946 6104 4349 1500 5555 4222 3062 6716 2149 800 1417 3949 659 2024 5984 1603 2041 2240 7250 4103 6175 3687 721 3063 7782 4148 6084 6160 1287 4928 5004 3391 2783 5231 1145 3251 4471 4192 7764 4997 5248 5419 2379 3084 4858 139 7461 1803 1501 934 3893 7624 6837 4143 5206 7939 1104 577 1019 7663 3503 4828 2934 3581 1002 3888 4292 5734 3966 4881 2615 2849 3767 6680 7203 846 2913 7460 456 396 530 2541 6380 2078 4691 
7092 6469 5379 1788 6081 2725 3582 4363 5962 1861 7404 7990 3538 2330 5138 6543 2091 7362 1389 4929 7278 3486 5763 6256 7191 1692 7514 3682 6461 6305 3341 3692 5330 2436 5985 2046 7545 6715 3548 3411 4144 1297 7586 3041 779 3559 2126 6782 7835 1049 7381 3128 3219 749 6080 542 1057 5867 5846 7392 4957 745 3371 6946 7414 5224 7730 1318 7112 3440 87 4839 3268 532 6600 6986 7597 3697 2716 1920 3086 232 695 3671 1078 7491 2540 1368 7449 3190 5257 3315 6574 1870 4273 3313 5082 4546 5947 6167 7286 2722 1114 6142 4861 6662 5331 1566 4301 3984 7515 3356 157 3165 4847 4379 3611 6329 6046 3590 807 1349 4526 1805 5838 1800 
7833 7329 894 5496 2803 618 1588 145 418 6386 6229 6001 7830 2134 3578 2603 3539 7074 5724 7400 6099 11 7075 7816 679 5915 4267 2405 4648 3458 3224 5233 1645 3099 6559 1736 2737 4055 2087 1541 6952 6902 3052 3392 6803 7691 6044 1715 3947 788 815 3397 6560 4871 5117 4038 1074 7874 4970 7886 3648 7679 4450 2231 4187 2816 4354 906 1652 7062 5401 4811 154 5024 958 5752 5089 7296 4182 5653 3220 1691 3625 1246 5180 5738 2755 2065 4555 5609 4283 5791 1117 6321 2989 6730 3235 2684 64 817 2189 7754 7948 6072 5895 4296 6423 236 3014 5549 7499 2268 6671 7061 860 4876 665 7256 1392 5561 7494 3131 5510 6887 
5223 6391 6588 7828 2100 5065 4168 3816 1471 2647 1827 5532 1900 4631 6074 7551 6152 6888 4397 2247 6075 1770 4002 522 1459 1576 3838 3146 7826 4823 4659 4706 4043 4745 4960 5603 506 7108 6785 2885 2389 1024 3325 5519 3782 5573 7423 5386 130 7964 1439 5087 3241 6821 754 2669 7453 7067 4935 6881 5534 567 4693 2712 5547 3295 2505 1184 2622 2547 3198 5240 7520 2377 1638 6954 819 2111 7315 6525 287 5075 4572 4880 3324 5992 2599 5153 856 7422 6535 1886 617 2898 7039 6566 7396 6544 3139 2742 2221 2306 1012 7801 7733 6242 3784 5249 5578 6168 5237 4859 2129 5427 1427 4877 4044 2351 7121 7866 3238 7606 6992 
1479 192 7443 1126 736 7017 970 847 7209 4479 1276 1667 2798 4006 69 7946 7244 4086 4827 3066 4047 4782 1614 5841 4539 6802 6217 952 6929 7358 5954 7475 2347 631 5558 2698 4425 5548 2124 7448 4211 2701 4328 311 3208 3821 6406 595 737 3662 1022 2110 1534 7349 1876 667 1737 2695 5468 6860 6729 4220 3553 784 7913 1269 6672 6158 4926 6903 4951 3436 6252 7188 5043 278 409 7330 6713 3415 6421 7510 3347 4777 6513 872 3814 4455 5157 427 4522 1657 1017 4900 4393 6389 7766 1806 276 7385 7722 3561 828 1597 4410 413 3087 3823 1337 899 5700 240 3030 1215 6241 1431 5366 6173 6696 3863 2424 2107 7398 4625 5813 
2376 7521 699 2298 4518 1089 2142 3700 5727 3427 5650 4908 892 2218 6424 1549 536 2719 6580 848 7053 652 5060 4241 1467 3495 537 1863 3033 2721 3657 6854 7673 2175 2837 5412 5202 7902 1497 3291 6645 639 5670 5281 2473 1615 6685 2990 6110 4033 6383 5896 6422 7233 7904 4921 202 4843 3244 3868 4004 6611 5829 7498 5119 6512 2269 244 7604 7781 7859 5938 4739 5246 4534 6328 7700 5144 4172 3545 2945 7654 7613 2075 3206 520 6023 5863 6569 1412 1963 2704 3796 6989 7930 1907 7470 5300 6565 2894 3332 5531 1326 446 1222 4259 4655 5869 7938 203 2510 6934 5355 2141 388 2528 4602 5736 1558 1290 3948 1599 4680 880 1446 2905 4906 510 968 2671 2574 4705 744 1218 3978 805 3418 7676 2827 441 373 1045 4176 4321 1780 1351 4100 4039 1987 451 6059 3864 1689 526 4251 2696 5073 3983 594 4405 2338 2554 5095 2767 4829 7942 2326 668 4556 2384 4529 551 4020 727 1753 10 2891 2193 4 6349 1466 766 3824 6384 6033 2887 2172 5171 5522 791 5227 3521 4798 1795 2614 7316 201 2909 5618 4223 6146 4262 6926 1640 1990 4742 7845 1913 3394 747 2039 279 1778 2363 5579 3147 1899 4574 3108 6302 2640 548 6185 4799 
7524 7522 738 1050 2220 3390 5142 3117 7795 3037 4167 933 5688 7992 7326 7829 502 730 808 5722 5337 7321 5216 7361 5644 5 5913 7440 1038 7478 6972 6894 849 4236 4158 3573 1707 5367 4476 7590 834 7668 2442 5022 3681 2863 1887 4969 4383 5748 7085 3097 4696 5556 1781 3801 6578 1099 2678 5595 5088 1890 3361 7935 2035 2893 400 564 517 5771 7235 6601 4874 2027 634 2378 1687 1151 4375 527 464 641 7136 5195 6356 99 6907 6911 801 5945 7925 3024 7340 4584 3531 286 1768 550 7583 1361 7037 347 5980 1893 2392 4350 5793 493 6449 5481 4966 6339 3905 2383 6145 1852 6043 698 2150 2964 3152 7647 4231 61 945 663 7502 3151 103 6428 6493 6103 7032 4195 71 5062 3675 984 929 1894 2917 2443 7917 5270 5830 5677 6901 2226 2276 1808 5029 3042 4361 7681 3522 7374 5999 7480 6545 516 7931 7848 5245 3334 5981 7341 4088 4717 989 7458 3873 5692 7413 558 1435 3613 987 672 2040 6642 2586 519 3558 1621 5959 6340 6756 6193 2636 2455 2702 5799 5487 4643 5076 552 167 5306 5305 5093 4838 79 296 7745 7923 3264 1103 1700 2068 2225 1509 417 4486 3161 1176 1679 5834 4001 6692 2073 647 1154 1493 5600 3316 4448 4235 7944 509 6965 998 5042 
6939 75 2374 4287 1206 1477 3075 267 1867 3309 7911 1978 3778 4792 3928 1009 3070 6932 6542 7677 5566 2251 1433 3695 384 6387 5372 4904 1584 5484 2676 7863 3617 6582 570 5373 4617 5601 804 6411 1653 3969 2160 7777 5592 1352 6958 7621 3603 2522 5008 5291 1333 2514 6656 6695 5361 4386 6063 7584 1453 4893 2555 4219 1286 5948 7058 166 3910 5090 1910 6689 6005 829 7994 3647 2116 19 3530 6980 7469 503 7916 5768 879 2105 790 7379 1698 4688 4996 1919 2080 3163 7055 2127 854 4424 7418 6439 6838 1348 4116 4814 1556 4580 620 5903 6361 5326 2821 5690 2856 5541 5663 3974 3015 797 4415 1858 677 3134 7525 2362 1296 1106 4263 6418 4237 1202 6808 6701 5474 5586 399 4446 6181 3766 4022 6488 3079 3113 466 955 2118 3006 4767 7513 2845 7627 2067 5850 7402 3841 7441 1699 5976 5491 1374 1533 3474 3554 7734 2462 5794 4153 3981 555 5173 1636 3373 1436 383 4683 4068 3064 5937 4458 6550 2440 1631 6199 2196 5050 4338 7237 1605 6350 6788 6419 6012 3377 4604 2146 4040 5462 2558 452 1158 1298 3005 274 50 7840 2156 1743 820 885 7086 3668 6397 7983 7827 4491 7706 3810 3689 782 4803 4769 7143 5003 7450 1015 6636 864 3126 7394 977 1020 
543 3156 541 6118 189 4323 268 6430 4869 346 6112 3465 579 5572 6352 184 1744 7599 1711 4279 5683 2602 6196 4903 4435 731 809 7984 147 4046 4320 6776 4665 1272 887 297 6615 6021 678 2955 2604 6348 5046 6723 3963 492 5358 1966 94 3643 1809 1118 2278 6178 874 4238 3575 6734 1227 2503 4503 4102 4815 876 3762 1879 3216 6492 6219 915 1773 7069 4495 6648 5129 5732 2815 7820 5275 332 5285 7264 6924 7576 3726 6640 1967 6335 1061 5122 2660 1152 4498 247 4718 6097 3709 5321 4637 2972 2417 6573 4567 1577 450 6400 4216 3038 6817 7952 1373 5754 2305 433 5543 4974 5034 7383 5920 3515 2309 4672 5747 3276 4137 3402 6984 1163 5660 948 844 2884 1209 3825 90 1474 5045 4689 5953 3385 4075 7792 7987 1279 5014 3093 1111 376 588 2359 4850 1933 1936 1948 2245 4368 3171 3987 560 7656 6025 1943 5056 5596 3469 4543 6667 2918 6847 1955 6050 1574 5882 3379 2391 217 4015 3925 6779 4527 6194 6811 822 3106 980 2388 7708 7084 2341 1328 183 7802 7265 62 5900 3420 6207 6251 7568 898 6826 5696 7889 2502 2835 7437 4629 2246 6501 4335 7008 6948 7528 5288 1727 4964 1142 591 3962 7489 470 2224 3459 6943 4062 3303 4083 34 4179 6753 703 4140 
7836 855 463 4131 1635 4404 3934 7516 2530 7555 775 3817 4513 4209 3544 3777 5104 68 7633 5416 4864 4207 5254 2914 4670 5020 3144 4787 459 3110 7941 5645 2052 1083 7751 1239 1941 6699 5280 3111 6192 600 6294 7932 6490 3447 2901 6177 2005 2668 5437 4628 4940 5788 7709 436 1391 6520 5946 5116 1071 6871 525 6687 5322 3528 7339 2222 57 5634 6754 3606 194 2857 1032 4105 3247 6551 2339 3080 2584 1931 4502 2896 5910 2963 7030 1385 6526 1655 5509 6509 1850 4268 4385 6365 5013 7370 4142 7778 4060 3445 6534 3479 7843 5339 3635 386 7172 1084 1010 2203 3818 4304 645 355 6643 2492 5433 5452 181 1340 6768 1090 4923 5575 5772 4577 4600 227 6571 3922 5258 1253 7096 7013 1475 4887 895 7293 7344 7775 2655 1465 4845 2322 6622 298 6187 1023 2618 2869 365 1728 4098 6896 3159 1496 1735 6613 4029 3939 2432 1604 7497 4936 3964 3898 4933 6206 4341 6366 1257 5814 3892 5599 2401 1969 6639 7954 1826 539 4081 583 2450 1721 4875 4802 2460 1777 412 1025 1234 6125 3360 3594 1527 6267 3287 2771 5033 2147 1973 5783 1132 3911 22 3260 2575 1093 690 869 6593 1505 3472 6212 4253 2970 4820 1756 2312 7338 3537 7109 608 5210 5604 6319 323 3884 5349 1839 5955 4863 7343 
2883 4521 3858 6978 4519 6819 4794 814 6385 6931 5454 111 2256 1204 3388 3271 7711 1237 7789 5878 6619 4552 6346 1550 2877 7009 4163 6381 3461 5211 6426 102 7815 3651 7317 4500 444 3228 1536 1161 6957 6777 3057 951 3798 7161 3915 2940 4813 5047 5398 7386 4121 3731 2015 1937 6344 4609 2386 2163 4297 46 6999 1617 4347 5467 3996 4932 4999 4612 3088 6414 3452 1052 2506 6200 995 4679 4417 5168 7175 4817 272 1832 2711 1219 59 1456 6707 7487 4723 4027 2453 7197 16 3358 2582 5091 6487 6431 3484 1573 5711 5183 2790 2036 1694 1525 4606 1495 3982 5832 5204 3059 7094 175 4701 5894 778 602 1712 7 4832 7064 5146 7683 5201 4485 2900 4507 7796 7809 783 4946 344 5316 5128 7871 5582 5511 5123 2596 7580 7198 3831 2457 3008 120 6747 4884 168 6990 1131 7429 941 1251 3547 4770 1487 7052 6388 4117 7975 3883 7773 5786 1847 1095 3508 1560 422 7068 434 4120 2274 4477 4399 4166 7318 2469 6967 5589 5287 2304 6628 3763 1758 6750 6223 5011 7195 3454 3412 6174 5859 5823 432 469 4819 6930 6111 908 5544 3693 7455 1449 938 5175 3560 4721 1874 1137 2562 362 222 6758 1704 786 6592 7139 5583 1548 6263 2770 5678 7749 3923 3941 4096 3833 2987 5198 357 7689 4452 4590 2367 2229 2480 1016 2675 
6393 4989 5145 73 5691 5221 535 5143 4716 3148 5293 112 4909 2608 1906 6814 2959 6268 3304 2140 6858 2017 7824 6113 7634 7399 258 1116 2409 7048 2564 648 497 3072 6810 1029 4788 2355 1200 6216 6153 2637 210 5757 4266 561 3213 2356 6880 328 2239 7465 2746 991 2054 3302 4901 7319 2561 2592 5798 5478 5623 5899 1762 2113 1528 1060 5888 7885 2425 2932 5051 4074 369 7693 1463 6065 2807 5654 4973 4778 6317 1754 2010 5441 4177 2612 4883 7799 7002 6920 3765 6088 2851 251 4181 2357 3137 762 2375 3367 4130 3098 5637 6673 6275 671 7665 6066 1915 1538 2192 2578 7466 2570 6126 2387 4634 5190 6491 5570 3861 4017 2501 6132 226 7207 624 7920 1675 443 100 5374 6974 7229 6591 1881 7546 2499 266 6522 4048 3432 7900 2947 4139 7452 3129 58 200 6706 1407 2806 4867 4205 5524 1179 1660 7861 3168 5284 3281 1192 604 1409 1964 7978 7507 3290 2042 4078 1201 4366 285 792 1214 2315 1223 2895 851 1972 3298 571 6652 4809 6076 2037 6280 7000 2187 7759 3586 1444 7630 4418 7529 36 2185 2289 6813 5253 3239 1484 218 4067 4457 635 3282 2731 89 1076 5717 6497 4313 3650 3473 5228 5276 2965 2931 5505 4018 587 2519 3550 2463 5271 6914 6324 4019 5934 5132 3044 6749 4469 2117 
6471 3078 3429 5299 1593 5925 6039 2259 6502 6897 7794 4050 7482 7680 658 7088 6780 1008 2680 7755 5371 1355 7243 4708 302 4944 1822 2364 2370 7907 7595 141 2642 3383 2331 5451 810 3930 171 132 1317 3876 7044 2238 2745 7464 3252 4773 5319 4423 6266 7309 260 3214 5671 7660 1547 7865 299 5545 163 3645 1567 4698 4651 4971 6208 1970 4776 3130 6796 5420 2828 5155 6484 5197 5849 49 4963 7927 7955 6161 6092 2977 3158 7643 3904 4623 1109 4853 1815 5395 208 1993 6807 425 2860 320 2777 1261 52 5048 6331 7899 3956 3991 74 7080 5282 5538 4528 1685 5651 5963 3319 3102 1331 6314 5000 4428 1053 6271 6766 4575 3937 6011 2878 4295 6964 7819 2588 7332 1864 6115 159 4265 3730 4939 7644 7842 2371 1062 4226 3919 6873 2950 6399 2544 7926 6301 7006 6720 6889 3081 2437 1212 4042 6527 1273 5160 3597 1153 3992 1207 1028 4965 3181 3398 1747 3178 4561 2050 5770 7619 6238 2833 7376 5625 2489 824 2332 3815 3051 5872 4889 4400 2215 6054 6213 544 7246 6655 7252 391 4806 1626 2814 6285 6008 6540 5951 5973 3615 4239 7416 2658 1688 5500 7979 3321 352 5969 6865 4118 903 3654 7178 1922 5188 4725 4785 5877 3317 7333 2380 7242 2234 3494 5565 6563 729 2034 3533 5990 6748 6831 3434 
465 6510 6937 2064 2688 2181 1476 2998 3192 4636 6156 3270 7912 1783 7248 2919 2646 4630 3739 7282 769 3382 496 1003 6815 7750 180 1668 6698 1590 4709 531 966 2447 1935 5996 3417 7596 5124 7005 1848 2043 4203 3618 1030 4890 2550 4306 3331 1069 1225 221 4540 3994 3653 1344 7105 2982 826 4230 4804 5194 3478 5576 6882 1918 6960 673 592 7272 1414 2202 3140 7537 7001 1697 350 2311 155 2066 722 4456 605 6253 6757 2726 5924 6010 5594 3670 949 1308 5425 3960 2045 7024 7570 1451 1425 6283 1846 5247 875 901 3289 6214 7587 3077 448 3683 394 1971 7406 707 3865 7016 3854 121 5036 7101 6700 7135 1897 1513 3724 5365 2076 5387 2372 7357 5304 7715 750 2104 131 3961 3120 7137 3792 6444 2164 2861 6220 4212 6318 3632 7864 1248 961 149 4995 5235 7471 7051 5638 1613 3744 7442 1738 5647 5881 5855 4956 1413 1643 4256 3496 7162 3678 6511 1959 2583 4449 4984 2427 3405 2683 393 6479 3217 6759 7390 7744 7312 5518 2466 7753 6496 2956 4010 2664 2749 3004 2333 3677 1388 7100 4157 5423 7901 5214 4356 7221 6437 7685 4647 2069 7784 3381 3048 4569 5744 2012 6281 2307 3477 937 2576 2975 4915 1115 7022 3746 3867 430 1722 2390 5622 6554 1878 6476 3572 3789 7772 2186 1544 
6120 7134 5067 4365 3819 2610 307 4986 7602 4128 2454 1633 6624 6861 2491 7872 2992 5649 3115 3694 2451 2369 2290 6697 7512 5806 6108 4593 6308 6581 687 926 5133 414 420 5840 4578 4242 5718 1902 2394 5607 7908 1342 7504 717 4579 3136 3408 172 990 6996 6607 3292 718 6032 4735 366 2093 2717 6247 4472 6481 1539 7690 4464 1489 439 5283 3634 6403 1372 3803 3567 1112 7389 3938 2594 3275 428 878 6845 88 6629 2672 6211 6221 6027 4913 3236 5831 910 4918 6244 7501 4576 4619 2751 3406 5854 2882 6587 6690 7661 1612 3414 4676 5559 515 4762 4454 4272 3640 1517 5152 4325 1564 2266 1363 2205 3284 7803 6935 5828 6404 2321 1358 78 6850 5590 6733 2625 337 6717 638 1669 3607 911 2092 861 3307 3753 4348 2866 1140 2072 4627 3430 883 2645 7159 2418 3591 6284 471 6106 7653 1563 4093 2145 5212 6557 7481 5185 863 7770 2223 3786 5687 2320 5465 3246 1462 3318 6555 3103 7057 4026 292 1719 2957 5635 6165 3463 3580 2248 7936 6343 4894 6070 2476 5848 6355 5950 3990 2937 538 4257 3435 2285 5344 318 6982 6007 2324 7281 1938 6407 6436 5795 4447 942 7451 3399 2537 6735 4760 4122 6579 5315 3667 5071 3143 7884 5539 7723 6602 6904 6774 6797 5756 2757 84 162 1934 5978 1977 6852 612 2468 6320 
6549 1869 6936 7914 1594 1518 6040 1125 3076 6975 2571 7287 5377 7126 3426 7950 7873 4084 7405 4825 5415 3890 4357 7867 5956 6504 6459 3929 2174 7707 1746 5099 6654 960 303 6450 54 7473 6528 2199 5094 4071 5865 5529 5991 1420 2512 55 2707 289 5944 7192 6841 3029 1274 5827 7066 4570 4414 4355 6843 6804 2464 2152 2670 7116 1812 4687 4622 2516 3296 1307 935 1999 1609 2350 6367 1180 2183 5470 2690 7547 6131 4094 676 7849 7813 3718 2773 1889 2088 7076 6556 7882 7331 3701 2084 992 684 6829 7934 2063 7041 4571 255 2197 6530 581 5729 7375 5807 5074 308 2344 4949 4892 5672 4290 6548 4910 1759 14 5352 4722 7669 789 4666 500 7541 2781 1741 3476 3542 4728 6708 2752 2131 7688 1819 4992 3164 4126 5989 5648 1491 4059 1994 7959 7213 4254 42 5914 5404 161 3519 1925 2515 5023 7020 7346 5864 295 2616 7591 2482 4070 7961 1546 7042 5229 6805 2794 7307 1916 1682 6067 6552 7922 5440 3352 4834 3652 5745 3866 3095 841 2060 4438 6772 5853 1569 4377 5931 6630 4429 440 1026 1883 335 5540 4642 4413 479 7554 7359 1995 3443 5617 6836 4512 2484 314 7255 4703 4759 6402 4291 7065 1610 3221 1406 1172 1197 3026 7026 6909 2385 275 2952 7160 1678 7694 3083 3872 7928 3355 5643 7724 5739 
4950 7095 2881 3195 6744 4248 345 5455 6273 457 7249 4362 4791 3661 4943 5844 930 4752 7439 6073 2173 3811 1589 1198 4826 3967 4509 1238 5217 4865 3501 6660 225 2715 3345 3813 7206 249 3222 6576 5334 4392 1824 3642 7752 7308 4695 4501 3487 2433 2823 7231 4589 3370 3409 7036 484 4082 7495 6141 6453 2834 3138 884 4152 2280 7350 7155 2230 1266 4661 3060 1336 7810 7898 1637 1960 1793 2165 5186 3959 5303 5743 974 4654 6562 442 2740 985 7562 2006 4768 5208 4922 3449 1226 2071 5269 2435 5520 918 2868 7601 4155 164 2261 6955 7856 3328 5105 329 3245 3172 1885 4025 2400 7267 3943 996 6495 2465 2769 7388 2995 6128 6786 1730 3568 3259 6447 4917 3783 3942 4421 1663 4065 2648 5114 760 3123 6093 3485 5492 3242 7181 4270 3346 4334 5380 5797 4780 5998 773 7578 7454 666 6045 1519 4390 1708 597 1262 363 1397 1507 3022 3805 3320 6883 3407 382 2047 1426 3308 1129 6233 187 4488 207 1838 4912 3788 1228 5580 4332 2423 4712 2488 6784 4049 4432 7364 4054 6327 2216 2421 578 1036 5916 1332 713 825 2497 6987 4317 7728 179 6228 5327 3160 557 2108 2523 3199 7295 7650 1817 4746 4200 6290 5409 5526 1951 1405 2714 4941 197 3906 6675 4101 2207 2654 2328 7334 3901 6107 3225 6597 7918 1098 4837 378 5695 