144
































































































38 26 162 























75 73 67 68 69 54 55 65 46 49 52 53 41 
192 190 184 185 186 171 172 182 163 166 169 170 157 40 
72 51 2 159 120 174 176 57 59 95 56 39 79 
0 1 3 5 8 11 12 17 25 29 173 156 48 158 
189 90 129 9 96 98 18 27 4 
153 151 145 146 147 132 133 143 124 127 130 89 78 80 
114 112 106 107 108 93 94 104 85 88 47 24 131 118 
150 168 81 15 135 137 20 22 
6 183 42 82 181 21 16 91 134 117 119 
111 144 160 23 60 28 
180 19 43 30 44 61 
63 154 121 177 99 87 92 
141 187 86 138 139 
35 110 142 125 126 
102 105 13 164 58 50 
77 74 109 70 178 100 
32 33 188 7 165 34 
194 191 14 10 136 101 
116 113 148 83 128 
155 152 103 64 84 123 
31 175 122 37 140 
76 71 97 36 62 
115 161 167 
193 66 149 179 45 