72
75 804 1988 1968 1985 595 1369 251 890 1802 939 755 274 1649 
1359 1779 1364 1876 1694 1581 52 13 1526 984 196 245 
150 974 1728 1057 1447 745 1486 1062 500 968 1349 1271 
1935 194 862 1595 893 14 900 448 1743 1181 
1662 506 973 1603 212 1113 372 1090 507 831 1054 869 
1038 492 1283 511 554 910 1530 193 1702 64 1975 300 
999 1052 1441 1932 907 347 754 24 1269 304 530 128 
1623 1091 620 1751 461 1131 945 1218 61 647 
35 389 1793 1291 1607 1790 1067 1524 819 828 690 
336 1871 698 1022 1525 7 521 1072 768 1172 
1896 1247 1634 1373 589 1262 1429 538 388 1392 
843 1169 896 1478 1768 125 677 1602 1097 1505 1644 
1320 102 1715 1400 1110 1464 1460 918 86 195 1078 705 1803 1834 591 
894 453 545 870 486 866 932 905 880 638 1075 1699 1494 1119 1952 
1827 1740 701 116 525 567 56 659 1881 27 1738 812 1836 479 959 
1398 765 32 1539 1541 979 815 854 950 1496 1670 1039 1016 713 
777 219 1701 584 213 57 1970 1542 953 164 1452 1474 1212 1045 349 80 573 
306 882 1832 1032 1463 503 1776 1408 1886 627 661 958 1797 50 62 
1203 1194 1130 1461 176 1412 628 1971 1462 1904 911 1136 149 1718 1951 
969 531 1754 837 839 1538 1074 1564 733 1748 741 499 373 1610 84 
1164 180 1637 471 1656 215 1720 940 895 355 269 505 1377 622 1678 1600 
1440 1233 1559 1017 798 1034 1031 1651 784 844 516 549 409 22 1431 
1788 1077 1325 1046 954 1658 481 49 797 1019 58 1691 789 1211 998 
501 1584 155 1578 645 485 758 1894 1884 560 454 1680 1640 898 
1635 1281 1428 1598 96 1177 1609 442 1230 1213 823 47 1156 1755 961 1487 48 1922 1683 
1128 153 648 935 1221 993 673 446 528 706 411 1051 1384 110 477 248 51 1938 474 
621 1857 141 1676 1851 1422 1892 1687 719 637 524 1343 663 1911 1638 365 824 253 413 37 
270 1467 1350 1208 1617 611 592 286 177 1425 1252 1621 83 711 1123 1348 470 920 1250 
1086 687 1481 428 1383 923 556 1300 138 476 858 568 1842 1948 1514 1000 704 144 41 
228 738 736 1818 1949 1910 876 449 1375 329 1577 466 490 799 1660 1409 780 1270 1220 981 
1284 1593 1155 740 291 98 1580 255 443 113 1758 1579 278 987 126 938 1878 1254 
1983 267 414 818 233 1890 1344 410 761 333 1339 1347 376 217 1535 1643 1838 396 1912 1704 
387 385 1389 1286 1013 581 564 566 751 1659 1655 1443 1418 305 1613 1485 427 1571 1444 218 
1206 1204 1545 375 779 330 252 472 1035 1088 134 883 161 1007 87 772 1405 1626 1883 
1515 73 960 311 74 1149 1736 1893 216 1737 606 633 975 1943 1299 1234 1020 1484 1977 
933 1974 921 857 174 1307 1697 875 1061 451 1969 1786 578 90 1296 1423 937 1895 1756 
1830 189 535 536 887 1395 498 483 484 1157 826 397 166 517 1222 1712 944 1455 1909 1143 989 1563 1774 1631 142 1253 1688 391 314 206 
231 229 618 402 418 1863 1653 1875 1692 1693 1342 143 358 205 676 316 1573 429 181 1543 282 232 331 168 1870 597 1115 1605 1973 986 
660 658 775 457 849 834 328 1898 865 163 1453 1180 996 325 277 983 565 1647 1104 315 1214 1794 321 1326 374 352 1956 1328 
192 465 463 1276 809 926 77 1537 681 416 943 1112 712 1807 208 398 1907 1053 473 978 649 26 227 1285 607 635 1353 284 1337 
1167 1362 1360 726 93 285 1040 1781 982 1219 1304 971 723 1681 1096 1767 165 604 909 1833 1936 382 36 899 378 1522 
582 579 258 1588 1589 1590 1929 1196 280 241 1648 563 23 840 438 1065 546 1747 480 1806 1228 1491 117 508 1844 105 864 
1047 1632 892 930 129 107 1520 731 732 717 718 720 135 790 1963 130 1100 776 827 646 1168 1591 897 1972 1987 820 279 786 587 
426 384 1506 63 1824 1403 1305 1071 514 400 793 992 394 441 156 1162 734 1597 1404 122 97 357 240 976 1839 
1596 423 1311 1116 350 1734 1411 644 127 1261 1144 542 957 1475 1819 1006 1435 1813 1923 1241 234 1338 1025 552 40 257 
504 774 297 609 1442 1500 642 1268 995 1517 1868 1421 152 688 60 724 1397 1760 81 1675 1891 1275 313 963 1583 
972 111 931 1272 467 1049 15 369 1073 917 1729 515 801 1448 1273 529 997 1416 934 551 136 1917 1722 803 665 
1008 462 570 623 662 447 65 1775 904 1417 1967 1885 1798 1085 1914 1209 1709 906 1682 324 1741 435 1293 1310 674 
1905 1516 1399 1472 1316 1512 1278 1927 1146 1459 874 54 1723 603 21 1814 1499 1815 1841 1439 788 1482 1599 131 100 526 1930 360 42 1192 1314 708 335 1137 1154 
1944 1555 1165 1393 1082 1005 459 1434 873 249 1771 1773 1060 1619 1882 1556 99 914 1127 1521 967 1847 1246 1942 1309 590 1764 266 1260 1249 101 548 469 630 
1713 1321 1003 886 1160 614 1614 639 1107 952 1430 787 439 956 95 602 1534 1334 512 1630 1730 337 344 707 415 929 1111 856 1176 1805 518 1544 1566 
6 1125 1667 692 67 1355 1356 1508 367 1450 1372 605 1646 632 1183 1322 28 1897 1501 298 1825 370 1324 695 239 1332 1782 885 1158 236 
1671 1710 808 151 8 11 991 1313 1118 377 1695 322 173 386 308 247 1877 1014 220 198 532 1618 778 1780 71 694 791 747 235 1727 825 
345 583 190 964 302 537 1887 1809 1341 1274 1703 915 829 1924 1616 1620 1759 1763 464 9 1240 1650 510 209 616 1787 1955 994 45 846 781 947 1197 
1518 813 1282 1159 1432 770 576 1849 445 1810 133 1255 1190 1151 1919 1568 710 33 889 936 1916 1267 1436 766 1565 383 1513 1335 1098 1132 222 34 1587 
1089 1 307 1437 224 965 1317 1302 951 1859 689 1079 1801 1258 634 1772 290 1490 1217 1191 2 1826 750 390 148 655 1202 760 393 1488 729 323 586 1561 
816 1554 1861 1198 1511 1902 1965 1966 147 132 601 1528 1502 1141 1889 680 1529 836 559 230 833 948 1792 1150 1468 805 243 1962 1657 362 275 534 752 1371 
852 970 1315 1628 1199 1926 381 1770 1264 1576 1266 1099 124 88 879 715 1451 1685 684 170 287 1808 555 1248 1686 120 1379 1504 214 1800 608 1406 743 1210 
543 541 502 1120 185 186 1122 1575 757 1489 1812 748 641 1166 749 1690 872 43 1095 629 1569 334 1319 351 783 1201 547 908 1094 118 669 
1323 1866 1633 1627 5 225 210 756 1186 1840 728 553 985 1070 949 1148 359 1378 1933 716 1026 1540 739 39 1312 1251 599 686 491 1427 1856 401 
1245 1243 1237 1711 1940 1744 379 1394 342 145 966 795 1419 835 1147 406 650 436 1138 709 722 371 871 30 18 434 593 520 1954 31 519 1413 1572 1920 312 109 317 1641 714 115 265 850 1546 1173 1280 672 76 1055 183 1661 1873 1466 339 1288 1059 1041 1739 
1947 1945 853 1042 847 1978 735 1004 653 380 1083 1785 288 1654 94 69 1069 1918 1820 962 85 631 1726 293 1765 1336 832 1733 19 1811 1829 432 1058 425 1677 636 188 1106 955 746 1560 1716 817 175 802 1426 1358 666 1182 1585 1445 123 1483 764 977 318 1548 296 201 79 
855 1477 1939 340 1043 1238 1783 1239 1354 810 1200 522 927 1732 172 221 884 299 1391 1879 29 433 946 244 1846 1109 1495 671 294 1256 1903 1292 1056 1507 1114 792 1012 139 919 468 259 1708 200 1845 785 395 103 1981 53 1189 4 1064 509 742 625 1388 1449 1665 1817 1899 
1986 309 697 1087 580 268 1822 1979 1668 1706 1551 888 68 171 1615 600 1108 1001 1227 1294 1606 1229 878 361 1265 403 1018 1854 901 364 1698 571 861 1287 1301 656 1696 204 1170 643 1982 1636 700 1816 1153 493 1117 363 1257 877 1860 430 1527 1142 924 1562 842 162 495 1193 
1242 1672 1009 1900 223 848 496 1473 497 1497 1458 1030 12 796 912 1235 182 25 1352 1843 759 1531 488 762 1928 1295 1244 272 1152 737 1533 980 1318 159 421 1365 763 1652 92 1370 404 1663 1753 1574 753 822 399 1345 1306 807 557 1215 140 1367 1015 596 725 179 1327 
1908 1869 1906 1750 891 1549 106 574 925 458 108 654 678 615 1225 1381 1469 1625 913 260 1762 1684 283 59 437 1027 16 1850 1724 199 1837 1642 1446 1925 1374 539 1092 154 1163 1028 1855 773 1950 292 851 431 685 1179 1953 1002 1376 903 1133 158 782 1076 569 392 353 
1050 699 1048 1984 1828 424 1510 72 613 730 263 1161 146 444 405 523 17 806 1957 767 1921 1960 1297 800 281 1612 1139 91 368 460 1135 1205 1457 1330 1964 78 1721 1719 1140 343 1036 577 1611 354 1101 922 610 1184 675 588 44 1874 703 417 1259 1470 452 1821 1236 119 38 
1479 1011 696 1749 1126 619 1901 1550 1745 1980 303 1224 1536 561 679 1976 104 572 202 408 1492 1424 527 169 254 121 1105 1308 242 867 1465 727 482 1552 794 226 1669 178 237 1858 1864 1519 1689 744 617 1351 902 1959 1175 356 664 1232 1778 1171 1700 1532 1835 261 167 1934 
1674 114 1401 112 1594 1438 1705 769 1277 1629 1848 771 1380 1303 289 640 455 1188 1586 670 475 1024 1333 1804 478 1346 489 988 667 1066 238 1958 550 1872 1402 276 1223 326 1608 1195 1145 256 1865 310 295 1592 594 1363 928 1207 70 1961 513 1795 1639 1080 612 881 1796 440 821 
348 1752 1791 657 1666 1789 652 184 1941 419 1784 1746 420 327 1263 1888 1664 250 55 1021 319 683 1414 1063 1570 1880 1187 1915 407 1946 1480 320 1010 1553 624 20 1023 1033 1714 941 1387 682 1134 1129 1624 1582 1831 1799 1340 668 1390 456 157 1493 1913 942 1757 1410 1766 1717 1037 
0 346 540 3 1081 1862 1044 1823 693 1433 990 264 1498 1937 562 1742 338 845 494 1645 1567 1853 1385 46 1456 203 1382 191 1386 160 1673 863 1084 187 811 487 1769 1290 1735 1558 273 422 207 1124 1852 841 1368 412 1725 1357 246 860 1454 859 626 197 651 1622 830 89 1093 
1557 1476 1867 814 1471 691 301 341 262 575 1121 1029 1707 1731 1068 1185 211 366 1420 1547 533 1216 868 1931 1102 332 450 137 1226 82 1503 1178 1174 1361 598 1407 1604 1777 916 1231 702 1396 558 544 838 585 721 271 10 1279 1329 1331 1509 1523 1761 66 1601 1289 1415 1679 1103 1298 1366 