144
110 
577 
616 
766 
929 
695 
461 
142 
851 
487 
71 
883 
187 
811 
493 
201 
218 
474 
140 
725 
296 
491 
513 
803 
924 694 864 
183 304 
378 643 903 
651 204 
495 955 
339 850 
38 578 240 
105 103 
456 805 356 
846 967 838 
261 961 
963 746 62 
66 253 
222 724 
573 421 881 
534 181 
768 175 
885 122 682 
376 
188 413 
217 
649 452 
382 608 
529 84 
584 415 78 
77 968 451 
311 890 278 
32 473 633 
895 460 335 
505 617 435 
583 500 551 
466 499 799 45 
700 344 
661 383 959 
154 136 87 
193 532 298 
739 905 825 
778 655 610 
427 305 370 
144 441 13 448 440 
76 109 337 630 
310 656 178 
519 14 331 
636 343 669 
31 721 10 34 
934 395 752 
690 707 401 
817 409 292 
180 622 550 567 958 61 167 
258 363 900 208 719 604 596 
687 232 773 957 668 156 245 
726 792 220 255 750 906 742 
102 807 784 922 647 
492 467 464 733 671 590 942 
297 675 539 749 26 37 
882 870 589 758 139 663 118 
648 417 734 476 918 741 947 
765 948 723 212 434 50 
375 350 645 863 20 859 
921 271 588 515 824 869 
570 2 526 277 477 360 
219 168 42 433 23 412 469 
609 909 265 450 209 396 
233 831 355 763 128 
155 612 422 398 629 
272 324 214 83 842 
545 729 727 259 195 518 
428 558 266 941 565 557 
818 815 901 86 512 552 
116 760 632 161 
740 285 200 177 711 569 
194 191 688 507 123 
969 506 74 705 315 514 956 164 828 479 899 
114 753 308 471 564 176 754 858 351 197 
621 619 113 527 127 294 568 546 743 
306 597 227 96 125 680 638 257 908 
189 207 744 761 517 281 282 206 782 
582 129 822 215 566 563 585 279 
738 935 932 511 238 683 320 867 179 
774 90 121 138 840 368 438 323 
150 402 9 706 722 715 520 97 704 
852 974 971 528 667 242 243 521 508 
735 349 432 203 684 827 317 713 547 
267 701 698 226 862 99 672 599 587 
540 480 33 393 762 879 606 100 747 
111 388 149 940 489 454 334 920 
228 115 861 82 98 95 295 36 
618 623 620 159 216 372 373 786 
579 896 893 783 628 411 60 555 635 
843 51 81 472 316 801 256 101 
960 856 354 160 788 490 516 79 
414 714 276 524 554 880 571 674 
531 300 627 823 359 70 591 
453 544 237 710 944 877 318 
35 389 386 549 394 43 844 812 626 
804 973 538 19 333 702 48 830 
816 814 457 497 693 69 444 54 445 260 455 436 322 286 170 27 430 353 
75 73 964 67 458 263 303 264 288 172 328 182 65 46 361 247 18 248 781 4 
348 346 931 246 808 809 186 11 249 250 55 338 319 283 29 364 53 898 352 
699 697 886 262 692 380 342 381 327 12 289 299 241 280 244 439 325 326 365 235 
0 1 424 418 185 68 849 171 366 835 17 163 166 829 832 442 833 860 820 
972 970 340 691 341 810 951 873 874 367 377 837 25 49 52 897 287 236 41 
192 463 268 301 887 926 8 927 952 962 845 358 917 914 559 950 443 119 664 
504 502 385 925 302 459 834 912 913 884 915 826 839 836 47 273 755 374 275 
426 307 496 847 5 107 108 795 796 806 923 291 88 946 169 126 92 928 274 
894 892 112 379 848 966 888 678 679 689 670 943 293 290 949 624 399 802 313 158 
345 657 3 965 613 614 93 484 494 475 787 57 59 676 390 780 28 470 157 
270 853 580 106 419 498 483 615 600 601 611 530 865 868 16 437 39 58 391 509 
387 190 184 652 653 420 405 406 416 889 15 673 866 173 677 7 902 665 284 
777 6 775 769 770 574 575 576 561 94 104 447 553 488 556 485 117 819 785 196 89 
855 153 151 145 146 147 132 654 639 640 562 486 904 907 481 91 482 872 64 686 548 
465 696 658 730 731 732 771 756 757 135 572 85 239 790 910 871 716 945 789 80 362 
309 930 662 230 717 133 143 650 252 631 332 641 875 24 607 560 938 821 
933 384 857 776 854 718 728 642 876 397 603 449 793 797 911 794 321 357 431 
72 541 535 536 537 522 523 525 767 124 330 478 592 21 251 403 598 131 165 708 937 
543 813 336 269 347 198 533 709 954 798 878 634 446 953 468 312 919 703 40 
231 229 223 224 225 210 211 221 213 745 408 137 369 134 371 637 594 936 916 625 586 
660 891 141 425 659 120 199 720 748 254 751 595 407 56 30 429 841 764 22 
501 736 779 152 581 510 666 759 772 681 712 410 800 605 130 602 685 44 162 392 
462 423 63 737 542 503 939 148 202 205 174 644 400 593 329 234 404 646 791 314 