144
2099 6874 1760 934 5410 5492 8717 969 661 9811 7469 4869 3679 7554 5058 4775 9838 9713 8600 5013 4030 2888 2966 9170 5443 131 4706 3656 1341 831 9356 7503 945 6782 2814 2102 8057 
1824 9609 2710 3917 7917 5494 1069 1161 7761 6762 6711 1287 5229 8804 1833 2075 905 6188 2875 3188 5251 1845 5264 8113 4955 1826 2606 4756 3797 9326 3503 4690 3945 5064 1907 9427 3682 
2324 7884 7885 6610 1010 9211 6819 6969 511 9969 6887 3483 3383 2963 8680 3400 4525 2713 1863 870 8538 2553 2501 493 1066 7943 6516 6039 2253 4943 2889 9321 4252 723 57 
6699 9284 3984 2867 3236 367 7292 5961 1636 6336 187 3729 7808 9558 7408 2355 5363 4705 1700 2230 9588 3700 4770 8601 5722 9218 8266 4001 8014 9497 8693 4665 5164 5902 7773 3727 
4649 6574 7785 5009 1034 3135 9344 2744 5044 4144 8469 4511 6704 9954 9029 9408 9530 1100 3000 8138 2513 2128 7526 6578 6865 6439 4620 8028 2166 3420 3172 4056 9789 6478 1896 8698 1652 2057 
4674 4849 6535 1085 7717 9592 1967 7592 1594 9837 2154 2879 3133 350 9930 80 7238 9950 7325 1675 7680 9375 4851 6597 9926 7426 2276 7006 9431 9647 7497 7839 7271 7902 9948 6557 
1349 9674 2359 4792 3442 911 8067 5561 8112 5204 2583 4504 8433 8458 2613 5980 2025 1905 4853 8205 9813 2622 8353 6406 3168 4753 7163 9563 93 4097 3370 8502 4648 7102 
9124 7074 3149 1335 6085 7942 6011 9611 5069 4344 1987 3579 3529 8333 4200 2130 9050 1963 3138 688 1688 7405 147 8075 4997 6014 4403 3145 4572 3472 3128 7868 3628 5195 2181 4473 6727 8952 
6124 6109 159 110 9642 7317 6594 6611 9494 1419 3719 1379 2279 3108 1133 7305 4830 4150 3350 8300 9131 4990 505 4905 4701 7731 7316 6206 1756 3890 4678 2314 9818 9178 4503 2832 8577 8007 
1474 9734 2585 2761 610 2435 492 8344 3144 3636 7154 8154 6329 408 7058 1075 8763 3775 7338 8050 4866 6941 3570 476 7728 7220 1920 1747 5801 1328 5193 9672 2816 7081 3402 7752 
2149 574 4134 5835 9219 4119 7861 137 2237 1629 5879 3858 4788 5650 9738 1555 9205 4225 2028 7076 2000 3068 3220 5497 2101 9318 5566 1716 578 5552 9352 527 3952 
4399 4084 1360 117 6061 3886 6062 5794 219 8779 5329 5408 1858 7488 7225 4555 6338 105 3566 3664 6288 4401 6103 6939 3738 9228 1164 4340 9247 8841 9056 8382 4873 7977 
599 6959 709 8367 2492 4619 4061 5786 6186 2894 1354 804 6354 7583 463 1400 975 6038 1988 9278 3670 238 8351 600 4006 43 3626 1265 1103 6989 591 873 4652 2777 
8949 3210 9009 3460 2792 9417 336 3792 1462 4404 5579 7229 8108 6883 2375 8975 5225 330 8013 9663 6864 290 3578 103 356 201 6465 9681 8528 3928 1521 9346 6698 3307 
874 8474 6760 3244 3667 8719 2919 1819 3086 2362 2354 3704 2125 3250 7388 1575 8125 9531 8001 4500 176 3026 1766 6853 6114 5756 4228 2001 2522 5577 548 348 7048 
124 1024 1284 1617 6992 6169 8194 7244 7486 7929 8054 3975 3933 850 2755 5230 9841 675 31 4418 6176 4781 6456 6976 9901 7676 5956 7628 7347 2803 1816 8852 2227 
699 2924 3084 392 4392 3635 6386 6211 6194 7012 9104 258 708 2413 9705 8850 1125 730 7650 3553 6222 9828 6868 453 6226 5031 5576 1765 3268 1216 5893 2948 3146 3348 1471 
8149 5992 1492 1067 2917 7644 1386 8519 6129 6654 1029 7458 3650 4725 7333 7625 2008 130 2275 3938 3895 5330 4064 9890 753 2591 6826 9081 4043 1141 439 4098 8457 4523 2546 
2724 2709 5024 9559 7860 5436 8569 344 3694 2662 3512 54 9283 2205 9475 4075 555 7430 9165 4172 1938 1443 4276 6945 8018 7947 8265 3414 6356 9702 9823 2121 2757 
8174 9599 9584 4185 8810 6917 3836 2036 1136 7029 1183 3433 1725 208 6413 3850 1155 5788 7888 5375 6943 1841 2395 5578 8216 7522 5522 5928 7665 273 8346 2407 
8324 5435 8585 3385 185 6444 3494 7994 2044 1154 1804 8933 9730 9805 8058 7475 1205 7288 6397 766 872 4251 3151 1922 456 1616 5520 7764 3796 5352 7527 2723 
2299 4999 4984 2909 4235 4242 5242 9094 5361 5394 3054 1404 9379 1463 7200 6550 7750 5755 8188 2420 7743 3838 1251 4440 991 1901 9016 2597 7170 3582 6327 96 6771 
2174 3674 6734 6735 4592 6436 6044 4636 4861 6029 8654 433 3633 4855 7500 4305 5963 4995 5268 7315 1828 6901 3501 3468 7068 5326 7893 403 8548 9557 3771 
9724 3734 8059 6360 1567 5194 6936 7411 2979 7783 7358 2283 6680 7738 8475 3830 775 9878 4715 4697 9676 5595 9025 8391 6045 5978 8651 6614 5246 9423 898 
9474 9459 8674 910 6685 3860 5060 8961 5892 8587 7136 512 3787 6504 58 3008 9330 1630 3750 1255 3075 2616 9322 4156 9276 4051 9751 1620 843 9906 6891 1378 226 8593 7991 3921 9073 2982 1273 607 
8749 8224 1484 2560 4442 5917 6460 6092 7786 3642 9794 619 1329 6729 554 7283 8363 8200 5605 15 1588 1730 4568 3028 8576 7203 751 364 965 7245 3389 3645 972 7922 9445 7466 2295 6046 2107 5548 7452 1421 
1174 5599 8209 8334 685 8592 9717 3417 744 5586 2286 587 8462 9158 2133 6333 5400 1525 4405 5688 9413 705 289 3589 772 8555 1743 9078 7247 9468 1376 8495 2470 6003 7443 3739 1671 9790 9471 3627 8702 932 
9449 1 8009 2335 7910 3935 5942 5536 2311 3394 7612 937 4862 8254 6658 233 6358 2600 1250 8288 1755 1663 655 9014 2964 9143 4966 1601 8376 9315 4964 5441 926 8301 3328 8466 6707 5881 7957 3972 1923 7132 
9524 4924 5334 8410 4310 1685 5367 1786 9719 912 7787 6187 8437 8979 4483 2033 7133 7350 6525 5455 9788 6243 2139 2288 6391 28 7793 9903 56 693 3856 2303 8615 5822 8590 1320 5432 9673 177 6657 2398 
4774 7374 1999 4110 835 6767 3992 4042 8692 5411 9186 9362 6737 4629 4512 1258 9688 4233 608 4850 5163 4864 4070 6390 8366 7701 3556 4151 7790 2691 3351 8803 2340 8414 7531 752 771 9821 721 7196 
1224 8035 459 1210 7635 4835 1867 8744 5036 5661 6719 2444 7562 8679 5558 7858 5525 2300 6838 1638 3480 9655 1995 4795 7747 6801 5051 6228 9343 6515 5026 4370 2465 1166 2672 8166 8873 523 5602 3227 7677 
4224 3559 1659 834 4610 7235 3619 2094 6642 4561 737 4137 579 4029 7558 5733 4613 5763 6230 6180 3080 3595 9839 4026 101 2615 1951 9214 1172 9120 6072 1478 2497 6565 6668 4920 1977 3968 9002 3907 4507 
5174 5909 1584 9384 3617 2642 6885 8219 9144 2119 9812 2062 612 5304 6958 8833 1763 5600 8730 8825 580 5663 4856 9490 2970 6453 3465 5778 9489 1718 6840 1243 8739 676 6747 8168 6227 82 3448 3752 577 
1874 1634 584 3649 8110 8217 7919 7319 9819 461 6212 2137 2204 2058 2783 4313 6725 7575 7400 7538 4888 9941 2570 106 1795 8356 3391 5918 1715 1041 7066 8822 8516 431 5053 3782 9502 2848 171 4321 
3324 8349 2659 9784 935 6167 2017 6111 2161 6944 7419 1837 8279 9904 1083 8608 25 9863 2530 938 9638 9831 2618 4901 4565 5426 564 9703 8395 4347 5747 2991 678 8095 9593 1077 8627 7521 4698 6571 
2524 7434 4584 1559 267 4492 2742 3261 3612 3661 186 6462 2904 2429 1308 558 1830 7780 475 5150 2805 5226 1064 9947 576 1618 7001 2578 9893 9472 2106 1416 6056 2122 2189 24 8507 7877 9621 7671 
4124 9499 7709 5234 6035 4267 3069 6942 1469 3869 4087 3012 2829 9608 7833 8838 2055 4025 4663 2838 9151 5266 2851 9188 2566 7972 9951 3264 391 2701 1881 1370 1641 643 9065 6027 2007 323 1357 9027 
9699 3874 885 9974 8642 2667 6286 6694 2694 536 3361 5862 2954 4304 8008 3408 113 9088 1005 4175 6205 4870 372 6903 4553 2170 6926 9697 8515 8393 7065 3189 426 8543 2916 6582 7952 7121 1502 3957 
5574 3584 8859 5860 5517 485 1219 8442 5736 1044 462 3412 4829 7654 1883 3125 400 5780 6900 5905 630 2556 5640 6216 6464 2040 6915 4972 6145 3065 1020 5451 8676 1015 1145 7166 3632 9568 446 8723 4923 9582 
9649 8624 7059 1834 8485 9660 4510 361 8619 1886 4662 1929 7979 7308 1508 8025 2725 7600 8738 6350 930 7216 3043 7218 1778 8364 4581 3303 7190 5906 7881 6845 1018 4522 8197 9246 9546 5007 2157 3823 
924 6049 85 8609 2060 810 3344 8542 517 3586 3562 3662 4804 5554 2533 3508 2155 6005 7075 988 8805 9540 4388 4278 7597 5870 2853 8695 5776 5916 7976 666 6789 5872 539 1814 4882 7207 1523 1307 8302 
1549 1599 9684 4609 2610 3660 4461 4486 1236 6961 3987 1012 4979 1954 7433 2955 5200 50 6555 3988 8180 4676 3401 1151 9720 5351 4614 8253 5995 5618 551 1247 1676 8053 4373 532 2657 6373 8621 
9749 3374 2410 2510 5542 2092 9092 4586 169 1269 9261 8512 2437 9854 508 138 6000 1488 8083 200 6738 4865 9943 3826 868 4281 765 3581 956 5141 8118 2116 5440 343 10 5298 5046 4382 9577 4377 
7999 1209 9935 585 9010 4817 9336 2819 5936 2537 7812 9912 2129 9008 9058 5625 8625 5383 4275 805 7255 70 6415 5188 8039 2041 5770 4072 303 6195 2464 4040 4956 1239 7168 9395 2202 4957 3477 4857 
6174 6724 285 3260 8710 7442 7092 9444 6661 9669 4136 3762 4654 4854 633 2455 8700 2200 6705 9613 4213 2031 1813 1090 7351 2266 7501 6528 1731 2272 9739 1197 6093 7716 7840 4932 9207 5307 9748 1852 
449 7509 634 5635 985 9959 7967 1544 8836 5844 6644 4879 8879 5104 2158 7233 9830 9480 7450 6330 6313 3064 3263 5772 1976 2168 7022 5493 8997 6328 1545 814 1403 1014 3120 6982 9782 6382 5748 3102 
9874 7724 9634 6559 2660 7935 1960 4769 2367 636 4587 1844 5687 2379 6608 5783 388 9100 9130 7980 5875 7088 6841 9147 2813 9889 1056 6018 6468 1439 640 1540 8795 8206 5616 6766 9189 5673 8046 3502 3073 4346 
2624 4049 524 4760 4485 4942 261 6394 2269 1694 7687 9079 9654 3779 6508 3083 2950 1780 3538 3513 7125 7201 9240 6581 140 6851 1089 7795 2064 4968 8806 2 9439 8715 2820 2071 4302 6677 157 5596 
4749 8274 9934 1459 1935 2960 3292 4292 8060 6811 6761 2911 6494 337 6837 4187 6954 383 9508 8079 7175 5700 1480 8980 6300 5641 1843 9293 1053 8751 3306 6839 7591 801 9018 968 6893 8122 2801 9089 2103 4028 3764 8453 8098 7598 4248 1027 7402 1757 1807 
5474 309 6199 9399 8560 7060 9585 467 6567 4494 9392 1261 6636 3462 7512 7179 454 4108 4733 4858 8930 2250 155 5488 4950 3925 430 3572 9139 7520 768 8640 3393 6951 8947 2856 5040 1531 9206 2368 8893 7378 931 5239 8914 1257 8121 7507 1682 7471 9752 8196 
3299 5749 4549 1359 1084 4334 3067 5817 4542 8594 7544 5419 436 3094 9187 7287 9754 1358 808 8983 3663 683 5500 6213 6925 9955 6480 7863 8045 1781 9972 1753 8378 251 5515 4045 964 8981 4728 5597 9339 3531 9372 7422 5056 3832 4623 5427 7896 8832 2571 7757 
5874 6774 1059 8824 1660 5884 1260 9842 8492 9436 2661 544 9269 9137 7837 5704 5004 358 1283 7775 9225 8988 1955 1800 8450 2076 7438 3551 5631 6466 764 9203 3141 7576 2351 4447 1790 503 2003 6626 9403 3540 5078 8556 398 9571 1723 3696 1373 1198 9377 
3824 2399 7874 4959 3585 3009 3360 1342 7560 8411 5067 5594 4362 8244 3119 9804 5804 629 2458 8233 9075 9163 6500 4325 2730 9725 2880 490 7214 4295 16 4318 1772 4439 5795 489 9851 8251 6876 4953 6340 776 8076 3240 2195 9877 148 8396 4282 3973 6007 3673 
2424 1899 2449 8134 7185 8285 7135 7119 3811 9960 8386 986 5336 8694 487 9304 504 2508 6683 5458 5588 4430 2163 5105 5505 2438 1130 6418 6676 114 7797 64 1989 4293 9928 6181 4366 5506 4022 2528 3197 6956 2243 595 182 8421 9407 4221 7248 2673 9373 
1124 759 959 2134 8709 60 7085 710 4919 8586 6119 9236 887 362 8 5012 9579 733 6708 6130 7955 9175 4588 8500 2013 1505 1025 2601 4793 297 6916 9303 3206 4326 472 1626 315 5215 2068 9776 7043 4365 2226 3753 9272 9371 4096 327 6473 8307 3382 4996 
1924 7784 5159 9834 1684 7117 4617 9367 2461 9936 5437 1711 7887 4987 9787 5129 4329 1783 4133 7483 7658 5900 5080 2538 8455 5265 2172 4476 9156 39 1978 2620 1701 9968 2268 8845 6914 8943 4578 4965 218 4114 2343 1570 27 7096 8423 173 7996 2223 3948 
1949 2124 2309 8159 6410 5960 5010 2267 1017 6619 1042 5836 1662 4036 6637 3279 6854 9133 4333 9288 6100 5175 8330 4825 7975 8605 8588 9840 8372 8939 5039 6795 1628 7506 4681 4320 9220 3178 4615 1889 2081 172 5120 1316 5582 7073 1632 3998 6971 3671 2177 
3524 1324 849 5309 4910 9659 3960 8985 269 4944 7694 6669 8169 8061 5562 5954 5483 3404 1808 1050 5130 6905 6800 3888 9180 7688 6381 2039 6589 2416 8022 9368 990 8820 565 5797 1465 9966 8720 9551 8801 520 1653 2291 998 4498 8682 4127 5827 8232 8357 
6424 2409 760 2259 2985 8760 1167 4092 3467 119 2336 3117 819 4186 6487 212 4204 704 3629 6308 1708 7263 2475 4380 6875 4868 9126 5647 9291 6488 2753 9328 4018 7015 8828 9872 1876 2478 9747 7906 2747 5741 6970 2895 1773 3323 2396 1002 8127 632 1557 
6799 4734 909 734 4559 292 9760 2967 5592 2117 9667 4261 494 5637 2612 9429 7429 5283 33 4008 8855 305 700 8425 8338 9780 9526 2965 4066 4015 8641 6928 1445 4420 6189 895 3491 5291 3256 5815 1656 4947 593 5890 9646 3996 3807 9552 3646 2782 3123 
2649 7534 624 4309 7334 1385 560 8435 8636 9244 7619 7094 9861 3011 2112 8404 1304 2983 3033 6788 2588 8525 3025 6688 163 338 9843 8990 9168 1493 4301 1722 2826 478 9964 9701 5590 9601 1426 6666 3272 7414 3747 7078 7807 7321 2496 8398 9773 1232 5052 
0 474 3999 7574 460 3709 9317 6069 4369 136 4762 7236 236 9961 237 7662 4004 6408 3275 8925 8480 9230 6455 5988 5800 9263 6422 4765 997 4976 314 2176 4414 9953 6172 9576 381 3481 3963 1664 166 6322 5166 4146 7498 8377 4671 9573 2998 3273 
1624 7974 7184 8635 8135 5035 9117 761 7386 9886 3161 7869 6469 537 6862 562 1429 1458 5358 6450 1105 6630 5350 2825 213 2418 2614 3564 1381 3053 7872 978 2756 9945 1851 756 7181 3922 465 1972 9103 8281 815 1943 9446 8223 4046 4773 6307 3277 3121 
5224 3884 2509 3434 6934 7584 6817 4744 5911 3319 4986 5111 2312 6087 9262 6454 9833 679 4258 5530 6938 3063 8655 5925 3005 6389 4601 5628 9495 65 4622 497 4339 6218 5297 4164 7928 9115 6303 4693 9866 656 4816 9393 973 2752 2377 457 5671 427 6432 
7849 2074 9924 2684 3159 9110 3485 9260 1035 4394 1142 1586 4787 9087 8661 4337 6179 829 8733 9258 5288 3055 5263 5038 6980 9775 6593 7739 9876 4747 6116 495 5790 2026 9520 1789 9722 7803 203 4668 3603 2703 5528 2781 7172 6398 4123 7371 3077 9623 2432 5382 
5674 5624 9274 4909 8109 4834 6160 1560 3110 817 3337 4912 9761 3262 7569 8954 7487 658 5858 2358 3550 8308 6675 9383 4005 2630 5256 4978 1916 5055 1456 2153 6843 5063 8928 8978 1965 6020 6326 9726 3422 206 9822 4841 7656 1332 3471 6527 473 77 6546 9032 
7624 4359 2634 4892 5685 6142 642 3742 8911 3017 369 8092 6112 6369 2929 6529 1733 4308 2138 8900 1063 7313 6075 613 6263 1831 9140 6395 5768 3793 9241 4068 3176 6440 6026 6820 6128 8215 7314 3076 4501 2828 7295 9523 6748 4198 1582 3648 4802 1971 
1649 549 2159 3560 9285 6235 7335 992 8617 2242 4286 7417 6162 7087 8237 2504 854 7479 8758 3958 4925 2788 9438 4250 2105 6595 4981 4416 278 922 7193 4314 3778 1595 4703 9897 1647 3378 7178 3622 2231 6366 7681 5068 4948 4598 8871 2021 732 1021 6071 
299 8909 2249 2009 1009 3817 3410 5986 8085 3142 5169 2394 6919 8994 412 8987 1079 8408 9233 1958 6930 6255 7805 1475 7588 7988 8675 7038 45 3045 9501 7801 9453 4128 2389 7593 5876 9122 8991 6814 1490 2639 6351 3440 9040 4052 3046 373 1482 3723 3677 832 
3049 2334 1699 9184 3409 3160 1285 5742 9492 1361 2961 444 8136 5886 5237 2329 6304 1983 8808 1163 100 6850 3388 8580 2140 9380 41 638 6531 7816 9226 3576 8645 3593 6170 6822 3816 8228 5295 6991 6078 2840 4922 9798 902 3252 5498 7273 3702 9448 
3624 5134 6649 4034 8860 5292 8292 6042 3867 1992 8494 8467 3136 5837 6429 9704 1554 3183 7508 8133 9513 8405 6988 2855 7280 4426 7016 3201 2568 6728 9716 5901 3181 4551 9416 5203 7722 664 4445 9643 6090 4464 7845 9796 2096 3773 1596 2696 6952 5877 
3224 1499 134 1424 135 2085 8044 3317 4936 3692 2619 6844 719 904 5529 9004 2558 9658 8533 6908 1913 3038 8750 7480 3288 7155 4772 851 3216 120 8270 6828 4003 2381 3453 9245 5564 4639 9956 6191 1668 7145 5839 2445 2952 4602 46 5532 2896 6498 2802 
2224 3234 3399 824 4349 9610 4960 4535 5385 7744 8561 7342 4687 1869 5119 2236 244 3411 712 529 8087 9404 3758 9005 9875 1975 3305 3855 9675 2131 6280 6393 3565 3456 770 4328 1745 3315 9518 5278 5364 2668 2378 1231 6997 8622 7565 7689 6070 3190 3640 7122 8840 2978 8422 6998 452 3152 7932 7682 6407 1277 2323 7827 6396 
674 9824 5459 1974 1309 7284 3760 5142 94 7410 1619 3269 7611 5944 8544 7594 4429 5279 3654 4129 7158 6733 7758 275 5638 6638 1875 3380 4880 1263 3568 8365 889 116 890 1591 4247 4303 4666 3814 4268 5993 3803 2453 4951 620 9106 1331 9641 818 4515 7270 4890 5891 6807 407 2871 7482 6873 1223 807 2882 8646 1921 
774 799 5709 4209 6484 4785 2135 4560 9242 4711 2719 2344 161 4867 7361 2244 3037 9862 5604 6583 5108 8858 6575 480 8530 4630 5205 8388 3625 4038 9001 4720 3147 2065 7322 5997 3415 9243 2397 6540 2390 697 7372 3143 9589 1040 5926 9618 3097 2091 8497 1665 9268 5172 9127 9952 8146 1407 2348 498 957 8471 9052 3132 
6149 3599 2674 5249 4659 8484 4260 9710 2235 67 4992 9319 9744 2786 7836 3944 1986 3804 4012 3304 7883 3658 9908 3130 4230 7525 9155 4455 4125 713 9847 8047 9055 7822 2151 1091 5981 3426 366 881 9451 6889 347 3693 4443 3872 5970 7891 6541 2016 9191 247 6995 1865 7097 6232 9173 682 1398 4332 5727 5173 7657 4982 5221 
324 1399 4885 3335 7459 8010 3134 8510 5444 2569 5511 36 8486 2892 1319 3544 9012 9454 5829 4908 3283 8258 6113 6375 4163 5825 5930 4838 8175 6763 4993 3056 5581 4168 3153 6156 2072 9201 1797 3806 7516 4928 8241 2681 4465 9116 2590 616 8416 341 8051 8064 6493 9665 4007 6927 2927 5573 2352 9473 9746 3857 5257 5448 
4949 7924 9234 3974 7309 6435 4859 6210 3842 2594 9469 4811 6036 2844 9661 8387 3487 2012 3454 4279 8583 6458 483 7900 1650 4475 5513 55 1113 5088 9313 2147 7655 276 989 1740 2476 8390 4297 8341 1031 3078 5693 5353 7481 6043 1793 3616 9870 614 21 6743 8218 3416 1314 7664 7707 5982 2932 5571 2482 7573 271 3327 5248 6602 
7124 6134 7149 4160 5285 3659 5185 2910 7660 6136 1292 2169 6219 61 8887 2812 9587 8687 8929 5454 6108 2683 6125 4675 563 8505 3105 7505 3363 3976 9547 864 4938 5591 7003 8697 6815 7572 3014 5006 8865 2728 7491 8153 9556 8103 731 6314 1806 6095 2918 9653 5897 8648 4702 3127 6196 3602 6457 757 8157 7277 6507 
7749 5949 8874 9799 8284 6234 6810 8935 8967 9169 4667 5294 8517 6419 5461 936 9437 8436 1204 2454 4458 7354 2908 8183 4100 8000 4975 38 5413 4605 7005 5478 118 6426 9476 7515 5864 916 5514 90 1418 3776 4147 3403 4306 320 9441 4647 3443 4390 2943 3547 5920 7464 8447 7089 5477 5371 7227 5807 3596 2023 132 8152 4973 4871 
399 8374 5509 7210 5484 3959 1192 3735 6617 4761 8317 8019 4142 7936 9836 9312 6962 3737 5904 3754 7033 8708 1008 3563 2255 7550 525 6780 3525 7663 865 1065 6445 6870 5276 7941 953 9320 6797 5101 6556 1126 5145 3266 3853 8328 1491 8995 531 9793 7528 7047 7539 781 2346 9907 7721 3871 827 5457 9148 7923 746 2277 
4374 8199 2534 8999 6899 4210 6292 4509 1392 3819 7211 9519 6561 1019 486 4011 5712 1087 8162 3637 604 8558 2808 1925 6150 888 4013 663 1213 425 2780 3051 3668 3876 8397 3156 5990 9095 326 5789 9440 8941 1993 7897 1256 197 2631 4122 7864 7564 8847 8493 6664 9590 7640 2132 6907 7232 5823 2477 2423 8957 7282 777 9971 
2599 1184 4324 434 4710 5510 7710 8335 5486 3710 7311 2494 9286 811 3969 37 5979 3362 7337 1208 3233 5683 9000 7230 8875 3630 9888 1805 3355 4055 3031 2415 8163 126 9895 2689 6831 7241 568 3815 7397 5691 5539 1281 7606 1472 3526 5328 445 4516 8318 7772 3741 7007 5777 8171 257 8796 4223 2573 2902 3396 3977 
4274 4074 9849 1574 35 609 2785 7192 5967 961 1817 9511 4661 4644 6437 569 4237 1562 4054 8754 7129 1108 6855 8155 4805 8663 2675 6625 1280 9166 853 5643 6201 6168 6790 6239 7806 6065 2941 339 4226 9915 6178 2493 2215 7356 253 6568 6745 716 7395 5091 2739 4214 7095 9771 6721 1857 9398 7477 598 802 3082 7152 1382 
8574 2184 9049 5399 5184 559 9860 3985 4436 2861 6867 1794 3994 8761 1511 6812 8287 1312 2654 9962 5729 7008 183 2575 125 8513 950 8080 7830 2680 901 4991 3070 2203 5922 9091 8522 2766 8816 345 5880 7140 9515 6089 8418 847 5318 8065 5022 9565 739 7406 6293 7440 3756 2552 1102 7098 7221 2452 4832 73 4502 9777 9396 
4299 4459 4199 5609 5559 3185 9810 8917 8017 9817 8786 9311 9686 1094 4937 3287 4062 1604 9129 5404 7183 2733 9683 2388 9300 4730 9925 8105 4130 8305 7740 1839 3755 5601 5176 3166 5781 4641 6401 1956 5422 3301 2339 4490 5740 2791 5764 1189 4428 2695 9591 7556 3331 8440 2507 4057 9657 2148 1646 1177 3332 7871 298 3107 
7549 6499 5209 5359 7510 5384 892 9560 1985 5567 4794 44 3669 4994 9537 9569 8937 1437 2304 4758 4608 2333 5033 1080 5738 5480 6513 5675 6363 11 9826 5491 5401 6101 6403 4289 1401 2043 7028 4540 7903 2353 4539 2940 8664 6651 8781 1218 9620 4531 8540 7120 3743 4906 2297 6157 6696 7432 3532 3007 9698 8148 7782 4546 9882 
7524 2974 3834 1434 9885 8835 5560 3634 6692 1194 6967 7112 8611 9069 711 5612 8811 5112 3962 1979 1679 7054 6083 1430 4363 6155 30 9755 7763 3505 7838 5270 2164 9922 7940 1070 8814 9689 5572 9678 3395 2865 5826 2581 2841 3718 5847 3720 7291 2653 7914 1026 4672 8439 1872 2152 5852 7557 7421 8846 8207 996 5296 2246 4177 
424 649 8724 1859 2109 1049 1134 5767 1135 7367 4111 9086 6794 1212 7294 7336 9036 2887 5504 4783 7533 8508 3800 6163 1388 2580 5030 5476 9400 3950 2376 2045 5489 5490 1631 5222 3140 8851 2489 1203 3020 7064 9401 5903 3690 1165 8056 3003 2115 2514 5968 1268 9366 1128 6852 5932 5698 6623 1657 5496 3232 6357 8932 3196 
5549 659 8559 4410 3885 8234 1984 6485 2992 7642 4611 7719 2644 6086 7061 9561 6237 9529 4104 7804 1933 2608 1408 9958 8263 5305 9963 3180 1530 1550 1847 2972 780 6041 7226 5718 8501 4740 368 4790 2306 4322 4591 2543 1272 6670 803 3914 1515 822 4518 4203 793 9026 2257 4707 2746 448 223 8727 3182 9221 6596 5377 
8424 4434 5085 6809 2860 410 2717 184 4067 4719 2086 3911 8861 7912 8511 194 3162 7879 9504 7279 9554 4283 3158 7013 300 5005 2700 5180 2225 2505 9706 7176 4778 2939 4745 2765 7551 8756 4556 6740 566 6672 7389 4803 1593 8747 7703 6490 6295 7328 7090 4822 3557 8882 6273 5202 5446 9946 8602 7407 1032 8273 
6524 7199 8699 3235 8359 2535 8434 4917 2517 2869 4361 1344 7261 3044 9337 1737 3687 379 3087 5654 1879 6033 3533 8030 2325 8813 4580 3300 7138 205 8963 906 8015 1918 4245 951 9745 1914 6122 1481 3868 5714 4076 7915 9918 5516 4606 397 7331 4847 7070 3822 3943 441 2557 6846 2698 2048 8827 3271 5677 773 8107 8427 
8849 999 9509 3759 9909 3510 3435 5235 3336 7842 5519 8011 6244 23 4194 8461 4212 1512 2604 7733 2658 3733 6783 5550 7563 5430 1500 7355 6775 866 6663 6376 1739 5914 5551 2868 2870 2490 2481 5015 8476 3318 6028 7197 7993 365 6345 5793 5301 4395 7345 6281 3006 5378 8782 6182 4307 857 8657 7496 3321 3898 252 7327 
5799 7734 884 6409 2784 3724 3109 5485 8742 7067 6019 7992 3686 6892 6911 6054 9911 4637 9412 9229 8529 2308 4833 4713 4113 880 6700 9913 255 9575 1855 438 4764 6240 6803 8650 7206 6153 4345 7970 5614 3647 9631 3516 9572 3681 1226 6665 464 6806 8339 9628 3997 601 447 5241 4682 1123 8071 1107 432 4027 5682 3482 402 8277 
5924 2749 9424 9434 4435 3060 1959 6335 1542 4911 542 2994 8936 6569 5686 5019 5812 1054 1729 1254 3058 8633 2883 2555 3488 6105 3805 3163 5913 1680 2280 2401 9145 5856 468 6151 9481 2051 8770 501 9465 3270 2743 5418 2839 6647 9715 2716 8443 8239 3239 1181 789 3289 9390 3207 2052 507 7348 9357 1048 5171 4232 7146 3498 
899 4709 7609 2049 6184 6385 4085 6185 360 2419 919 4842 1842 9111 8319 8362 2962 6279 3904 479 6904 6008 6558 1033 9455 3450 4050 6463 1225 6805 5626 8041 5201 4689 1441 3451 2751 331 7056 4441 6731 4091 4140 5420 164 1266 6972 8589 826 7265 5147 5315 8970 9766 4914 1607 1996 4152 1348 6073 7546 2796 5471 8996 5098 
4899 7699 7759 8499 284 7984 1710 9635 667 2110 9342 1117 386 8894 3092 7961 1187 8269 869 9612 1754 6254 2529 3029 9037 7708 3308 1583 8005 9505 188 8713 3555 2100 7850 4105 1726 2953 1095 7228 7820 5868 845 8764 1215 8678 8791 2741 6716 7353 1241 8868 9815 8164 1666 7416 3281 318 6315 9772 6722 2990 4506 3931 7621 207 6021 5346 8096 5796 823 1498 5121 8032 1848 9421 702 
8399 9159 9374 9160 7735 8509 7610 7010 8417 9617 294 7867 8361 5186 9294 4969 2111 2886 1362 5412 4579 3112 3429 5929 8429 7404 9825 9125 1613 6730 5 455 6051 6888 2800 1201 6856 6793 6031 4065 6906 5041 4831 1476 3695 7253 1389 3506 3631 7041 6714 1520 2718 3770 3214 6739 5114 8570 8276 1264 6268 6481 1940 2290 5198 6271 9921 9482 846 6471 9902 5423 677 7423 2632 9296 1057 
2474 1074 4099 3184 8259 1735 6660 8360 535 7111 1092 6269 311 5311 8869 1686 3536 7312 8029 3204 9329 1529 6979 6158 6183 4158 8683 9488 875 9113 2705 9105 225 3238 3251 8688 1768 3781 6428 5565 1651 8843 8426 2265 8778 3093 3489 4176 1047 6993 7368 7106 970 5518 4814 4220 7326 8247 1131 5965 718 9391 3964 2298 1248 1727 8677 5923 6421 6532 5832 7023 3173 1621 3846 2321 
4174 9949 3174 6659 6060 6010 3285 7234 2285 9910 4217 2194 2292 9267 4437 87 4086 686 2987 5312 4312 3937 1479 6629 8604 5908 9858 5933 7638 3175 4063 2988 5463 413 2625 3666 6118 4797 5765 7964 2180 9347 7926 920 7889 7545 2451 5966 241 3293 2372 7766 4243 66 5181 3381 631 5014 8114 5878 5139 8566 2815 1818 4752 482 3748 5721 1171 496 246 1507 2807 7998 2296 2248 1302 
349 7209 1234 8409 7634 4384 8210 7742 4010 142 5167 3492 5769 3942 287 7667 3812 7011 6361 3312 987 8904 7529 6133 8129 4058 9783 4738 2975 2113 5680 6013 963 830 9355 2414 2406 6131 6847 6147 7789 6270 1581 8526 4656 6539 3091 541 4272 5681 5690 8347 7114 3995 2995 5931 4843 1039 3366 5314 7453 2197 9764 2402 1221 8907 1396 877 1352 8821 8877 7552 7107 2977 4298 5757 
5824 6624 2559 9809 4460 7385 6459 6359 5217 6586 1517 2944 5161 8394 1111 4236 2187 8161 3837 2837 7704 9479 2408 7908 8283 4533 5275 1838 2038 4480 863 925 1230 5538 2143 6431 3131 4722 295 2318 2726 5866 606 3906 8870 8478 2114 1953 4576 5603 3714 1143 1551 6503 3993 4131 2516 1278 9791 7091 1697 9656 4257 8546 1052 9477 8407 6177 6857 796 4446 1877 1073 4102 7796 
6024 3334 8299 8734 2374 9084 4234 6310 4660 2360 2067 5792 9894 5211 7519 2442 9869 519 3329 7862 1887 3479 4079 9533 9108 5233 9733 9650 7105 3338 6880 175 6563 813 1840 4564 3066 1428 2926 8926 1068 4806 5751 8240 6076 1397 3851 7981 4115 6968 7272 1156 1906 6615 790 8591 3018 8703 741 6097 2915 406 8915 9271 8352 8927 107 8496 3048 7571 232 3221 3198 1127 2748 1321 
5299 6584 1374 7349 4735 5899 9510 484 3535 7767 1410 1494 9461 8667 3036 5861 1011 4612 6687 3604 2854 7779 3829 8479 8908 1633 8038 7725 4988 5855 2738 1300 1288 9080 8463 4872 6215 115 7493 7014 7966 7590 7589 1043 8222 7476 4664 665 214 8789 5118 3765 2740 470 2776 2193 3490 7340 5806 1016 7364 7418 3839 5453 4398 6402 952 6823 9857 1698 2732 8227 7723 9682 152 5271 3023 
2874 1274 3449 1609 7599 1485 6709 4167 860 6442 1769 4169 111 144 4219 4319 1894 1787 162 5362 4519 2704 1229 283 3929 1433 375 1088 3905 1055 2380 9425 1438 3500 9605 3930 9741 9940 4570 1640 4926 9718 6947 9914 3901 5306 7895 5043 5370 6965 9564 9072 2795 2993 778 7603 691 1556 7118 2515 6318 715 8918 7346 6682 9927 1777 3452 3432 2373 6302 7732 546 5077 6123 5652 
4474 9209 1709 4284 9859 5409 4184 1460 2735 4117 8767 4642 9636 9694 6367 7819 9019 1436 2369 4679 8094 6379 8812 3712 5633 7933 5333 4425 783 9938 9363 1030 7950 3100 5025 3601 4751 4768 7222 8016 2070 9331 3314 6566 526 2020 7965 5439 3691 6966 9645 8140 8614 8151 5178 3390 1220 4939 3915 4897 7465 5341 9041 1322 8221 6146 8923 7802 6607 3423 5027 1227 2823 1246 8482 3732 6246 
4799 2699 4574 7034 7909 260 5535 7484 9835 3085 9142 3167 9644 3194 5087 2836 3769 5386 8986 2162 5254 8379 2629 179 4583 12 4875 5950 980 1150 4338 4913 2363 3255 5338 9295 2393 9939 5495 5028 1990 9215 1170 1622 3265 7553 2572 2015 3751 8120 6715 5366 4514 7706 722 8881 8176 3081 3865 3689 4126 7618 2245 8278 9277 48 321 1752 4327 1282 971 621 6257 4557 7 307 5732 
49 8774 1759 7424 660 9484 209 3310 6884 7392 1642 8711 3294 4594 3436 2611 8144 9637 9937 9204 8137 8204 2104 5029 308 5833 6233 4330 5813 7713 4780 9625 9680 1013 3530 6378 9528 4739 370 3795 466 1981 4645 1118 3418 6543 3015 7601 4266 5466 7547 4466 4153 2426 1815 3641 4545 4397 2914 8231 8068 6297 5072 7198 98 1832 5182 8252 4173 9932 9802 8173 5773 6798 7332 6496 
2574 2999 3059 2584 6534 6984 9235 735 6017 6517 4317 6317 7436 2794 7036 7567 3736 7187 1144 2212 8262 8354 6079 4554 4808 6050 983 4638 4650 4488 4700 9325 5325 5272 9541 8368 143 1116 522 6547 2066 7393 2301 6701 6522 7968 1543 5003 4256 6364 9622 6628 1372 556 6570 7714 5151 9418 7126 1222 603 7468 2278 3364 1827 8373 6107 1946 8446 1296 302 7382 782 9223 2946 8052 9382 
9899 7024 7674 1534 6585 8074 9167 509 8809 286 792 6492 5611 2636 617 4961 6137 7637 9237 3794 754 1779 2779 1704 5379 2433 6030 6380 4138 6063 5138 7180 6475 9850 9281 4451 6420 1468 5220 1590 5289 8256 1497 8631 2540 6115 2370 9420 626 5676 8165 1003 3016 7751 5653 8078 5666 7770 2443 7251 1689 547 5065 646 277 948 6827 8498 1702 6848 8132 9157 8807 7602 8452 727 
2349 6324 5199 3609 8584 6334 7134 1767 9360 9035 2167 3767 9192 4386 6519 5987 9011 9462 2737 2512 5937 2037 6204 8854 8783 2258 7083 4863 5883 3788 3313 6175 7755 5838 380 6225 6866 6016 76 8401 6443 9470 9464 4651 8520 7243 8765 3001 1140 8653 5651 820 9803 7103 1991 8431 7691 9266 7851 4216 7403 7543 5672 8565 7727 2182 1821 352 8298 9732 2677 6048 7702 2198 7698 1148 1571 
1249 8784 5699 4149 4109 6285 9034 1435 3567 1792 86 8192 1592 6717 8286 6511 762 9411 6412 9112 2554 6154 9604 9779 3104 5183 6430 650 3780 4930 8755 7380 1950 2238 3150 2141 4053 3326 4618 3591 2270 7018 4020 5991 3493 8826 8415 3347 4493 8790 2706 1190 151 5556 4495 9626 239 2439 5116 8456 7290 3722 3439 3297 5048 5907 3746 9696 1152 3457 4807 5507 8773 4757 6882 1796 6221 
1749 8599 4599 4934 2767 5710 3459 9060 9942 6935 8867 2392 4736 8294 3486 9486 9586 8912 7387 8862 62 8629 2804 6554 2183 9933 4750 4800 7580 325 3655 6400 1888 4513 7463 3590 281 2165 995 3476 6106 2047 4431 5716 653 6553 4364 3376 8531 5972 2491 1191 6964 1728 4456 8145 7990 1547 6703 8872 4820 2843 2822 7978 4632 7777 6921 9596 1157 5702 8746 7377 698 5782 1873 5821 1473 
3349 5149 5049 3949 7259 1884 199 1610 3217 2342 7692 5261 9536 3461 644 7269 3169 4517 8737 2361 1112 254 908 5679 2933 1129 5508 5255 1355 6538 8355 2213 3605 8225 2938 1563 9491 1326 4716 1770 5322 5951 7581 4593 7718 2365 7890 5606 5445 2531 5820 2320 1270 6990 1945 6320 3864 1501 1893 8722 2520 4106 266 3445 3970 3577 3171 1998 4246 4421 6152 8921 2646 2098 6296 9496 5227 4921 
3249 2824 1674 2834 6949 7160 3242 1585 9542 210 5086 7267 8794 9917 7492 1086 962 2937 2337 7962 9662 3979 7629 5433 8958 7383 5075 5630 1775 7513 3863 2463 488 8430 6325 7630 2403 9141 966 6047 915 3218 3866 5989 7953 4415 9801 5368 2241 8489 9614 6068 8597 22 8551 395 8890 8891 3841 2897 6640 3947 597 714 2382 3096 2357 9227 7171 1298 6932 1573 8557 5707 6598 421 923 
7774 974 2799 6749 2084 9359 5610 3342 6592 2217 342 8460 4017 3594 6236 8536 5236 1294 7661 8762 729 9929 83 3954 958 7813 7100 7925 3638 7055 5438 8800 6825 2430 3040 9543 9931 6006 1926 3891 9415 670 5888 4731 7080 940 3539 695 8243 264 6572 6272 2222 4491 3518 1228 6818 3428 2878 5231 706 4891 4393 198 6427 9848 2252 71 3248 5973 8732 4077 4696 4927 8182 1552 
5524 5349 3699 7299 3309 5135 8735 2810 2260 7517 4686 8267 1211 7194 1336 9369 8119 2136 7344 3587 7904 2254 1104 5779 3079 7683 4958 4980 5938 8863 755 4438 513 6963 5253 8370 3047 6001 8020 8268 6520 1751 6897 6241 6751 7568 5731 4139 6693 7128 6720 9816 8618 4970 1928 3339 3840 2989 6656 8290 4472 3697 2881 2503 3552 8371 5771 7927 8248 8257 4723 6977 2727 332 2702 8246 1548 
5724 9624 5809 7099 4059 8309 3684 1060 160 7960 5467 3061 7142 1944 4269 3444 836 694 8012 6662 5337 687 929 1829 1504 9708 2550 5863 6200 1413 2605 8375 3280 2775 8413 2422 8901 2156 2951 1464 5016 3397 9891 6197 8595 2714 7876 2014 903 191 2676 7053 4478 4041 9566 7878 7151 8606 8547 589 3372 228 5343 8295 6377 2857 7307 5277 2852 8321 4048 8477 8671 6082 8521 9846 1546 
274 74 8549 9309 8785 3799 5660 3892 2567 4767 2692 5269 9017 7536 2969 5369 6736 8412 7561 3387 1637 9879 6479 9679 9883 9183 858 1200 1450 2050 738 4238 7905 4000 1850 263 9076 2251 8031 9478 8772 1391 1997 9506 8514 828 8976 4376 3495 4170 6341 6881 7264 6981 6331 7918 8115 681 5540 1820 8403 7045 5093 3701 7278 7148 14 9807 6248 9132 6502 7982 6371 8123 4021 1046 5327 6207 
2549 3774 5974 6384 4874 4009 7959 435 9085 1742 5692 894 1317 7242 5711 2069 5244 1286 9512 3644 5754 7604 2679 1058 3354 2483 1683 4763 1455 9405 763 2350 1900 9845 3013 9900 2551 9466 841 2770 7781 5689 7514 6247 5126 8689 8201 2006 1643 8895 95 1045 1895 8451 5197 9616 8193 4253 2720 7995 7678 5331 9028 9082 9196 1771 7748 4521 1432 4907 8077 7457 7127 5927 6796 382 
4699 2759 6449 8384 2209 5284 9024 2185 2734 5074 2210 7435 3035 6067 9467 6985 9410 235 5617 3919 2762 3967 9736 7044 4244 1411 5744 6544 6262 3887 1836 6612 2754 5137 1712 3711 1654 654 9562 8662 3608 4229 2858 758 9758 5608 6858 3600 63 75 1713 9880 4508 8780 4263 8213 8325 7375 5725 1589 7605 9290 2603 5076 376 9651 1368 9172 9806 8481 3918 5320 2866 8639 6256 3643 353 1295 514 5431 4291 8753 40 4406 1714 1970 647 3103 747 5665 639 4915 4653 9426 9251 178 8141 9043 6606 8303 3478 1290 3820 5143 4881 2920 1516 3341 4895 1315 268 7532 9195 7293 2281 3956 3027 6621 1973 3257 7823 1721 3777 4296 4073 521 9727 4227 3371 2671 4023 3802 5132 9973 1146 6671 8748 9048 557 9871 7646 2923 8082 8696 
2774 6299 9149 4684 2499 334 5659 1149 9059 2384 6 5460 8684 767 5735 1885 5585 2411 417 6117 3894 6742 1169 8336 8736 4887 5392 5719 6486 3744 2587 8712 7286 8837 1937 9154 9762 1687 4379 104 2729 9279 3379 7454 9458 6383 5808 3455 4033 2750 4680 3880 7788 355 7063 4963 7275 2088 8043 7741 4422 6576 2968 6472 689 53 1051 3878 6253 8090 7931 5531 1822 170 8889 1528 8503 6791 2364 5303 8665 4691 1293 1968 4931 9181 7297 1289 2670 89 5047 6518 9414 5191 3291 1853 5081 1566 5356 4945 189 3228 9265 5543 7653 7670 8468 728 2847 3978 7541 414 4181 2621 8191 4432 3652 8948 6452 3373 4771 1871 52 4496 3896 946 8432 3377 3598 6121 2471 5002 9023 2921 9873 7632 4573 4273 7607 1927 4902 3827 7648 
5999 5984 6059 4685 3099 4249 1509 6260 2609 3910 9259 3934 1110 7217 4717 2485 7460 6417 9385 2817 769 3542 2986 6769 5017 419 9119 217 6986 7461 8637 6461 4844 7437 7762 8612 7669 7237 4154 3179 2054 8329 4358 779 133 5208 1175 5475 6530 6505 6388 4563 4413 6613 9450 3213 7705 8275 5388 4550 313 7938 530 3651 4566 7215 6015 6414 4801 4118 7415 7489 3665 328 1076 6276 4789 6022 8966 3089 8340 8690 7189 8643 8465 897 4141 3447 8581 8297 6139 947 2495 8106 7651 8428 7391 8464 6764 9639 1001 3745 9047 6706 3545 78 6765 6603 9053 8441 1681 9256 3965 9270 8190 2289 6548 8582 2498 4457 4196 6573 896 6348 4532 248 1952 8271 1577 8977 3298 5282 3446 7032 8021 4171 3902 6352 5223 7352 5957 9252 6898 8048 9107 
6074 8649 4884 749 5985 9334 1109 249 784 6135 8385 8534 7685 5335 6785 7792 5059 4367 7736 842 2586 6842 8342 5144 1669 19 9162 2042 2412 4712 8261 3519 8787 6744 4019 8444 5429 279 879 1962 6058 8729 7754 1004 2004 5583 5133 533 933 6833 3783 5713 8575 2005 8550 1538 9338 8255 5213 9153 4180 2338 5355 9539 3215 1097 7901 5293 1081 3170 8989 6545 1195 4626 9695 5701 3316 4940 5247 6641 8316 7301 7191 8620 6778 1301 3278 6514 8553 2428 6066 3543 8116 9022 8406 156 7540 5001 6718 4497 1564 9045 5089 3728 6690 8920 3726 9615 5843 2440 8564 5345 5482 2082 6148 8027 9298 2027 6202 2332 4721 9302 6446 3346 707 8073 1748 552 8752 2957 2652 627 3757 4946 8998 3798 8973 1677 1121 8823 8707 6032 1007 
9224 7799 6349 2760 6474 6784 5784 2809 5959 109 8910 1785 809 1535 7835 6267 7559 4035 42 2317 1061 4161 8886 3186 7769 8242 1369 9594 5487 6994 1519 944 3511 4836 3019 9394 2387 6512 954 129 2579 7108 6779 7829 8304 883 6533 1908 5975 4355 8950 4400 4463 2188 625 500 6305 6605 2145 2425 3113 4813 9289 4014 405 6470 6164 4331 1415 2315 9365 3090 7239 6064 378 1393 5428 8628 13 3618 6339 2697 8726 6601 4889 3464 5943 6643 4166 645 5615 8745 4918 2545 3139 4453 1276 2656 528 6695 215 1691 415 2715 4178 4815 9797 5470 7339 1856 9253 4520 7693 5066 9795 3843 5391 5376 6448 7673 2032 5696 7696 5846 1823 3877 7302 5073 1448 4352 7577 4577 3177 6346 7446 4527 3473 2196 9707 8023 3523 6098 4823 2427 1423 7077 
8049 7174 4824 9774 2274 384 1159 2059 4524 2284 9709 960 5160 2434 4810 4635 4694 7285 7817 510 942 7585 9767 1244 8186 9619 3844 4536 4462 2862 6287 1569 1537 3912 6037 9737 1262 1179 862 3554 6404 6362 4433 4954 1158 3258 108 5008 4288 1750 4538 2850 9038 5850 7150 1405 1330 7730 3730 4989 7913 3763 9388 9114 825 9731 5589 7778 3164 7791 4201 6140 1139 4714 153 190 3703 2789 7478 5115 2690 7268 7997 2906 3614 5128 72 7451 8128 1214 8670 7595 5706 9345 5841 8172 1193 668 1672 2831 3678 5670 245 243 7165 7289 5664 7153 5947 2097 5070 6057 9664 3282 7093 2798 4402 7948 6173 5273 9202 9077 4207 4032 1132 4182 5502 2721 8327 7052 5873 1082 3882 8971 8523 9602 4971 3521 3352 4821 4877 2598 6948 
9174 2849 5259 1784 2859 8249 5260 7249 310 684 9335 6209 7035 4060 2467 7985 3592 4886 8842 3611 8644 167 442 6192 7186 469 8944 3469 2386 2011 2562 4412 4487 6387 1337 8337 6562 3786 8579 6912 6604 7679 5983 4408 3129 6258 4633 9633 5158 6933 5563 3205 725 7875 230 2638 2900 5730 2763 6863 3713 6975 5830 3705 788 4766 5547 2564 1440 1447 3897 6741 1541 3520 5593 1072 5281 2201 8389 2526 6193 943 4241 7643 6918 9351 8101 1741 2240 2228 1878 8656 2643 6091 428 7616 165 5406 726 316 806 2118 1931 3106 3365 7831 3715 6316 2981 5240 1868 9781 9670 1506 7164 8968 2191 2127 3991 5656 6323 7082 8946 5921 4348 423 1882 3621 2996 7946 1452 4107 2371 5977 1202 8102 5127 7027 3573 1252 5598 4082 5523 6023 3927 4621 8902 4782 
5099 1724 7274 5434 7474 3284 409 4259 949 6099 1259 8099 3384 2310 1910 4985 317 5717 9692 5342 1186 4967 3986 867 1267 3311 1719 9042 1811 2061 3062 4162 9419 8669 7537 9687 3437 5462 3879 354 4883 7254 2229 8504 5533 8208 458 9583 1605 2405 6138 9800 538 4375 3688 4575 8088 8613 4505 7030 5639 9030 8830 2872 4188 7726 1603 2772 914 6416 3245 1518 8006 981 570 4047 3340 6526 2693 9881 4265 4489 5414 6372 1343 1703 4143 97 5243 8506 389 1406 7115 1414 8793 1690 7916 1178 5745 5381 9606 4215 5940 5095 3990 9190 4381 5472 265 3353 9570 7620 2447 1870 196 9827 5632 3982 4607 4271 7821 3548 357 1627 7448 9102 5648 8448 3571 7971 8323 8896 2046 2146 7473 9257 8282 6752 5557 6746 123 8721 1023 
8799 7824 8884 7159 4784 8959 9134 499 1384 3534 5810 8960 4285 785 2769 9485 8392 1717 4444 6792 6294 1467 5117 4192 717 2511 5619 5469 7086 7069 786 7844 6012 1969 1561 5162 5037 5787 812 1412 7379 4479 404 4683 3504 9433 8383 1483 4083 4183 1350 2150 2263 7300 7800 3463 3825 5050 5775 3430 1880 2063 9763 2913 9164 9545 3165 891 1453 4876 5818 9020 7570 3528 2928 26 2056 6920 8706 6165 6978 3620 1764 8818 6564 8539 5206 2216 622 3893 8518 8839 6231 1395 7116 2468 7026 8343 876 8866 8170 5620 672 3101 540 690 7841 6353 6770 9770 6497 8320 2891 9753 6489 5889 8322 5668 443 1207 5627 582 2421 7357 748 4727 1902 9498 4627 9098 623 3302 4646 821 3002 7898 3496 1271 871 602 982 2077 4148 7652 7071 2648 9652 
8899 3199 1524 2934 3809 1734 6434 1099 8759 5684 6859 8934 1635 9135 2685 4742 8310 6960 3267 1835 8942 8142 4860 1892 1736 8037 7467 2319 5136 411 8817 7511 3212 4737 1162 3187 2436 8487 3229 837 8554 7304 5083 9208 4529 4933 9308 583 5308 2833 913 1513 6580 9200 8055 5313 7213 7363 1375 7675 1825 7825 680 5555 8438 7330 3276 7818 6126 8931 9965 5976 9101 9916 3889 6506 8264 8626 893 6922 9514 7306 6141 4741 4640 4356 7195 7945 4589 5503 5915 2247 9314 8245 4631 9595 2120 2366 9064 7856 4526 2641 1291 3676 9422 6622 9820 9581 7490 181 6365 4916 9768 1866 4378 168 3368 3966 7631 907 8798 8607 4998 6773 5623 9721 5396 5057 4277 4407 7246 6198 6423 3923 1446 282 8898 5071 9723 2907 4746 6252 8598 3707 9232 6973 2446 4371 
3074 8034 1449 6999 5424 3209 9210 1809 6034 8042 6510 8659 1510 8792 5110 9892 8235 7542 5286 692 4469 3367 8969 8167 3561 1911 1762 9136 1119 9061 1062 7369 5537 312 561 4812 2787 9062 5737 7062 4837 9829 7004 6229 9054 9808 229 5708 3883 2708 6588 280 250 6438 8788 4280 4625 1338 363 3900 9855 1930 9905 5655 88 3039 7303 4372 393 2931 4597 4078 47 1153 6220 9090 2976 1776 8381 8797 1114 1339 2845 6289 6890 8578 1347 1578 3497 7614 5316 7401 2347 1390 2022 4828 1539 3772 1964 5678 4081 2239 3406 5465 6264 4031 8131 256 5728 743 2090 2797 6265 8922 6753 4818 7666 9197 8965 3398 7182 9832 2271 3071 1746 6896 7921 9507 8473 3623 6332 648 2577 8802 8202 7057 2273 6821 8777 3527 2627 8573 4798 2877 3546 7873 3421 
1799 8924 3574 4409 259 3749 3509 6309 1849 7760 3810 1235 7409 635 1860 8459 917 5642 2542 7042 742 1536 6261 8919 1486 2469 3392 4094 4069 6587 9786 794 6869 3111 5512 8069 4262 9487 1862 1587 329 7587 5154 29 5054 1279 4383 3004 3583 900 4558 4900 1558 6950 1380 3613 2650 5280 7700 8955 9700 1313 5300 6055 9555 3072 293 3470 1122 1365 2576 1720 4543 2356 7956 5447 4270 9364 8139 6678 5228 5865 7445 9051 7147 91 340 1903 4165 839 7920 3222 4826 6166 451 3290 9066 5845 8647 2640 5803 1891 4941 7866 628 8126 6347 420 5097 7031 745 7768 440 3115 7441 7156 8972 1297 8289 4878 2293 5252 1898 4552 4121 477 6002 9182 9677 8532 9307 5148 1377 7502 9057 17 1623 5871 2002 798 6871 6277 7257 4452 4596 1802 4548 8348 5373 
6599 3899 5649 9299 6009 2024 5534 9574 59 984 5584 859 5092 359 2635 2884 5310 4385 8084 9742 3010 6242 5544 6217 3569 7161 7444 7794 1394 994 5694 2144 4336 3369 6311 211 7162 7104 637 6579 9044 1454 3537 7204 7954 8033 1579 4708 8454 7958 2633 7205 2400 1363 6600 5250 3230 9600 4300 2488 3413 3680 1188 3580 9430 1275 8888 3330 641 553 6447 6878 4090 515 4603 9853 918 1101 4016 9222 3920 4616 1420 6653 7939 306 6501 8668 9714 5218 3247 9406 9353 4343 8731 1028 6697 6290 8331 8420 7756 8293 5389 1693 5456 8147 8070 9923 5726 7343 7847 1553 6291 8916 5103 416 1803 5397 9765 7281 8189 5096 1323 9146 9671 7021 4732 9348 1602 8198 3946 1402 6127 7157 9957 4357 5402 652 5802 6627 7548 6171 3873 2221 6673 2502 32 6946 
6274 99 7049 6259 34 3499 6224 174 2984 9460 6684 5760 3859 9685 6110 8984 9217 2592 3192 1242 1367 5867 2842 5842 5042 1661 319 2486 3237 2536 7944 3386 6536 6319 9769 2462 8236 3936 5894 9712 7037 7937 4354 787 3254 7137 9354 4 1758 6929 5258 7579 3458 8158 6808 833 9150 6080 1625 2305 5125 7455 3575 5405 4655 955 8913 6088 7880 122 491 2956 5403 6590 2456 139 481 1078 5526 6551 7231 4190 9301 4315 4595 1106 939 7865 301 976 6251 1345 1897 3320 2220 3847 4541 2645 993 8743 5695 3522 2922 7472 9864 7039 2018 7853 6639 7826 7428 3431 3195 4206 1353 6476 3 8568 2441 9039 7668 5895 7765 9389 7470 9668 3953 9152 6577 7202 221 2307 4848 9273 9123 2682 657 9607 1798 2523 6802 1196 5398 4471 8652 8982 3848 8332 6723 5032 2873 2623 6482 7627 
4724 6824 9074 9099 6924 8124 374 3024 3424 3484 2484 9310 9435 4417 4585 8610 9185 7167 1667 8660 1761 1917 2186 4786 7894 2736 2686 2219 4311 7969 4544 586 4569 3761 8212 2712 9919 4754 6787 7729 8537 2179 6104 6679 9387 1854 3854 3558 8358 7329 6483 9305 3050 2925 8100 3875 5100 3675 6913 3375 1580 9250 8563 8250 9463 6713 8280 8040 588 4776 6872 9006 291 1645 3639 4368 2322 9216 1466 6953 6816 3766 8951 9690 2864 9118 4341 9865 6618 1597 1120 6781 5365 8603 2391 5553 5853 5106 6895 9553 3789 3870 7072 7566 5020 3828 6495 3706 4120 7439 795 6343 5416 3441 2647 8906 8178 7256 3114 6491 9376 2506 9071 5407 5232 8002 673 4071 6902 3657 5752 3407 3507 5621 5896 1071 9046 9632 7771 6096 5952 1982 3852 3157 346 1532 4448 8757 6477 8296 
4424 3924 9324 4499 5499 7684 7809 4759 7009 2899 5034 9535 7859 3835 2835 5267 1310 2010 967 9442 6710 8685 9067 394 4411 8419 6161 9792 5636 5969 594 9212 4669 1644 8111 611 7712 3419 2912 5587 4454 4962 8312 2287 8062 2479 2758 6433 1333 4658 9358 2208 4450 605 2500 9138 6830 2688 7425 9350 2330 8630 9213 6655 5575 4205 3980 128 1655 4726 5715 9691 5568 2764 4528 7240 6040 3597 5214 1526 941 4845 4353 9640 4116 8203 2666 7715 8490 2901 3615 2345 3606 3231 8728 6190 5739 2093 8093 9341 3022 1947 9756 3514 2331 8345 8541 4903 6756 3241 590 5340 1565 8195 9378 2806 6368 7641 5245 3740 4197 5390 4482 4846 4796 7846 1098 5898 1782 5082 3202 296 1477 1173 7582 5021 5657 471 1096 146 6632 6646 8771 6702 5996 8552 2448 371 2473 
5449 9349 5374 3274 5324 8524 5859 3474 2460 6374 9409 7110 4534 6835 5785 2417 7310 3784 9292 2617 3042 7636 669 8211 7711 9944 2544 8992 9711 5061 2211 69 1612 3861 8962 5912 6344 2687 79 4537 6754 4604 5387 8004 9729 3208 8829 5758 3683 4983 9483 855 2313 2930 9538 8400 7025 7188 2175 1738 450 5238 1705 5613 1425 8150 1000 8313 2126 9550 2945 2206 3203 9097 145 8853 4222 1253 1240 4290 6203 8214 4839 2316 9597 7365 9176 8768 9503 8081 5720 1890 3881 2218 1695 2790 4145 1364 8741 8953 9370 7390 9239 7370 8815 3845 8091 7376 3193 4039 1303 7870 6370 8470 8956 1306 4840 8445 7695 5939 422 272 5464 8903 9397 9666 5521 2898 102 5848 6957 9198 1457 4157 9332 1957 9757 377 7973 502 5348 5998 6832 6077 2527 5971 5646 2827 7398 2846 3932 3427 5798 
7224 4449 7449 8024 7384 224 8834 3034 4484 2959 2935 7535 7084 3610 6634 5442 2385 7360 6860 9785 6392 3517 2885 6144 4419 3286 7219 5644 5219 9844 5011 1961 6094 7019 8686 112 2487 4904 8819 1912 5662 6937 3137 2079 6337 7079 7504 1608 9333 7608 1533 9280 3475 3030 6238 3425 1600 8705 8880 800 7963 2663 6405 5705 1305 1788 1238 4688 220 1176 3955 9306 8776 9693 8026 4643 4743 1168 5703 6441 1351 1639 5851 2593 1093 5953 7456 4590 8876 8666 6631 2793 1115 8097 7951 2778 2651 9920 4103 6306 543 222 4481 8226 8143 5165 518 5339 6301 9603 231 5697 740 9264 5168 5945 8315 7697 4193 3940 4218 2818 7639 3951 9193 6523 2282 2771 9598 4002 5357 6321 4396 1846 6102 1327 1598 8857 9402 4582 927 2171 848 2327 8527 2582 5102 227 9171 2521 6282 9177 
2199 6674 149 7649 3549 6834 7834 8449 3259 4692 724 4360 9735 2234 2034 2192 5935 18 1942 2561 592 9161 8117 5317 6342 9567 8369 2519 6467 4342 5869 242 2019 9194 5287 6861 9887 3961 5962 5079 7494 9287 4562 5479 6712 304 6829 3333 3808 9083 2958 6208 7633 1383 4350 8775 8380 6650 2450 3088 8725 9238 6755 2905 9033 3405 856 5000 180 2565 1180 4718 6451 1614 7745 651 8003 51 7320 2589 81 9340 1340 240 4351 1576 6691 8089 2595 8945 9814 4239 2341 4089 5372 8545 6940 7495 5570 7143 8897 5347 3116 8740 4191 5018 545 9428 3716 8964 720 7690 2547 5415 3731 581 20 3356 5170 2518 3981 6620 3926 7798 3698 7848 4777 5421 9323 7002 5107 9521 7298 5946 3971 882 2707 3357 6552 3057 1346 4477 202 2232 7596 6732 7857 5123 2607 4202 4132 
1199 6849 9249 4024 6974 7109 4624 5634 8184 5934 6609 1299 5210 335 234 6084 4467 6560 1217 3685 6910 4335 1442 5919 7017 5811 7169 4294 7686 1311 6786 7737 1861 5569 387 4387 4112 4287 6886 5062 6537 4779 5629 9629 1137 154 979 4179 429 1658 2383 7208 1233 3325 2233 3913 9525 5580 9500 5113 7930 4155 4255 7250 7113 3438 4530 6214 3653 5045 9128 322 4101 3253 5541 9456 5501 9970 9516 6053 2256 195 7814 1422 6245 7518 8314 8691 7020 9015 2664 878 3466 6776 1678 8672 8718 1514 4547 8878 4389 615 2903 7040 9068 5190 9447 9778 8716 8291 797 6266 5814 1522 8181 8472 2190 7266 7989 1572 1939 7828 9381 5395 1673 5207 8848 3052 9896 6923 5196 6757 4571 2207 5607 5321 4896 4952 5332 1707 8673 8571 7123 6652 7252 8596 5857 6648 2532 5452 596 
1774 6549 4159 5124 9884 5849 4809 8885 5734 5109 385 5834 7810 4935 8036 7892 5994 6542 5885 7485 5417 2261 3219 1692 2711 567 1936 6836 1461 1417 5262 8311 5762 4044 9967 1036 1994 7262 2404 4704 1812 6004 5887 5854 8179 3154 204 5958 333 4208 7258 2108 3200 8638 6275 4600 5380 7000 3155 838 7130 1138 8938 3588 9063 6813 150 7613 5955 9255 3672 6143 6591 351 7530 1451 3790 1489 1915 216 5131 6278 1356 8864 1470 2876 6726 9231 7131 9003 5753 2768 5622 5122 5216 7141 4670 1022 5140 816 9316 8491 8616 2731 791 7615 6645 5468 2626 7139 3941 5189 6772 1864 5393 8306 703 7420 7672 7843 2089 1503 2893 5153 3768 852 6223 127 1696 2971 9452 1932 9532 7523 9898 671 7296 4748 6877 7852 7832 5948 3246 9852 696 9282 9021 7882 2123 2596 7373 3821 
5274 7399 5084 7899 7324 9534 6509 7949 9109 3124 6159 7359 3359 5910 7934 2160 7260 8260 2942 4135 5094 6635 2035 2142 886 1611 7886 2936 6411 736 2811 4819 9361 4211 1444 1487 2294 7212 1387 5187 8086 7462 3862 7362 4037 7412 9179 4254 7854 9254 3983 3908 158 8483 288 6425 9013 8658 2480 750 575 9750 8350 8905 2830 4080 8230 9580 2655 550 8130 7413 1431 7776 1791 5791 4093 3801 401 3191 701 4791 4316 2214 7341 5816 9522 3122 9093 8766 8940 8072 4240 2328 2053 9443 8272 8326 7051 6081 3916 3515 1206 1245 9743 3095 3343 516 8066 5831 2997 8831 1147 7447 2472 928 7276 5090 4095 3989 1318 4189 3118 7431 5156 3831 5723 4323 4977 4673 6298 2973 1732 7907 2173 2773 6777 1496 3098 2302 6132 5302 1648 5882 5146 5746 8632 7046 5177 2457 9432 571 7427 5152 
2949 5774 3849 6284 3909 5759 9199 1909 7499 6759 9759 6909 92 1160 1409 8892 1810 4894 5667 9517 6667 9867 5761 4567 6686 3785 7394 5669 8769 844 5319 262 7811 8562 662 7144 5212 1237 8187 7987 437 6312 1037 8104 1904 5354 8229 2029 2083 3833 7983 4088 2030 2863 1325 5750 3225 3708 2525 2563 9630 2980 141 7855 3725 5450 6955 5805 3813 9297 6931 3126 8856 5645 7101 8681 8156 6355 68 2264 8220 3791 5743 9868 7366 5481 2678 7578 9740 1366 1615 1006 2095 3903 4264 2665 5545 6689 5941 2539 7381 9856 9 2541 840 1706 4468 506 3541 8714 7753 8572 9070 1670 1941 4195 3295 6616 4893 6768 4852 1182 4391 9527 9007 5023 3148 977 9457 1427 7323 9327 4427 1527 5473 7173 3021 4898 3296 5157 2073 6996 8623 7746 2821 7396 9121 573 3721 8177 
9549 8974 6399 2459 84 4974 8634 1934 6249 1185 1334 4634 534 7659 8185 5360 8160 8535 8567 7617 5192 7911 3211 9544 2669 1744 8844 5819 192 7986 1919 5344 861 3717 2087 7586 2262 2637 9386 6894 6987 4929 6804 8704 5179 4729 6283 8883 6879 6758 5658 6983 6633 5425 3358 6250 1980 1038 8238 6025 6750 8488 9275 8063 2080 4755 7050 7555 5155 3041 5290 2947 5766 4695 7720 2326 6120 8701 5964 9493 4231 7626 7318 1606 6681 3226 1966 7815 8993 4628 2745 3322 7622 1801 2466 390 1495 2078 193 2890 4470 618 9728 3939 9578 5828 9031 2722 3818 3345 572 5840 7647 2628 2431 2178 7645 418 270 1568 3243 3607 1948 396 2602 3223 3032 6521 9248 9096 4677 7177 921 9548 121 9627 5323 5527 6052 7223 7623 1371 4657 4423 4827 8402 2548 9648 5546 