72
1536 1736 763 1388 1365 1941 847 1268 921 496 
736 586 661 380 1725 1153 650 1878 301 1278 970 957 
536 636 1895 1438 830 151 1945 451 431 1026 1681 198 
386 1036 139 30 425 1555 1701 1481 1841 951 1146 1677 
1361 911 1213 330 1313 1156 256 866 878 1646 132 
1936 1711 138 1238 140 230 1070 316 991 1973 1032 
1886 1786 38 655 1439 1038 72 651 691 1132 632 
1161 511 1020 1063 930 1297 1470 1580 1631 789 223 1882 
761 1261 486 1155 1780 143 1772 743 1106 1581 1223 1307 
23 286 145 980 1750 955 1443 1276 1066 343 191 1007 1782 
936 1586 163 1550 1051 589 839 231 1527 402 
86 1911 573 538 780 1453 1016 303 801 3 1573 1302 
299 1061 1086 238 1463 663 175 1675 1295 853 1741 1866 245 771 152 
1049 1461 461 1869 1890 530 55 888 715 1222 1706 1743 997 896 1657 
899 161 1636 1938 1205 580 355 741 64 666 1766 1528 1314 923 1696 
1724 36 711 113 1880 713 1505 1801 1897 1815 1265 689 1798 1227 
1599 61 1836 863 630 1705 378 1965 326 1814 1656 1301 382 796 
274 136 1186 11 1930 188 1950 390 1968 543 291 1381 1432 546 
1424 686 1236 1194 591 913 1850 1440 1128 272 1176 1293 876 727 971 
974 111 336 1163 730 1830 1955 1831 1489 28 776 201 1503 1702 607 
1974 986 1811 1686 1005 313 1230 1353 1972 45 1547 578 895 14 273 
1199 1184 1436 311 1138 1805 550 1305 39 1822 1339 222 1556 396 82 
1011 836 211 63 1130 1400 805 339 1472 603 1076 893 1673 246 
236 1661 611 436 91 1813 838 1172 1870 1703 1764 597 165 657 121 
649 1409 1947 1267 267 137 487 1729 1954 1958 205 1168 101 1300 620 628 1664 89 1378 1327 698 
424 409 959 1185 786 379 841 1933 1808 1408 1700 131 1101 53 1466 278 1543 22 1802 973 1502 
1124 1122 1584 1336 47 1092 294 1569 1454 1833 358 180 1375 393 576 1916 1181 153 903 1553 1323 1123 
1274 186 1959 1960 1192 837 929 283 1033 1325 1426 314 631 720 1056 1345 215 1578 596 477 
449 1136 1486 717 854 1888 458 1100 455 1113 395 391 1289 1906 1951 1393 1315 1482 802 
349 1859 1860 261 1719 1587 879 1875 1755 80 1263 1191 843 1203 901 1872 118 146 373 948 
1849 861 411 369 1204 1763 100 1445 51 1214 1139 643 1343 156 1615 1321 1957 671 
1399 1111 561 1386 388 1488 908 288 438 1364 376 1818 1626 1726 297 795 52 902 1523 
1524 1611 361 219 613 1863 1513 751 1456 1853 664 745 656 97 418 1277 1077 
1799 1784 1211 1867 961 65 1363 130 705 1225 1881 581 526 440 541 489 915 852 821 1823 
174 1559 1560 1761 1013 1838 1188 1663 800 253 1141 426 1740 897 791 721 1496 
1774 1759 1760 1861 147 938 788 1275 950 1843 43 540 1928 1115 1776 1678 421 1232 
1674 224 284 709 910 1592 892 1044 1037 604 133 783 1308 325 1368 1178 645 647 668 770 993 1616 1695 1546 277 1248 1602 
1074 1059 60 1667 1019 1767 62 412 312 779 804 1758 1088 363 1164 1114 68 1270 1531 1240 20 1590 1691 1873 296 77 1273 
1249 1234 35 92 244 1317 1612 1519 1187 1854 304 1508 1475 600 1926 1025 1828 322 1068 1253 1281 1731 1964 493 114 1946 1096 427 1332 
824 724 1435 1342 1817 1842 344 1437 29 1779 483 1683 1575 813 1441 1891 1131 1820 1197 443 490 1041 1043 1406 1202 1357 1348 873 
799 784 259 67 1685 1544 469 919 1604 812 1579 708 1558 988 1165 1170 731 466 845 1256 1216 1520 1266 1303 1948 652 1923 182 
1449 309 635 435 1242 367 8 754 1479 954 25 255 1338 1493 16 1065 1953 1116 206 1028 939 1668 1514 248 1498 523 1377 
199 984 985 285 1292 1919 319 1287 1904 583 1633 1350 405 1380 1601 840 315 826 1251 216 626 1118 422 1693 298 1727 1557 648 
1324 34 1709 767 1442 1417 794 1529 629 158 1783 1425 280 1372 1447 1940 716 289 270 1089 195 1956 1672 1391 1282 1627 1423 1098 
324 1699 1485 1710 167 237 819 79 1829 12 1583 555 738 88 1495 1803 251 1576 428 1645 1564 1389 1397 1807 473 746 96 
574 1809 359 185 567 1392 1844 719 787 179 429 1383 350 1563 488 1351 40 1218 728 1140 803 243 170 420 1052 1723 1082 321 
999 334 1810 992 792 687 969 1312 454 204 1733 1455 1538 320 1143 653 265 1126 703 268 1797 1922 1390 1102 452 46 371 
1649 924 1684 360 342 1967 194 187 279 58 375 1125 155 875 1889 1756 276 1541 203 472 228 1516 302 1632 202 1071 
1624 1609 609 610 867 1467 885 1012 1887 1212 1787 1687 1279 633 1183 525 1713 126 1166 66 1003 1903 218 2 214 690 220 764 1591 1021 1396 446 227 732 
524 109 735 585 1892 1510 1894 1692 269 1262 979 1704 833 750 638 1605 1490 413 1022 293 1647 976 916 889 1606 190 364 1697 527 696 673 982 871 
874 1659 1109 1135 692 1742 492 967 1137 1961 1229 704 1554 50 250 1655 340 381 1893 345 1641 1670 881 166 366 515 1618 1877 1896 1952 571 1407 
599 49 1284 1460 160 1169 217 387 987 1862 1562 1304 1925 75 563 513 1613 1722 1072 76 1326 495 551 115 1778 1620 1506 457 1971 1746 1252 7 
1499 1484 1885 1060 485 467 1444 1769 1419 1054 554 1629 1083 1450 450 1105 1018 389 1845 1328 197 465 568 781 920 93 1416 1827 1852 582 1648 1857 
1549 1534 860 410 1542 960 1269 1294 1487 4 1608 654 1600 1330 1730 141 1765 641 595 851 1665 241 1090 941 972 95 327 557 773 177 882 
399 734 1159 184 1017 1117 1792 994 1794 894 1512 733 1908 883 1055 1500 128 1405 1476 1939 1864 281 501 1718 1290 1190 1078 1420 757 1752 702 1446 1652 
1374 1099 634 1110 210 69 917 112 1394 1762 887 1058 308 975 1855 755 1876 1465 1215 1868 1145 172 856 1789 890 1241 968 1371 1148 1748 646 927 
74 59 1935 909 1410 1669 644 1362 1879 1429 1679 1258 825 680 963 26 1840 1680 606 164 1031 891 1097 1597 370 356 846 1521 1173 57 282 
624 474 559 1217 1835 19 667 1694 1837 662 33 258 725 1738 105 1497 70 1901 1639 1751 1522 566 1501 21 239 1316 148 1698 1177 1221 777 
1149 1134 484 1235 260 1344 1162 1094 886 1387 479 508 1283 1050 505 1491 1839 1931 1341 1040 1653 670 247 1518 1565 1318 377 1598 17 448 748 
149 134 1259 1335 460 1067 44 419 1062 262 129 1079 1483 433 625 1280 318 672 1966 1643 590 1540 78 818 1226 806 1322 1452 1373 998 1902 1507 
549 534 834 1610 760 6 1910 392 842 417 394 1517 537 1462 37 562 1969 1637 233 858 1208 1150 1825 808 1900 300 1630 1816 1291 943 665 90 1147 1395 497 945 468 406 1715 765 122 822 814 1247 990 368 1414 1152 1921 532 1127 848 1182 1596 1398 552 502 1757 
1224 1174 384 1359 235 835 542 810 1585 1385 1219 1717 737 1537 1337 229 729 962 1329 1029 1433 225 500 463 1200 1905 1180 1001 478 1714 266 868 331 514 1264 181 701 470 439 640 601 240 491 13 1595 1039 1570 503 1306 623 1707 348 323 1898 521 1246 1796 752 1552 1402 
1024 1949 1209 759 1210 85 434 1167 142 942 660 292 519 569 1319 1112 637 529 154 437 1804 1658 1355 208 958 1588 658 1151 1175 328 1220 476 739 697 793 718 1720 1770 1914 1091 1915 1193 116 1793 1401 520 1415 1515 1422 1352 48 1907 1582 627 1471 1871 723 977 877 1457 
949 1349 859 535 159 1309 242 785 18 869 1469 1119 862 1286 937 337 1712 54 579 354 533 1000 1525 1913 605 1625 1370 1847 618 1865 341 989 1745 864 1340 1593 1918 1568 441 564 768 1603 1418 772 966 416 1427 196 1848 577 907 498 602 1346 1621 1421 102 
99 1574 1009 1884 1334 1434 1160 1360 1617 560 1310 769 1369 1144 1069 1311 1004 1237 912 212 329 1883 83 1458 558 925 850 880 1788 1356 1014 1195 1053 306 747 614 978 178 1272 464 1739 766 1781 995 1403 693 953 681 965 353 1477 1002 1448 1296 482 1046 71 257 677 832 952 
249 1749 1 1734 809 1034 1384 1785 335 744 1944 144 1494 1594 1511 1912 679 1412 758 1379 1754 333 1430 1650 575 1250 855 1255 900 1015 1943 1103 1920 1347 1189 1201 639 547 120 865 615 351 1047 964 1551 522 10 106 956 1320 1832 1721 807 32 271 171 548 1777 1171 857 
849 1924 584 1909 1634 1084 1834 1635 1085 1917 710 817 1819 87 494 1154 362 1129 1254 683 408 608 275 400 688 1688 1628 1206 1640 531 831 1768 414 1006 1526 1747 870 1095 447 572 1243 1231 1791 81 947 1572 928 127 1121 27 827 1073 1257 207 782 123 398 1577 
0 1874 934 684 374 685 209 659 592 1367 1492 119 594 1042 1744 811 512 1812 1654 712 1158 1962 1504 1404 1708 125 15 1963 700 338 1366 622 1826 1806 1464 918 1753 453 706 556 1539 1081 1093 553 1614 1239 931 506 1566 415 232 1057 1607 432 173 1198 357 98 1623 1157 352 
124 1824 509 674 935 459 742 1260 517 1035 94 192 1567 1937 444 612 1087 829 404 254 1179 1133 1233 150 5 1413 1030 1428 1431 347 1970 828 31 922 1545 9 1856 816 189 516 1666 1245 695 1790 940 756 365 1023 1671 1927 1846 946 1298 1548 1473 1773 1382 823 
699 1299 499 1010 510 135 1509 1285 1142 544 1642 944 1244 1411 1644 162 1737 1354 1008 904 1358 108 1638 475 675 1480 1080 1288 1075 397 1716 1468 926 981 1228 1064 722 290 726 1120 616 176 676 168 445 820 678 518 1676 1690 1589 932 107 307 221 332 798 598 1027 423 24 
1899 774 84 1459 385 1535 884 117 1942 42 642 442 317 619 1662 587 669 287 104 504 1533 933 1333 183 213 1800 775 588 430 200 226 528 1728 1651 193 906 41 872 295 1851 914 815 593 1689 790 570 753 797 778 346 1932 1271 1196 1821 621 1207 707 507 682 1732 471 
749 1474 234 1934 110 1660 1735 310 617 1619 694 844 169 762 1561 462 1929 1104 383 983 1108 1858 905 305 480 1530 1775 263 1478 714 1451 539 1795 545 264 740 56 1331 481 565 456 401 1045 1622 1376 103 157 403 372 1571 996 73 1107 898 252 1048 1532 1682 407 1771 