72




































48 65 
173 128 
164 
141 
165 
66 
139 
28 
41 
20 146 
103 121 
10 
36 91 81 
172 138 40 
72 116 
47 64 143 
22 115 
147 153 
122 166 
148 39 71 
24 118 
98 140 
73 114 3 
123 53 17 
49 34 35 42 44 37 29 33 5 25 16 157 32 
0 1 6 18 19 8 4 12 155 56 126 26 14 
149 134 135 142 144 137 129 133 125 43 156 152 132 
174 159 160 167 169 162 154 158 50 168 31 27 
99 84 85 92 94 87 79 83 75 130 150 151 77 7 
74 59 60 67 69 62 54 58 38 30 51 52 
124 109 110 117 119 112 104 108 100 96 76 21 82 127 
136 111 95 88 63 11 101 46 57 
86 2 113 163 68 13 107 
161 70 145 89 105 9 106 102 
23 97 120 90 80 93 171 
61 170 45 78 55 15 131 