72
3249 3499 3647 3385 3360 2642 3562 3969 354 683 3830 2613 2950 3163 2422 1580 2718 776 2089 3441 3090 89 416 2440 2293 2521 2132 1182 
624 1174 2585 1592 735 342 3511 3929 204 133 1663 3175 2750 3255 2030 2000 651 3447 2288 770 2126 1481 43 1028 293 1048 3252 727 
2849 1649 3735 861 1094 1369 3287 2879 833 1505 1305 3155 1963 40 364 189 976 2831 2651 1789 281 1323 3207 3132 
3649 949 811 1317 3419 2711 1194 3369 3829 3838 113 380 3863 1588 38 2940 2714 645 3168 356 72 1676 965 2728 3368 2998 3902 
1149 61 1236 1211 594 1119 815 404 2413 3238 3963 775 1450 3038 553 2256 3826 2793 655 2506 1040 3493 3748 2527 2832 
3924 1274 3611 2144 536 2412 2538 2258 2780 2555 3250 2705 2025 3672 3055 3439 3339 2590 601 464 2968 2668 10 2353 223 728 740 598 
899 2311 3886 3919 1662 3036 3263 1104 1058 1683 3125 2325 3713 2513 2406 53 2243 1356 753 2768 2139 3778 1264 289 2948 2352 
799 1411 3811 3461 2494 236 2863 1113 2438 838 855 566 2415 1788 3166 1326 3753 3139 3915 153 278 1221 3782 421 
1399 1736 561 3536 3386 2287 266 2533 1258 1688 1413 3605 2151 993 2765 572 3331 193 1572 947 3897 3227 202 2202 
3399 761 1586 1569 194 719 936 111 3338 563 3225 330 564 2475 497 2595 241 481 818 1056 3964 3365 2191 2232 323 652 
1199 3861 3936 2819 644 1611 3463 900 3438 2050 1555 3313 2978 3328 1730 1393 3691 3164 897 615 2365 1146 3498 2896 
1974 2561 1919 3686 3744 937 2588 75 3100 1363 2713 3670 3913 493 478 3606 2666 693 306 3643 2314 2678 923 2682 
74 349 884 2135 1385 1142 3167 2486 1269 3161 2079 3579 1454 150 175 488 163 1675 3676 2265 3641 814 1376 1101 826 2539 1331 2881 2103 2747 1523 2996 7 3596 
3849 3174 1359 410 935 1635 2919 1536 1061 3737 2979 3354 3358 3805 1275 1150 255 3475 2266 28 65 3520 2553 3051 3503 1072 3940 2545 3047 3657 2296 3632 582 
374 1224 1660 34 985 1744 1967 1836 1719 1862 4 1179 479 2108 30 1750 1180 275 2663 2166 176 1703 1151 3406 2531 1381 1666 915 3026 3206 2096 932 777 857 
2524 2074 2360 260 967 3344 2944 586 3012 1612 2604 2608 2975 3030 2275 138 1950 2797 2264 1615 3603 3078 2226 2989 1476 1951 595 9 3039 3698 2273 3071 2421 
2724 999 2959 1835 1860 1485 1819 611 3436 1712 3487 3458 3154 3958 3650 1338 1455 475 480 3831 1870 676 366 2916 3089 1828 1339 1556 3003 1126 2295 1432 1196 2257 2107 
649 3974 2209 1785 1360 769 2461 619 886 2712 287 2933 3158 80 405 1288 3380 2870 2680 3872 3440 495 1806 331 768 3016 3201 270 1464 352 3471 457 602 
2174 870 434 3659 1535 3892 2042 3544 3394 519 1062 529 3883 2450 1500 2080 3538 2888 3176 1620 3153 1720 2620 39 2672 215 2326 2626 518 2028 2871 1777 3832 827 
2674 3674 3374 1459 1960 969 2086 1386 3604 1304 3179 458 1633 2255 2380 1050 11 1851 2920 3213 2622 2801 978 1714 164 3393 2118 3918 1595 3332 1477 952 3246 
599 2399 2510 3660 2167 1561 2236 44 3637 3679 1479 3433 233 2338 213 225 238 2488 1618 3231 3626 628 3803 276 1322 795 403 695 2731 1473 1502 3873 2323 
2499 3224 1894 3942 1542 792 994 3319 1494 3437 1979 708 2633 2138 63 2063 2013 3705 2618 2526 2095 2128 376 243 2428 90 2347 1793 1272 2148 471 1902 1171 
2299 834 835 392 417 3542 1717 3236 2937 336 854 2429 2054 2333 2838 1655 1100 2055 2943 2172 3341 2776 2228 370 766 3256 876 1497 1731 832 52 672 1598 
249 1284 334 567 2342 1042 1936 2512 1686 1687 112 3758 1358 3230 363 1430 2866 2081 78 2051 3640 1091 280 1695 3145 2603 3476 2043 1590 1448 2846 502 71 
3949 809 3884 2685 2384 3310 69 911 261 3087 511 2187 237 1162 3008 2758 283 1225 2825 3575 2625 2091 2280 191 491 1353 476 2345 1064 1341 3376 2101 3945 891 1191 741 3532 2652 946 3421 3521 
724 2534 3234 1010 2960 785 1567 3819 361 1144 3537 587 1904 3654 504 1154 1075 2938 1458 1830 1313 2880 3530 2941 2876 1551 3615 641 343 1051 3276 3772 2068 422 1981 866 1970 348 1852 148 107 3546 
2374 84 1584 460 1242 18 1992 1392 3742 219 2036 1087 2762 2854 3429 1183 2383 1238 2155 413 1625 2963 288 2753 1845 2078 2906 2703 3518 318 1990 2106 3766 3481 3353 2743 3907 2923 3032 2477 3146 
224 3124 2984 1049 3534 1135 3767 569 3561 2961 3194 1469 2112 1637 2379 158 2925 1175 2988 713 1250 2125 1616 3515 990 2038 2995 3426 1103 378 3770 2393 3128 3391 616 1543 2178 3077 1071 24 1402 2498 
2799 424 174 1984 984 734 2867 1594 1511 319 2462 2162 1762 929 358 3708 2208 1850 2150 3500 155 2955 2451 2153 1538 1065 981 2791 2578 3156 126 1797 2395 3793 591 3278 2673 648 1021 1307 3477 
2924 1892 3109 1209 2435 3210 3944 2469 1219 2219 837 37 1929 3658 1333 1400 3563 3955 2530 1475 2853 1053 2939 1701 372 3151 581 245 820 793 3389 115 1015 2289 521 2127 3721 877 3923 2698 
3524 384 299 2009 1417 160 144 2744 3644 2836 3719 1387 3279 3704 2983 2855 2580 400 300 2655 875 2168 3697 3172 1856 2270 3140 1443 2572 2140 3765 2893 1765 2041 3740 1971 2327 1782 1898 2571 
499 684 3860 3309 509 1792 2192 292 2969 2886 2019 3187 3729 2029 433 2058 1550 1600 1350 2113 3464 1614 3326 1365 3488 195 3901 2706 2789 3381 415 2956 1465 2064 3218 666 1552 1148 171 1932 2727 
974 2224 1834 2059 3785 842 1867 1811 461 1267 2687 3312 2804 154 3029 3233 3525 2088 1355 1200 1025 3472 3340 1255 41 997 1070 1391 1656 2890 320 2815 697 3006 2281 1540 3627 2496 2607 207 3948 
3449 2234 309 685 1684 3035 267 3619 2392 3612 3211 3494 337 304 2479 2583 733 2813 2008 3888 725 1280 2401 2156 1801 1601 345 470 1665 3801 3570 3093 2001 3970 1422 2189 3248 3148 3552 1248 2973 1577 
399 3724 659 1285 3910 3792 892 242 3492 1912 1644 2387 1604 2433 3308 1158 1700 455 250 3656 3025 991 1820 1390 339 540 1672 2431 1120 2840 1515 2065 1643 745 2577 2907 407 1232 1848 
2599 1009 2034 3235 667 992 3894 3761 436 1619 2987 737 2779 1629 108 3850 263 1375 3880 1530 3870 489 2170 301 3091 3689 1868 2895 143 1441 1026 972 1297 2520 3182 2798 1107 2957 2982 1423 
874 1799 2974 910 2985 660 1985 1842 2617 1669 3717 1492 2761 687 2612 1079 29 1583 408 750 2133 3580 1988 3738 1480 1980 3664 3205 920 1366 1564 643 1670 2828 2897 239 101 989 1768 2670 1247 2841 895 2518 3791 3216 1821 307 3648 2248 3102 1496 48 3432 
1824 1774 2709 2284 3159 3760 1210 3535 1767 986 1344 2586 3669 1787 2787 3454 3608 104 2783 783 3305 2525 3900 3013 1876 2856 513 2566 2716 1368 2143 2528 3868 206 2115 2701 265 690 3726 1491 1428 3497 1001 3595 2291 2198 2246 321 573 198 2007 1073 1952 
2549 1909 1234 1409 1235 1499 3510 1634 3117 492 42 2419 3337 912 2394 1187 3904 2204 2004 883 1958 100 805 2700 2213 3343 1501 3228 1553 2970 3226 1943 914 3303 368 2514 1815 226 1439 1231 2201 528 590 3293 2364 3223 1396 2532 646 3257 132 982 1002 
2899 3059 59 2609 3935 3110 3342 2060 617 3292 2861 2211 87 1837 787 3037 329 2808 1758 1575 463 1880 2875 2763 338 3788 3468 2945 3806 2093 1568 3751 1397 2803 2615 256 3853 2606 2351 1315 3418 716 3397 3281 2478 668 371 1398 257 3723 723 3446 546 3157 
0 134 3299 1699 2085 284 1110 3869 394 1544 812 1412 3687 744 2904 1279 1754 3683 3108 2033 1563 1800 2375 588 3005 3470 2931 91 314 2993 97 2816 1201 2839 1041 1997 439 231 3095 2466 165 778 2515 791 1597 1602 1046 2448 2377 3946 873 3382 
824 559 2784 609 1859 2160 2517 510 3086 23 211 2294 2386 3361 887 3304 879 583 1008 2075 55 705 3188 980 3665 568 1066 3443 2770 2903 2664 2565 822 541 715 1318 397 1095 3239 851 3878 3706 2022 603 2346 721 1352 1207 1632 3732 621 473 
2474 3809 359 2134 3209 485 442 2842 844 1336 2186 187 2587 2837 1854 3504 908 633 3613 3855 975 3150 1955 3063 2738 51 3628 2343 240 3864 2247 1841 3081 251 3947 781 1778 2497 1147 881 3195 1531 664 3707 1698 1957 632 3346 3323 2746 2071 
1024 1934 2310 1759 1959 3092 3617 285 3317 3192 2244 2286 2362 1636 2454 3162 729 1533 1483 3105 3075 3300 2175 1163 3666 3828 3622 3564 1506 2581 26 1664 3681 1218 1526 1295 547 714 3351 2665 3045 1106 928 2695 3007 3198 2507 3773 252 2921 3896 3623 
1449 1509 459 3434 3010 1034 1442 3917 19 694 2094 1711 1212 537 512 487 2908 1933 1108 963 1405 505 2205 3200 2851 3401 228 903 1347 2340 3565 1678 2656 201 168 1489 178 3120 1045 1490 3318 389 1266 1593 2046 2857 1548 2757 696 1277 1527 
574 3259 2259 184 1474 159 2185 3017 3642 836 1786 2869 1036 1761 212 954 979 1954 3908 1725 2230 3700 3775 313 500 2864 730 3431 3526 328 64 2341 1089 1328 3956 1078 3953 2614 1081 47 2116 1420 3315 2681 3114 1166 282 1371 302 2423 173 3507 1757 798 
3024 449 2084 2659 3034 1060 3817 1035 2117 1844 3836 1086 1812 3787 1169 3779 779 279 1383 1033 2600 1925 3113 625 1000 3845 556 3420 2241 756 3378 2766 1697 1518 1240 797 522 2928 1740 2820 531 865 395 295 739 2321 1921 2657 2382 1421 1977 1521 
2949 1424 3409 2260 2460 934 885 3692 1217 2519 1692 762 944 3762 1287 1779 704 2458 608 3655 3400 538 988 2675 1805 2403 3840 639 2231 353 2601 1522 2543 1897 3556 1893 2616 2114 2951 3147 3716 647 2015 1964 3789 656 496 3396 3127 3423 1302 3357 1298 
3574 2999 3009 959 3909 1609 3885 1560 2792 1419 3111 3769 2661 1869 1437 3262 2962 3529 3879 558 3533 3733 350 3550 950 688 525 3275 2200 1901 2720 2164 1756 2564 1364 1114 140 3241 3876 1928 1178 2491 622 2503 1978 3178 501 2697 2490 3065 2470 2356 248 3602 2082 2121 1702 2596 2827 1871 1227 2298 
2324 474 2934 2109 2834 1886 3685 2542 1017 3517 3069 1944 1011 1136 1186 1312 1012 2037 604 429 2083 2708 800 3630 3555 1213 2350 425 2180 2165 151 3422 315 3522 3566 2328 456 3415 3118 465 3776 93 1926 3070 3718 1776 1301 2372 890 1281 3072 847 3827 2077 327 2271 2396 3171 527 2102 2052 3173 2848 
2274 2774 1434 3549 560 2785 142 2467 2717 3392 3269 3967 1192 1361 2812 2862 2887 3933 1529 1433 2683 2130 3033 3930 1680 3138 2105 2865 3614 1706 995 490 2570 45 576 2972 70 268 203 1215 1747 1351 1541 3541 3506 1290 840 1466 515 2306 3741 3407 846 482 2173 1596 3548 1346 346 3496 196 
1349 3699 1374 135 3810 210 2760 2367 1244 1519 2694 2344 1044 3887 2636 3662 3962 254 2829 1254 1208 2550 3750 2913 1825 2630 1576 3480 1401 2756 3695 1118 322 1340 906 1878 1378 2918 2847 1293 3245 2464 2468 3363 953 2040 1165 1915 864 3068 3890 3682 3771 2123 1357 3057 2598 1877 1282 3527 432 
1524 2309 3859 1910 3460 1384 2835 1667 35 3842 942 3119 369 36 2769 3486 804 904 2579 3954 1508 2183 2425 3425 180 1205 600 3513 3839 3466 81 95 1370 1372 3722 2447 114 3103 2072 3781 1751 2991 2147 3 3066 472 1631 839 1164 3973 2691 246 1948 1446 1827 3371 1732 2802 2207 3696 2473 
1099 3799 1124 534 1410 3384 2634 917 542 961 3261 3144 3136 161 294 119 1579 654 1908 12 1833 3208 3813 1438 325 580 1763 880 570 1005 3345 3645 3968 3243 1406 1839 2568 3856 578 3191 1766 68 1753 872 1222 1278 2195 1172 3015 1145 3056 1023 448 757 2707 1623 1096 746 3582 3757 2796 
1249 2199 3459 2909 3684 3610 535 2285 1887 1092 717 3469 711 2194 1261 2304 1037 2404 454 3204 3058 3450 1755 3825 15 5 763 3050 2872 751 3403 1872 214 1226 451 220 3268 2722 3540 441 1426 2456 1495 1116 943 2639 2056 2465 297 2318 670 1121 2552 2902 1373 3852 971 2782 2482 2632 2873 
2824 1599 1 3509 409 1810 960 2210 1292 2442 167 1661 2312 2619 1111 486 754 1229 1829 1029 3083 3133 555 3000 2463 825 680 1388 1105 3841 1689 3816 1941 1415 878 1570 3568 316 118 2814 440 1514 520 2628 340 3715 1972 1022 2739 1014 853 1796 3348 357 1327 571 623 1646 1973 3777 3727 2671 
3349 3084 1549 2684 760 234 2910 1517 3417 2136 3592 269 2669 1986 1394 3169 1987 1429 1462 3858 1283 508 3483 200 2225 3763 2430 1013 1905 2268 1622 765 1395 3141 1303 2843 2239 2443 951 2891 618 1745 2439 106 3922 3795 197 1018 2018 2181 1006 2740 1907 896 3046 1748 1223 402 1946 3448 3571 2277 
149 699 2049 3324 3784 6 2610 3359 1610 2917 3061 3911 1861 3367 2844 244 437 1487 3254 1354 1233 1608 1930 638 3625 3725 1263 2305 2790 2730 1693 2589 2772 1343 222 3395 3889 926 3247 103 1472 701 614 1791 2145 2315 2693 1906 2003 2303 748 1498 3523 2977 596 1832 2427 2098 577 3557 2371 
3624 674 3749 3060 3560 2935 867 2592 2967 2911 419 2894 1486 387 2087 2337 3712 3629 2229 1733 383 3258 2330 630 25 675 3505 3800 3288 3601 1566 147 3240 145 1440 1389 3390 2516 3539 3270 1681 1314 689 3491 3965 414 1995 1143 1468 2322 3578 841 1256 607 227 1557 3957 123 532 2196 548 882 1152 
3824 3899 3934 3759 109 310 3567 692 2667 869 2811 3862 2436 1167 3594 2061 2437 2637 2129 2408 3783 1900 1030 3180 1775 955 2100 3588 3453 2926 3428 2653 3631 3101 2547 453 940 1306 2981 1291 3547 3747 2689 1903 216 3797 3495 3966 2216 1016 845 3427 3871 782 3621 3802 3752 1348 3473 1177 2452 
1899 1884 1885 1734 3599 1084 3260 2184 524 2567 2317 1259 3435 1484 110 3160 2269 3442 686 669 517 3519 2262 2111 1069 169 2011 3412 1337 2254 1654 162 3754 3104 3129 3558 58 2629 1708 658 1705 2900 2980 1425 1975 88 355 1630 1188 3730 3280 640 2597 2272 2556 2591 893 1565 3126 764 3678 1447 3728 1822 3693 2376 1093 1345 3018 2297 1416 3690 1216 790 1891 1470 16 678 3895 2745 2522 1139 3193 2476 443 1956 3593 3190 3222 1128 1641 1173 3589 82 1621 3298 182 2546 2702 157 2171 1798 2446 907 298 221 507 1927 1427 1727 677 3096 3196 3052 2677 
2574 2559 2099 3134 1659 1999 2334 3085 749 3284 435 2267 2660 3635 467 235 2817 2635 1067 642 2936 3794 1319 2169 2994 2444 1969 2912 2537 286 1537 3837 3512 1962 1262 2062 2179 1004 1408 3479 308 1558 1808 2283 905 3080 850 2388 3950 1230 2005 3355 2505 3651 1138 551 3847 3451 3815 2501 1241 1031 128 918 1243 3581 1628 3822 2441 2203 3265 1826 718 156 3514 3272 1414 1993 2070 1626 2643 3116 2889 789 3939 1228 743 2218 1966 3745 3366 1953 3531 3652 2223 1589 121 2927 2807 3746 273 2898 1873 2823 1896 2882 921 2773 3882 948 823 673 1723 1532 3457 3877 1671 1127 
774 2124 549 3559 1309 209 484 2535 2235 2735 1585 3867 2860 3467 3142 192 819 1260 1436 2511 3694 1879 2611 3844 2562 3444 3286 2737 3237 2212 1883 3004 1554 2308 2558 1679 3283 1983 2930 2263 1813 3680 2725 2405 2788 2238 188 3350 2418 1463 3843 1606 2240 1603 1668 3528 253 1920 401 1816 2378 803 1403 1853 218 2764 264 56 1640 122 1881 20 2445 1047 941 1206 2631 3314 2066 3703 3903 1097 726 2014 2472 1918 681 3197 1451 1141 3203 2852 1170 3221 1407 1721 977 802 1471 2752 2348 3921 1546 27 1982 377 3821 3307 3232 2732 3123 1507 1452 2032 996 
1749 1324 759 124 3609 1624 634 2759 49 3335 3135 3835 67 1742 3585 1342 2092 2892 3569 919 3217 469 2067 62 1467 786 2044 3062 1562 2069 1694 312 3387 1404 2679 3404 3804 629 808 208 3925 2883 2250 2958 2500 2800 1855 1780 1055 1525 2805 780 76 3388 2301 3165 3639 2331 1245 2076 2922 1090 816 2426 1795 2290 1931 2541 1503 2806 3891 3097 1947 131 3122 3768 514 1691 66 722 2676 703 1493 956 2647 3053 889 3266 2453 2222 21 1270 2026 653 2320 1581 3452 1246 3098 2152 627 77 1802 1052 1321 2582 1652 1032 3048 1102 152 2182 2971 807 3002 332 1198 32 1457 
3099 1949 2449 849 909 2884 2649 1784 60 1134 1184 2710 1760 3267 3710 3960 2319 1160 186 2767 2736 2369 444 117 1994 3961 137 3711 8 362 712 2504 1362 379 2704 1329 1658 3333 3633 3183 2658 3455 450 1063 2575 3405 2775 613 938 3938 2638 565 830 1814 1214 3620 3851 916 3618 2120 1520 2339 3106 166 116 968 3764 1220 272 365 418 3501 2397 2826 3316 1431 1456 1445 420 3790 1239 964 1140 545 868 2495 2366 1168 2316 3214 3220 3906 1882 2623 2252 3373 17 698 848 3021 1846 1377 2952 3857 3798 2282 523 3082 821 1202 3302 3398 3352 2721 973 3202 
3149 1674 199 2149 2409 2560 2584 2434 259 385 2410 1917 635 1817 367 2942 2261 2292 2544 86 1911 2794 411 1294 1642 794 494 2644 3854 3137 1161 1729 2529 1804 3229 1054 1858 933 550 3383 1605 2163 3430 3675 3875 700 2830 3668 1300 2313 738 2688 3347 391 3445 2964 31 3251 1790 3814 326 1645 2915 1843 945 2953 172 922 1320 2540 2822 3701 3022 3181 691 970 1289 2390 3866 3115 2122 856 2278 1003 120 2690 1193 1528 3731 1989 1156 2031 3297 2402 665 2073 1157 477 2548 752 1673 1482 373 2646 3502 2373 398 1996 2748 3482 3027 998 3646 557 2027 2648 
3874 1074 2349 274 1724 3834 810 2484 3634 1335 784 1310 2110 3185 335 3242 317 2536 2361 661 1617 3411 2336 1286 3186 3736 894 2119 987 662 3554 554 2929 2012 2154 579 758 1783 3833 2733 983 258 2755 1650 913 575 2905 530 375 3780 3088 3755 3375 813 1155 2593 2947 1726 901 1772 1043 1195 631 1770 3572 170 2576 1866 2381 2141 2726 3076 2039 3543 3040 3916 431 141 939 1203 506 3881 2016 3590 3489 597 1582 606 1190 3739 2215 1453 3591 2047 291 1578 720 1998 2821 682 57 3607 73 1271 2146 127 1657 2221 1752 1773 3898 1923 3177 146 2357 2502 3673 3807 2177 
3074 3424 2874 859 2734 2809 1735 860 3709 3410 3959 2810 3067 2335 2992 2569 1185 136 94 2786 2017 2594 3786 742 1587 2137 1512 612 412 3329 129 3362 2654 1379 2329 858 3408 333 33 2300 2850 1038 2400 755 1080 2355 3653 2455 1488 2363 1638 438 2420 1722 2090 801 1940 1895 3941 2214 2878 1890 393 2966 1865 2389 1068 2276 390 1316 1189 2640 3356 428 1831 931 2741 2641 1639 3720 1115 3041 3320 445 1976 2020 3295 22 3215 290 2493 498 1648 871 2777 2696 423 2523 3023 1082 1382 2946 2602 46 2877 1607 1132 3598 1007 1027 102 3927 732 1627 707 
3274 2424 2624 3199 3334 2024 1059 2159 1510 3734 185 1085 610 585 2035 2010 1710 2417 3485 2492 1444 3019 2686 311 2161 1237 962 3812 3044 3462 2662 1137 2554 79 2354 679 3379 2754 958 2158 2358 2833 1133 50 1838 3325 3688 863 1513 2188 650 1863 230 605 2414 2976 2416 2551 347 2845 303 406 2245 3031 190 1916 1803 2818 1122 1818 1176 2751 1743 843 3372 3028 3364 426 1840 3490 3264 589 3014 3064 593 2391 1197 3714 2368 1539 3322 1253 3043 2193 1547 831 552 1131 3823 3271 1571 98 2573 2771 1807 3671 232 1746 3121 957 2432 2621 1296 446 796 702 3573 3577 14 277 
2749 3774 1299 1849 1874 2359 1559 3584 1109 710 3484 767 3285 2742 2385 3094 386 3042 1311 1117 2719 544 3661 562 1769 862 462 3586 2237 2487 179 1504 829 1129 2508 2858 1308 1875 3600 483 888 1888 1713 3130 3330 430 788 930 2868 3638 3413 1076 3456 1130 2253 2795 2778 1718 2997 1478 3516 1276 772 1418 3253 466 3545 1764 1781 181 1945 626 2 3289 966 139 3576 3020 13 1591 706 1991 1728 3597 2489 1647 1265 731 2197 1965 828 747 1268 2021 296 1696 96 902 3402 3152 773 3932 1677 1273 3846 3107 3073 2332 1682 3702 2407 3273 852 2002 898 
1924 924 2249 2699 1809 2459 3049 2859 584 85 1534 360 2885 817 1942 2692 2142 1685 3336 3667 592 1794 3011 1019 3311 3937 1961 3294 3912 344 1937 1461 54 3212 1112 2729 1704 2279 1083 83 183 533 3508 1613 2483 1738 1938 130 925 3905 1380 1325 125 1330 2650 1125 663 2131 3616 381 3551 2914 1690 2901 468 3001 3914 1651 447 1864 516 1741 3865 3931 2715 3143 2965 2990 543 806 1889 1922 3478 539 3928 2006 1181 3943 3756 1516 2206 3743 3972 2190 1939 3291 1020 2045 3796 2370 1857 2307 2057 3971 271 2227 1823 3677 2932 177 1573 2471 1771 3952 1077 671 1707 927 1057 3277 2048 2157 
3474 99 1574 324 1334 709 2509 1935 3184 1435 1709 1159 2485 92 2242 1460 217 2217 1367 3244 636 1737 2411 2986 3636 3219 736 3112 262 637 3079 3054 3587 1204 2954 2104 229 3663 2233 3808 3583 2480 388 2563 1088 1913 2605 205 2781 3465 105 3926 2251 351 305 3416 2097 3170 247 3553 3818 3306 526 1653 2481 1545 3920 341 1715 3131 3414 3820 3951 3893 503 1716 1847 3301 2176 2645 1251 1914 3370 1739 620 3290 2053 1153 1039 3189 1968 2220 2457 2557 1123 396 657 3327 2723 1332 3296 771 382 452 1098 3848 3377 3282 3321 2023 427 2398 2627 1257 2302 1252 