144
448 328 
923 388 846 
648 265 
523 916 
698 615 
623 215 296 
24 840 
748 165 
348 314 146 
341 246 
928 
216 
315 
464 
714 
289 
228 
465 
941 
653 
128 
891 
10 
3 
22 888 716 
872 93 893 
397 690 290 
197 764 271 
172 40 9 
470 803 496 
247 166 771 
572 789 532 
647 889 641 
722 616 196 
123 728 66 
823 266 921 
395 428 
673 414 621 
323 741 640 
373 968 546 
773 178 
548 440 
848 139 553 
98 865 
298 828 71 
598 415 571 
798 416 
273 203 441 
272 353 664 
347 365 368 421 
847 691 681 346 
622 953 443 
447 966 864 
372 316 868 
747 116 478 
672 28 278 
770 264 628 
522 863 516 
597 914 943 
122 198 678 180 796 
370 514 318 521 
922 423 403 721 
897 103 565 
472 815 906 46 
820 903 240 
322 223 65 493 
497 453 671 
297 41 753 257 
422 53 218 
947 603 918 821 
797 723 164 118 171 
772 898 153 515 
686 745 939 913 766 851 707 
511 945 839 205 356 431 32 
636 445 489 463 343 281 782 
861 295 938 55 68 646 
386 973 965 288 56 52 
811 45 364 188 790 327 
261 495 438 693 51 746 
936 70 740 663 818 406 557 
136 173 541 303 931 832 
61 2 638 380 140 971 
436 220 366 588 843 393 
311 972 163 655 591 96 
611 795 389 563 768 371 
786 595 930 418 357 
586 248 115 593 446 
461 870 213 280 156 471 
411 320 114 11 168 706 107 
911 620 589 543 806 293 
761 670 491 506 957 
661 245 940 488 765 631 
211 420 355 230 816 121 
23 895 841 141 17 
286 145 253 778 871 
561 520 340 490 896 
124 697 185 192 194 562 208 200 881 932 
524 711 720 89 538 263 256 856 877 
0 695 948 739 338 30 31 751 827 
799 547 570 88 255 755 201 732 
674 545 498 963 80 430 131 626 432 
624 95 48 539 688 555 481 407 
224 97 398 613 480 951 701 477 
149 134 135 142 964 813 455 226 576 152 
949 934 935 942 944 937 929 313 81 578 157 
574 559 560 614 38 630 190 382 
86 845 339 955 105 106 193 482 
36 822 413 830 206 20 502 
736 195 689 63 155 503 656 14 
886 47 473 214 238 763 43 676 181 727 
236 345 738 730 731 21 652 
336 970 873 814 805 713 793 221 227 
536 270 91 880 705 476 507 
161 120 78 905 618 143 202 
961 222 439 838 405 878 696 552 
111 72 639 113 15 866 596 
361 920 239 363 513 791 126 307 
186 645 528 788 956 468 602 
836 170 73 540 330 331 590 332 
486 147 90 138 853 456 182 
99 84 85 573 310 317 867 119 887 879 304 658 308 300 775 301 643 952 577 
324 309 884 860 44 319 769 112 762 104 458 183 12 825 726 756 13 352 457 
874 859 92 94 767 37 862 883 58 875 675 625 915 527 452 
549 534 35 810 42 60 117 894 869 312 29 854 633 800 876 781 378 582 
649 634 635 885 892 544 794 187 429 754 758 783 305 575 776 391 232 177 
49 34 109 235 242 269 19 787 4 733 108 25 750 801 831 291 102 757 
249 234 1 110 692 792 694 919 687 529 679 779 525 275 26 276 381 902 702 
899 759 260 760 917 169 669 262 8 604 533 383 858 650 901 551 607 427 
274 259 359 535 360 542 819 87 537 512 154 179 683 350 855 268 668 568 752 
824 809 684 834 710 392 717 719 912 904 129 283 250 125 306 743 718 57 282 
349 334 659 160 785 667 144 162 662 254 454 33 433 175 531 376 466 241 907 927 
449 434 509 685 367 369 394 362 79 83 808 704 900 400 176 451 390 302 132 
924 909 784 910 6 467 18 337 487 329 933 508 150 500 151 890 321 857 
724 709 385 817 417 492 494 812 387 54 358 925 780 850 191 566 252 627 
424 159 409 410 267 344 292 962 137 712 908 558 725 375 5 501 16 77 402 
699 499 609 610 485 285 444 837 804 479 608 483 583 50 700 326 665 556 682 632 
399 384 484 660 167 244 519 237 587 654 408 130 550 351 101 651 807 657 
599 584 184 585 742 617 67 844 69 612 62 729 579 530 505 526 401 426 231 802 7 
774 74 435 510 517 419 294 229 958 158 600 100 601 243 207 852 
974 959 284 835 842 619 737 437 354 629 833 580 325 606 826 189 882 277 
174 849 459 735 460 592 969 219 637 954 504 258 605 708 425 251 666 27 777 
374 199 335 342 642 644 469 412 287 379 333 950 475 581 703 396 127 
474 299 148 59 960 967 744 567 569 462 829 279 75 680 76 715 518 677 946 
749 734 209 210 442 217 594 39 212 204 404 554 233 133 225 450 926 64 564 82 377 