144
6074 6424 7595 1710 2592 6717 4194 6061 3894 6262 979 3008 4429 758 6155 6700 4063 1880 3370 7968 3264 1168 5295 2197 5653 5993 3189 3546 4307 1321 
3149 1384 7535 4659 3769 7361 2969 6569 4587 7508 2033 3558 5175 1930 6438 1888 3353 7813 3016 5420 45 7564 176 6541 4364 1352 7052 448 
3124 1859 717 3309 5292 1586 386 1461 1462 5158 6208 7738 5925 1363 2263 3530 3931 5031 4178 3231 6676 4001 2190 6922 1864 2431 232 4021 3702 
6349 6159 5409 3585 1111 3386 3494 4812 1113 1854 5805 6983 6713 3050 6975 7116 3739 1915 2739 2693 3926 5615 7565 5881 4689 571 1227 73 
3299 4972 2985 4417 3167 1244 2761 769 7054 2738 4638 4100 7563 3463 1088 326 6213 1368 6565 7276 7445 3045 7168 7671 1957 1527 
2124 5961 7367 392 1236 4294 6337 4479 4483 6463 6150 6705 7838 2489 3305 5040 2322 7522 5028 5381 4491 4593 1653 6148 5707 2632 
6249 1474 3861 1135 4086 5819 6137 19 5987 1163 1508 58 3833 5650 5900 3138 3268 1903 3970 4706 3651 1922 3478 4426 4618 4581 1572 1607 5721 3127 
2674 3924 1761 7135 7767 6692 1961 7294 7679 7683 1580 4430 2288 5180 6164 2913 5880 7556 1739 5314 6972 1839 7390 3714 473 7896 4473 
4324 774 2736 7161 1886 5011 669 4362 2113 3533 3013 3308 255 4725 1876 5051 1901 6665 7076 3053 2918 6181 1614 6371 7147 3248 1257 
6449 1561 5061 5294 4536 1019 4629 958 3333 4433 2638 2663 3700 5463 6597 3020 3066 1443 5756 693 5516 501 2122 6943 7131 2957 852 
7574 1649 3761 7067 5036 7212 836 329 2358 4108 4238 4480 6950 4038 3251 7616 930 5618 2078 5572 815 4265 5991 1152 1672 5523 7882 
3474 7311 1611 67 6736 7154 4155 4055 4963 4300 305 6338 2320 6172 7701 5768 7101 4997 1406 5520 970 1814 673 6757 3107 
7449 7474 5736 1711 2861 7144 3637 704 4683 7955 638 2200 3100 2230 1045 3151 7520 7122 2276 2076 1703 843 4089 4398 5046 6873 
1249 3574 3559 4761 3594 3469 2919 2214 1338 5963 5888 2700 1625 3226 5753 2093 3022 5776 3956 1043 2716 1014 4921 1646 707 
6549 5161 4386 5486 5811 7137 5512 7513 1583 508 1633 880 5505 6525 4605 6153 1301 2381 6664 4716 3468 2326 4281 7406 3698 2398 2682 
7349 686 1067 4711 7637 3661 1636 3738 2333 1205 3550 7005 7680 6453 7013 1745 56 2378 289 5597 7118 7231 4556 4795 6931 6945 4723 1952 
6174 6784 36 2361 4044 7612 1288 2538 1605 7900 663 7930 755 4818 976 4195 301 1590 5456 966 4290 123 4896 6107 
5624 3811 811 5392 3069 3836 1913 1575 6175 538 175 70 3215 5297 1916 831 4953 5203 6216 7416 5157 1721 4498 
6749 1999 4636 1794 6462 4079 5588 2730 4980 4275 7155 2301 6626 1328 5188 5743 2191 1251 6397 270 3139 3682 5098 6502 
5224 7636 2092 894 4469 7412 2863 2658 3058 1630 2805 1125 6472 3180 2555 3789 5415 4197 5590 4490 5995 6341 3796 3223 202 
374 4986 1311 4886 5186 3088 4988 1325 7038 5600 4438 105 2531 205 4720 7516 5265 7647 2891 2991 4747 3632 4023 2521 
3524 2636 6461 5019 5519 3687 6838 1133 5413 3150 1650 2691 3300 4901 5518 7163 343 5256 7893 6890 1981 6098 1946 5582 
4124 7511 5311 6661 6811 3211 4704 1588 1613 2055 4538 5045 5043 7603 3345 7793 7376 2901 6116 5495 1091 6102 7257 6748 
5649 5634 3411 1511 3567 3886 2488 2405 4400 4775 7663 6595 2097 3516 7693 3951 7681 3497 5116 3827 2923 4273 
5824 1199 6084 4334 1517 60 2061 5619 587 3212 7704 2329 633 4600 1705 5975 925 2138 7740 3790 3728 5276 4218 7051 991 716 5141 7339 4664 1346 3271 4296 1552 
5449 299 4584 2334 2909 3910 4492 436 3369 4311 2312 1454 1408 6958 955 1905 5630 2681 3741 66 5751 4722 7606 4620 6976 5626 6068 353 7814 4014 7727 5827 7196 2321 
1049 7724 784 5260 5267 2167 3819 7861 7111 6937 7187 279 7658 3554 3708 7913 55 5325 6288 2316 2715 1389 4228 7293 5131 7070 5306 1789 4365 7627 5796 157 6598 
4024 3499 7517 5885 3092 7942 2394 5544 3444 6986 6729 4454 3483 4475 3675 7255 750 6400 3939 4170 995 1415 51 7266 5591 4764 2751 3826 6278 1956 3446 7621 4321 4382 
5724 799 74 3867 6492 4317 7467 6894 2536 2812 3912 2529 3358 3283 1425 5388 1855 7730 7501 6776 5770 6576 2430 990 7731 1963 291 1366 5164 7395 6522 3846 6171 1671 4823 
6599 674 1459 7560 5335 7169 4244 4762 3344 7529 3929 358 7333 5730 963 2363 7100 3270 3866 1318 5078 1026 2341 3241 3203 6916 6603 322 1997 2098 6514 1807 2346 1182 
3274 7099 2485 6510 6285 969 4117 1162 3237 1987 733 2558 12 738 2130 7580 3555 4493 2747 256 5739 6266 1122 2776 3089 2818 4570 5103 5602 2877 2257 6732 
5024 4474 6360 5909 3510 2185 6192 4667 5862 636 4379 1929 2604 6433 225 2825 1263 6488 1988 743 5651 201 706 7256 4540 1231 7253 3239 3689 5815 1645 5607 3007 171 5498 
5274 6199 210 4434 6960 117 2894 6586 2412 7087 4758 4133 458 3750 5200 2580 2005 3155 5289 2745 5093 4995 5506 5453 7695 1770 4920 4028 864 307 1046 1632 4452 
3999 3984 3985 6085 1185 2317 2011 942 1387 6687 3354 883 3908 550 3600 3413 513 2900 6500 6456 1316 1451 4253 2278 681 697 2295 4814 3041 6218 1473 6902 1698 6848 
5699 5899 6534 2460 1417 1242 4969 286 5762 3437 3654 1433 4283 6113 3275 5155 6080 7714 345 365 4990 6653 6389 4528 3639 2243 7065 7770 4018 6548 6698 7907 1177 
1824 2034 6559 2535 1767 244 3986 7011 7262 4137 2479 2683 983 3158 5250 5750 3655 2100 1050 7728 5741 2478 5281 16 1270 5670 5841 2291 2639 4682 6482 2782 1982 
6849 6099 359 3185 5417 2567 7886 2144 5661 362 3129 6279 6583 7408 1130 1025 2355 4730 2695 2720 2397 4639 3 7216 6689 5614 5814 597 5153 120 3782 2273 7182 4973 
1799 1784 6009 3810 3285 2517 2436 2236 3969 3569 4337 1158 3733 6258 5683 813 4930 328 3825 7272 2490 4268 6678 1741 3666 1126 5376 4395 4340 7495 1482 3077 7227 4098 
4899 4884 2659 3959 6185 6044 7686 5561 6436 3629 62 54 3304 7505 3930 3200 3950 4151 4176 3015 2068 6701 5565 3495 847 5189 7326 6247 4739 2021 3507 6027 3907 
2049 2774 2410 4167 5510 1161 7811 6644 662 2979 7783 2083 933 7263 563 4413 2788 7115 981 1906 5826 920 2340 2356 2590 3906 3172 5120 4271 98 2532 752 
4299 1959 6509 759 2817 4817 3036 5761 7662 5129 4554 6758 4458 3055 5138 4563 5026 1028 5081 5268 3426 3490 7356 6741 6356 6081 5053 7943 4621 6898 71 4257 
6724 2349 5884 4185 267 467 3261 1269 7286 2154 1004 5929 4508 630 7925 3325 5305 3188 6670 4153 5728 3422 189 4965 2353 5439 4047 4826 7948 5621 2827 4432 
6874 1274 659 7542 6617 2369 886 537 7762 1254 1179 7583 3958 6533 580 505 7028 7351 7906 4940 3228 5556 1268 1153 5318 89 6316 5528 3871 573 5421 2973 
3199 384 6060 3360 5142 2142 1686 5262 4336 5912 4929 7008 4200 1775 7105 6375 65 7914 2540 5668 7553 806 3253 3845 395 2181 1022 3195 7521 5557 4982 1677 
5674 6035 5967 2710 6 1267 6786 4486 1986 4612 4904 1354 3233 2608 600 2775 3163 388 3347 68 5089 6591 3331 7222 4543 4753 5470 2816 3572 523 402 3877 6271 
4074 5524 284 6735 617 4094 4186 3842 4962 4312 1637 3829 3005 4713 1330 5280 7330 6230 731 3781 5368 3726 916 4051 7765 964 6231 3818 6596 421 1871 2471 
4049 4084 7084 7085 2610 6442 3412 2194 7462 5704 158 7083 4833 7363 7280 1463 2938 2091 7045 695 6672 1591 4606 2139 5864 4651 6868 3421 5496 4757 2823 
6624 5349 2084 7742 3242 7786 2461 5394 2712 3837 4533 4608 188 6088 6200 5255 6405 3393 6065 5218 1164 1731 3126 4297 7378 4853 5940 1553 5627 5823 2602 773 
5574 4384 5534 7484 6835 5610 5467 6494 7211 2961 5636 6087 2187 7554 1654 1808 1305 4488 2175 5813 7655 1188 7113 6581 3864 7622 4013 4203 5601 2701 3470 1403 5620 2881 2981 1066 2940 7332 1073 2857 5532 1121 
4874 5774 2584 3899 692 5384 7460 2942 2169 2836 5219 4836 4512 6412 4354 4958 6633 4288 2875 6800 4905 605 3443 2151 4216 3441 1726 4190 4903 4539 2403 1718 5431 7397 5489 4870 766 7902 471 996 5527 5082 
7649 4759 735 1110 2309 1892 3060 4161 569 3342 1887 4412 787 1404 3179 5108 7283 5025 6100 5955 625 1555 6001 2351 7895 7106 1431 7130 3214 7201 5976 6193 6376 5866 7439 3570 6928 5221 2723 2027 5477 4448 
1774 3949 2784 2924 6684 2310 1569 961 5436 3019 186 7562 4579 2254 6733 5583 1413 4813 2380 3500 2325 4476 6168 3981 3056 6091 6745 3493 3943 2072 7889 3576 6245 5065 615 7091 5723 7446 5852 5677 7921 
7624 7499 5084 5399 860 3960 4267 3611 1836 3294 4669 2937 1829 4729 1458 108 6880 1388 2255 4705 2563 4168 3872 6589 7043 3591 76 6697 6863 6681 1980 5166 6041 666 2791 218 4302 2123 2232 3357 6002 
1324 2874 6234 5110 5685 4092 2892 7044 4261 3361 5386 6612 3604 762 6008 2783 480 2025 2155 6355 1938 5551 5740 5647 3940 4026 6378 722 1778 5322 3656 5247 3814 4045 1691 5552 3948 3998 5396 4727 7021 
1749 2249 7584 1085 2360 967 6117 6919 4544 2661 2387 2212 5337 2279 283 5183 5350 3225 2125 1530 3975 5766 5251 2551 5675 841 6368 7372 7320 1106 1955 1391 6614 5070 2120 528 6940 1148 148 7048 6402 7171 
274 1874 4710 7934 4210 5210 7567 5642 7794 4961 1469 6411 3962 937 5329 7183 4308 3788 1675 5825 830 3875 850 155 2314 3014 1831 1420 6768 3953 2897 626 4447 5443 3697 2843 7097 3777 3646 7657 14 221 
2074 7634 6584 4234 5085 4134 3267 1667 1769 6886 437 6511 1812 3254 829 1383 4933 2313 7905 5780 7855 1455 7718 728 7920 1303 5581 3920 3770 2081 5090 893 1228 78 6618 6990 4847 6157 7202 7096 4496 407 6421 
1099 1674 7884 6585 4085 6410 3667 4061 4269 3936 7719 1554 7854 2304 7883 3458 2480 5400 6775 4738 855 5988 72 740 3328 3341 4756 6966 2728 6190 7476 3820 7453 2247 1939 3314 1932 1673 4898 2407 2427 1207 
5474 84 5860 5609 3135 2760 842 6967 3044 1612 294 2137 254 6629 2983 5658 3108 1213 6250 6225 526 5726 7938 3245 2653 6543 181 4641 22 6918 6789 5447 3301 5915 4790 5521 1682 7623 1973 2473 
599 499 909 4034 5585 92 6167 6311 6469 1017 4286 6294 4737 5554 3783 6529 5908 6750 5475 6013 4188 6988 7970 5416 3731 4981 339 3665 4318 3390 6766 6930 5168 2970 4731 1281 3141 3848 5127 598 2007 2498 3982 
6949 4099 2635 2199 6485 1692 6342 3560 4942 6719 6912 7587 6079 4304 3154 3433 6000 7225 3480 5375 2780 3372 4489 6547 20 1476 906 4647 6372 5214 6031 141 5801 4116 4420 6577 2977 4048 6127 1971 6582 
5999 1884 6859 1984 3059 5442 5217 6019 5644 4936 1337 5354 5779 7279 7458 6408 1155 980 3680 7830 7506 5538 6656 2493 2389 6593 6731 4378 1351 2368 4289 1468 3881 393 220 5771 3923 1621 2448 2173 
5549 2059 5310 2534 485 242 4460 2117 3067 6236 6211 2662 7604 7179 7758 5933 4163 3430 5313 6505 2539 5568 5839 3439 7566 4431 3989 1793 2053 5465 565 670 514 3306 7957 6348 702 2948 4552 1923 
6224 234 6484 4060 2184 7167 892 1594 6711 4794 5887 7437 6854 7958 783 1763 4350 3250 5355 2600 5403 4588 3793 5645 4440 1331 3768 2581 7856 5139 5440 7016 3191 1470 3140 3771 5948 2096 7246 6407 6232 
6374 4684 5759 1685 7160 6984 7017 219 6136 4162 6219 387 837 6104 7533 833 3350 2413 650 2925 3575 1175 5672 7872 1428 5264 7447 7797 6540 3801 816 140 2006 851 5497 4015 4602 6052 2871 3373 6496 757 
4974 959 884 6184 160 867 3192 7894 6244 6611 1837 7712 2229 4654 6558 1058 575 2650 450 4325 1405 4580 3945 741 26 3389 6572 3520 6545 4266 6066 2416 7431 4445 7140 1978 6457 2848 5152 873 7296 
2474 1684 335 7885 5934 4660 5869 1319 3286 4586 6787 29 6179 2433 5433 1400 2050 863 488 4405 3265 4880 2497 3064 7964 4943 5639 5145 5165 1390 2414 6897 2839 3564 7457 6346 1048 2127 746 6927 
4924 1534 4059 910 5785 460 3786 5192 6386 2094 511 6587 4204 4708 3033 1983 2400 5863 3425 6325 5039 1315 6564 4401 4397 6815 814 7405 6806 2576 3991 7243 6647 3156 2797 1427 2707 4848 4971 6057 
6824 1074 2959 7685 459 5117 4242 6985 4792 6936 7386 4119 5387 879 2754 3083 4950 3730 4380 1180 7425 2481 6551 3868 2651 3581 1597 2343 5603 3791 81 3489 266 1395 5526 5106 5727 7682 1273 3382 6498 
1724 3259 2859 6409 1567 3642 2217 642 5844 5087 6286 6862 1229 2483 2533 3855 6163 4025 3213 4455 2755 5406 7631 5401 2997 416 1103 1041 2895 4615 2964 1070 1940 1051 2947 846 2821 771 2971 998 
7674 4559 2234 3359 3884 2135 3367 3717 2469 3011 3911 1644 7754 2383 658 3863 730 988 475 2588 2676 4991 7972 2526 714 6728 6078 1340 5293 4443 2451 5468 926 5914 4889 321 3902 1748 3196 3821 
1924 7234 1059 3610 4784 1317 1619 5667 6119 5586 5487 7387 4404 1904 2808 7675 3988 6330 6655 3475 2880 1747 576 3966 6801 4914 4628 6803 1447 3326 272 4726 2968 776 6891 7803 6782 6023 6177 7248 4402 
7699 3784 1559 1809 5949 3792 6667 7792 5992 3269 5711 1811 3612 5562 6637 3887 7579 2904 608 7875 7630 3663 1005 4255 5800 5772 6156 5176 3222 6556 6926 2847 5876 790 6072 789 6645 6290 2226 1039 2106 7766 5906 2114 765 4007 6677 2146 6696 3182 7807 502 5002 
2649 211 3759 7959 4599 7210 2585 5410 1634 5842 2069 4569 2637 5536 2062 7112 7287 6829 629 3658 5125 1255 6305 3450 6430 6180 3368 4113 290 4389 4815 191 2415 376 793 1356 6964 297 2593 5491 4240 720 1090 389 2764 5676 7102 4523 5407 6623 7646 282 5923 527 
3699 5034 4009 4799 3459 3484 6817 4610 6767 5094 4019 2136 6362 5137 2037 3112 479 83 4305 3238 3625 1450 1730 7800 7488 3351 7047 5666 2714 881 822 3597 3240 4931 6268 1170 6270 2920 2147 2514 318 2591 5990 2640 5345 4032 4123 5307 6621 3621 5007 1773 5682 
2024 5359 2384 7434 1310 7842 5660 5692 2342 169 111 4062 4212 6654 4179 5379 929 5633 1738 7575 1200 1688 4875 6451 3130 5765 6590 2670 4643 7614 1716 641 2995 264 2422 1220 2290 4501 1866 6315 2022 2965 2143 6993 4118 7107 2721 7198 5546 3532 2202 5932 4948 
6399 1159 2834 3074 960 4609 2935 7335 1719 7694 5719 2986 3336 4037 729 6004 3904 5008 2758 6508 1300 7880 7050 4513 6468 3401 2315 7451 5564 4391 4968 7531 2589 6043 901 3645 4241 476 6828 2231 7189 7528 3115 872 357 4507 332 4521 7427 1171 4502 7146 
3624 524 6809 3134 1885 2160 1717 2867 2967 6161 5836 2261 5194 1937 6962 4529 7833 5408 875 6813 7750 1805 7688 4425 3365 2547 7826 3397 826 7640 41 2878 2597 3578 5370 2989 4278 1491 6831 6997 6845 3181 1664 1897 6207 3052 5502 1507 2896 6123 1452 102 
1949 7024 7784 1659 7334 7385 4735 3869 4592 2386 1336 7362 3161 5612 1304 1804 808 1129 3363 3388 2800 455 1438 3955 7503 4191 3266 5389 1576 7114 2064 2972 2365 915 4193 1764 4215 828 3691 6703 556 4520 7931 2631 1968 3596 1523 3402 4902 3048 2348 871 346 
574 7399 5434 4385 7660 2885 2085 2042 1635 7717 486 1212 162 6454 554 5937 7429 4808 7705 2680 6005 2988 6280 1230 4172 7703 7628 7080 178 7572 3745 651 4368 5441 4906 5576 2566 7843 164 5197 4622 4864 1190 4572 5182 596 3627 5577 2057 7721 2048 2998 
1549 1434 1834 7259 184 417 1460 7285 7092 269 1936 412 679 5729 804 5829 7608 1283 5983 7613 5450 405 430 7180 7715 4555 739 2740 3070 6756 4206 2131 4803 4247 1514 1068 7953 1195 5466 6320 1001 6276 6028 4095 1557 352 798 252 2946 6146 6852 3302 
249 434 1909 4259 2109 2660 442 5242 7417 7236 4686 7461 7094 1136 1204 1329 533 7908 6333 7350 3605 3125 4500 288 1975 4825 341 5553 4495 689 6526 3756 7443 568 2806 7591 6251 6439 3615 7489 3170 5543 5678 4797 5998 2307 1157 4882 2002 7177 4677 4002 
2399 3599 834 85 1259 59 2842 5817 5369 1786 4411 3719 5712 5537 1379 354 4104 1358 3400 4955 5638 2950 2080 7538 4650 2318 2541 5391 5253 6820 3628 2893 1516 2170 1578 5895 3693 1740 1766 6226 645 4353 3566 3166 7081 7382 973 1702 4927 4207 4348 6448 7127 
7749 7274 6059 6609 1234 3709 6760 2667 3517 1436 5517 7119 1312 3587 1662 7337 6879 5358 6058 4138 4388 950 5775 5830 6980 230 2390 1347 7120 5201 1353 701 664 5226 6051 6381 7251 3097 3893 972 7020 6847 1893 206 2071 1948 3157 4582 796 2221 3648 5648 
4374 2434 4959 3809 3324 4767 2492 7392 1094 2886 4911 7962 4944 5079 6437 5204 3879 6308 4700 713 6688 3763 6530 3905 1850 2476 3256 7041 7353 5395 7865 7881 190 2951 595 890 5216 3876 5631 440 5690 3103 2789 156 3327 2921 1127 4371 3598 1471 2421 1652 
224 6499 5735 7009 2785 7410 1842 5861 1286 3644 6869 794 6187 287 1779 1708 4233 6233 2425 1750 4250 1275 2213 500 3006 1728 7040 5656 7643 3766 5243 4439 6145 5366 126 3897 1666 6720 6793 1481 240 5343 4998 6807 3757 821 3677 3696 7932 7207 
1624 1399 1509 4149 7709 7010 1967 3942 5342 4036 2944 4844 3387 3561 1104 2179 3704 2958 3830 6475 788 5575 5380 313 938 7026 5731 691 2297 7851 7741 2401 3456 2466 5222 7301 4876 7868 7164 4966 4820 4331 7541 231 7672 3032 802 7677 4598 2657 5632 6573 5102 
2849 174 6359 3109 2860 5135 492 7969 4069 2419 3136 4461 6062 3779 5404 6679 3383 2858 1100 325 1430 6388 4088 5688 6513 7722 7776 7951 5847 2664 3640 6097 4640 2166 2803 143 3590 3976 6851 4522 7697 6790 5853 7018 1096 3227 4627 3957 2932 5977 6432 3932 
624 4709 3760 1735 6160 7110 4017 5385 2192 5942 2561 7537 1037 7029 2054 2704 2008 7625 858 2188 4800 3405 1638 888 2545 6170 1320 3968 7918 7791 5640 818 1247 6840 4770 1795 5356 3068 603 2601 3603 943 5966 2245 4532 223 4148 507 1082 5146 4102 96 
7924 1574 7609 4409 4484 5835 6335 567 7844 5419 6144 2936 212 1237 529 5229 4854 5033 6783 6563 4175 3075 2855 100 3563 6465 1341 5747 1751 7368 4301 4441 5451 5868 3278 5220 6668 2031 1441 5939 1241 316 2768 2853 5193 5077 7877 3977 3132 1852 3177 2102 4827 
1524 1584 6884 1535 5209 1167 6067 7592 7244 7611 3061 194 137 4754 6154 5579 2308 6979 525 3380 6138 6825 1900 530 6151 2070 3865 4816 40 7864 5397 1143 3701 639 1720 3841 6039 4256 7220 3822 4666 470 4140 6173 4527 6957 4748 3496 1732 4852 296 
1349 809 4824 6834 3659 560 5985 5717 3592 7919 5162 5686 1512 5012 2112 2612 433 5308 2183 7725 825 4030 4938 6788 1080 3356 2491 1743 4614 3853 6915 6716 5643 95 2666 372 6064 2864 6765 7193 7014 1616 1878 539 4668 7082 7071 2152 1323 1498 1857 6627 2248 
7249 5859 6310 535 5235 42 5635 5935 2694 4219 6186 6336 2911 5212 1754 2879 7079 754 6683 250 6625 975 5755 4105 4613 7720 5843 1401 7290 6272 7218 1166 90 6778 520 2172 5953 1081 778 3114 5941 3190 5022 2557 3921 6032 6521 6302 5423 7582 6896 
1849 7209 3724 509 2759 1742 7710 2542 367 494 2044 1669 2487 5587 3337 5629 408 1008 4763 355 3205 7700 6613 2455 3038 5351 2678 1376 4772 3026 6722 6103 7690 1215 3201 6128 4226 1722 590 1243 1543 7228 4841 4881 4177 7552 2771 3623 273 3946 2423 2132 
349 6899 1485 5259 7910 1184 110 4785 7369 5286 5917 7769 2769 6812 4436 2912 2454 5179 2883 3508 2150 2525 6205 6480 6275 2690 4316 5245 6726 2328 2339 7428 3343 3453 451 7870 1515 4851 5072 2441 541 293 5890 4453 5722 727 1221 7352 4596 6227 7798 1052 5907 
6149 1734 4509 3849 1510 3660 4335 2744 1736 7669 1361 4819 644 2619 4954 604 4329 6608 2388 3963 2300 3938 7075 2013 2763 838 7645 7620 1031 31 4970 2056 447 6364 2347 6318 2578 7816 3289 7128 1639 7190 327 3498 5782 6382 2073 5123 7023 7732 
7849 5159 5734 7510 4534 7810 1935 1542 1392 711 3917 6086 7569 712 3169 1994 4444 7254 1954 208 5883 4883 1863 2280 3725 6663 3688 2688 3776 4663 4676 5665 1422 6566 370 7764 7540 2845 6706 1015 139 1693 7578 6876 222 3678 6615 797 472 6020 7822 2945 3377 3721 423 1723 7871 5748 5471 7927 1448 1282 
5749 6309 6024 3084 4674 5560 7217 4692 1867 792 1192 7512 1819 37 5412 1262 5254 5754 7479 1758 4558 7525 5850 4205 3755 2838 7138 3018 3743 3928 1701 1120 3276 5951 7853 1870 2801 6256 5818 1365 6326 7801 570 441 5689 2866 1651 2868 4041 3568 756 7496 2696 3448 4377 2577 7532 3057 5448 4557 3607 
7374 3649 2574 6574 7109 317 6110 2110 3142 1894 4617 3461 6861 7061 2887 3137 1154 7804 3204 454 7933 4075 7600 4530 5225 775 1038 2980 2303 64 7570 6120 2645 401 845 3816 1214 466 6026 2253 6056 3451 5140 1222 6515 6856 4418 1566 2115 214 2928 348 7946 6552 5507 182 7773 4673 7632 1477 5321 
6474 2284 2224 4635 4624 6434 4910 7435 5592 4394 6567 5411 7561 5786 6419 5944 2562 5187 2129 7733 1933 4975 5838 438 1830 3888 7238 7515 463 3947 4320 6095 1101 6070 2345 281 1520 2040 1501 6143 1245 1465 5715 3593 3168 391 1670 3153 3565 5964 3553 4546 5657 921 1296 7573 1798 3098 5398 6357 1423 5346 
49 4424 7859 1759 4349 3284 2035 510 5567 3017 7536 619 4467 7469 2362 5336 4562 2762 2929 2079 2408 3208 1700 5300 6730 5663 2275 6425 213 3972 6253 4601 1151 2193 951 7751 2418 5493 3406 914 6214 5490 6781 516 3106 5464 4472 7001 931 4403 6495 848 3407 5132 4773 4248 5202 7073 927 548 7971 5382 
5374 124 1285 6699 6660 5810 1117 7667 336 5261 3586 6794 3244 1112 1687 3512 1079 6604 6579 3329 2583 3775 5725 7175 6963 3913 130 2605 5270 1920 3626 347 1147 5578 7464 5066 7790 1928 1806 7056 2501 2128 3806 5872 2522 4665 7331 6620 6339 7328 2931 977 3952 5298 77 6673 7 377 6471 7577 3298 
7824 2734 6524 6634 7035 2960 1217 6842 7736 3967 6292 3186 3944 7086 312 3012 7304 5879 6554 7329 133 3355 1375 3580 338 6780 5738 5764 7641 5570 5928 6772 1781 6126 4370 6115 6176 131 3165 5793 1595 170 4915 7072 3903 2978 6506 2103 1064 7665 2570 3002 6557 748 1307 6882 3577 3207 7771 2446 3521 
749 7899 7684 5234 6759 3434 817 7617 4135 6036 4694 2844 1944 5461 5669 4687 4912 4787 5054 4383 6483 4033 2908 400 6075 11 2105 4680 1280 5745 3447 9 351 3415 2814 439 7364 1845 445 2126 6295 653 5901 5365 5947 2141 241 543 1178 7415 7670 3548 5773 5121 2796 4221 5452 6473 1898 5196 5777 
7224 2274 1334 6209 5167 6317 4392 7519 167 5086 6169 7136 986 6961 3111 4611 6354 4254 3954 504 6883 5230 7780 1725 6900 50 4355 4550 1322 6578 4056 5845 7747 6197 3914 7391 3664 4590 4926 940 6443 7656 4690 4414 2795 6240 2606 2515 5328 3545 557 6273 5996 2371 2898 902 7046 5698 6277 1173 5457 
449 7124 259 2359 4685 2235 542 5285 2644 5269 3442 7019 2319 87 6261 944 5787 1429 2554 2158 5833 7650 5700 6575 7205 1813 2338 4280 3001 551 3340 1140 6914 1840 4053 1265 2366 5156 3922 2216 453 3464 1020 4090 3916 1097 6641 2618 5122 6401 753 6657 48 2032 1396 4227 1821 6777 5432 5898 3527 
4174 7599 6384 4985 109 634 3392 1092 5892 4169 6011 1261 2544 1712 3537 3404 6479 7779 3729 6254 5758 5608 5563 5530 3800 1013 2180 6470 7743 4322 7903 6568 7465 718 6747 1128 2889 6843 6531 2926 791 6015 3616 6347 2268 153 7064 203 1678 6947 2732 4571 2702 7873 3096 3282 4352 923 5902 1846 
2299 7424 534 5960 2809 4309 3085 2510 7817 3692 1544 594 4869 6636 2162 5437 5637 3712 3454 6133 7258 3933 2375 2330 5488 4863 15 2088 3538 2495 3445 7897 6178 2376 2331 7753 6691 820 4128 3281 5616 6018 7481 4122 7215 464 13 3176 7170 1089 2556 7420 832 3371 2327 827 6671 646 127 4671 1446 3296 
1599 3734 1309 3385 4809 835 785 6560 3419 2594 2869 2519 3694 737 6694 5812 6994 379 7633 5958 1333 5383 7305 2550 7530 6050 5163 7355 7514 7956 5091 4189 197 4626 6076 2453 4595 947 145 1466 3122 3090 5697 3116 265 3681 5795 4865 2603 928 4839 3121 5032 2082 271 3396 3321 6723 7173 4798 2546 5596 
3049 5099 5799 6134 7759 2385 1 3160 6142 3117 7442 1344 4361 1911 562 487 2729 579 3279 6504 6933 2508 4230 6738 363 3080 7375 5430 7716 4076 3395 1314 4315 801 2281 5566 7866 5822 3915 390 7241 7820 6014 3081 6345 5978 6301 7597 5478 772 6490 2271 6321 7423 1371 2757 2648 1602 4471 4173 6823 7407 
149 1899 7774 7659 2624 5784 4717 4485 3992 6892 6517 3086 1969 4519 994 7237 1962 4287 6379 5529 4633 2283 1755 1780 2163 7200 5580 1063 5 1680 4526 6570 5418 4718 1797 6239 2595 6539 3501 1506 2626 6639 5514 1503 2906 6826 3218 2790 3118 5545 4506 1815 1565 1882 6071 1457 3473 6077 6352 6307 2452 1573 2382 3073 
6674 2374 7034 5009 6460 610 6010 7060 2017 992 2161 4211 3736 2119 962 5911 3937 2679 3079 4604 258 5458 483 4855 4625 2905 6680 2963 4330 5041 5231 7922 5278 3514 320 2051 6390 5241 6870 2039 7547 6141 1665 4553 4564 3043 2456 665 7197 1976 4006 2523 5252 2282 6802 7452 5857 907 2227 2571 1977 896 
549 399 4749 3634 3584 3685 2742 217 1917 5361 3492 2511 4442 6519 3262 1412 2379 6754 5604 1308 6833 3255 6125 6413 3230 6850 4000 4164 5414 3428 978 3247 3220 1776 1370 1156 4547 6365 6303 6445 3901 7664 591 540 2220 6601 3531 1495 2781 7668 4464 1332 6007 6132 3798 2402 1202 4223 7132 698 1598 
5049 3384 209 5984 7159 1760 5867 1592 7267 1294 311 1844 1069 3486 5037 6237 229 4112 5429 1054 7708 1858 7775 6725 4125 3455 7288 5455 7151 5105 7916 4978 7615 6622 3076 678 5920 5143 4856 5816 414 953 6795 4276 2465 1093 2614 1016 4040 106 6516 2223 732 1248 3752 4323 2671 5427 3348 4232 152 932 
3874 849 3859 3349 4449 260 1810 5367 1042 419 2486 144 6619 2569 519 612 2537 5504 1279 5979 4183 7058 3583 1030 1138 1355 3288 2613 7518 2697 4497 5515 1518 803 3795 443 5641 5316 6403 5897 278 3695 7314 4245 1865 1193 2470 6978 2116 531 5778 2943 7223 398 2646 7277 1827 4146 7857 3323 7473 1007 
7874 3534 4159 3684 5924 4734 4459 6284 3435 719 2444 6911 5611 5312 6561 7344 6536 7954 6804 4879 558 6858 5533 5980 5275 3900 7755 6763 1480 1918 4780 1364 5151 7890 3606 5589 6122 6714 4578 276 4691 6428 6968 3540 5945 3847 1822 6440 1851 239 1191 4115 7832 3873 6546 7348 6377 1996 4871 257 1277 5946 3198 
3774 1374 734 6934 2459 1610 7317 885 6917 3794 1536 2286 2669 4494 469 5237 3362 3804 4229 7929 1883 5783 3850 413 3838 4313 300 2225 7430 4505 3364 7966 997 3614 3753 3376 4251 5503 5840 3040 6951 1118 3339 2753 5540 6189 4514 7181 7945 6416 3128 1681 6939 3346 6652 7396 1196 6396 5248 3082 5671 7471 3482 
7549 684 7734 685 1210 4010 4360 6260 7319 7544 6642 6844 2737 3812 1437 2237 6737 6029 6704 3312 6033 4750 238 1875 5875 3330 1225 113 676 3856 1426 4264 7689 2065 897 1266 3095 495 1264 6206 1397 6106 1589 2914 4840 5018 1065 1951 5972 503 1176 1547 6198 7973 4477 2052 4246 6952 546 7648 2107 982 
4774 4524 5559 5109 2209 4510 2810 3210 4917 344 3217 7142 3862 3511 23 4187 6712 5687 1679 2504 2633 6183 2108 3025 1313 138 6955 3713 5788 7325 1206 2722 366 7316 3978 4272 2826 5372 1772 2028 656 4372 5916 5240 5206 1522 965 7191 6047 4366 468 7143 1596 6223 2748 5273 7448 196 5802 1107 6771 7271 32 
1224 2424 7184 4209 4184 2010 7485 5042 6685 411 1444 667 7944 3194 1186 4537 4979 5662 1529 7033 7558 5208 2725 6455 4213 2000 163 1000 6855 1306 4181 3003 7618 3676 6370 7745 7778 1931 4291 703 4503 3051 1278 3039 2851 3718 5195 3178 3315 490 7940 5752 3398 4427 4252 6082 6248 24 6607 6907 2502 7607 
324 5484 34 7359 559 7835 5035 3735 7559 6999 4642 1660 934 6592 1010 6319 292 5119 1861 2819 661 2036 7419 3119 7687 2287 3187 3062 2354 6929 3579 3858 4908 4408 4733 7500 4575 7963 5655 913 2205 3780 5330 6830 5047 5664 3647 6753 5320 1756 1791 4591 314 2643 1868 1895 3065 4064 6878 2215 4381 2840 715 1551 2656 5215 1197 647 2016 3481 6420 7297 397 7240 3147 4866 5903 1970 3120 4415 5870 6631 4695 4145 4470 6518 4891 2439 3523 7748 2727 7796 1421 4573 696 6332 6021 6446 2373 1223 3557 6982 3027 7377 3457 2698 1802 2396 3552 2252 
5974 5324 309 7074 6909 2324 710 7059 2685 3417 6785 6042 4310 6535 3742 2267 5236 5494 5962 4142 4419 3669 5062 6037 3317 4111 4344 2962 112 1704 6212 4679 6537 3633 854 7133 6383 63 5038 7313 7550 6913 1563 375 6600 4303 2500 5338 1343 5806 3997 193 151 1003 5364 7466 6220 2289 7278 6415 5522 7393 6291 7176 5378 1531 1006 1853 3840 1253 415 3706 5831 2256 7006 4097 1076 7828 172 7093 6616 1456 6426 616 2939 5703 7401 4878 4482 5118 3171 4702 2077 1757 5873 4282 4373 7221 1907 6721 7777 2852 3071 6877 6682 4346 4746 5271 6477 3571 107 
3424 3409 7309 4849 3674 5424 35 3209 7860 585 3767 4260 2292 592 185 319 819 6486 7219 7342 611 586 5894 7312 2719 361 7411 3087 6112 7204 1479 5479 4804 2204 654 1483 179 7308 4180 330 2530 3280 180 4805 4688 7588 6875 5288 745 5266 3272 4314 3993 6872 2890 7726 747 3941 7247 243 5006 515 2189 1339 628 1393 5390 97 7066 581 4416 3146 6418 7739 4568 1526 4147 2953 7053 7543 7947 3889 941 5878 118 493 4740 6203 2553 7723 3973 1902 5057 4977 1407 7782 877 3452 1771 552 4577 1252 7482 4132 2296 7707 4332 3971 1071 1398 4196 7757 
1499 7509 6799 5309 5160 2009 410 4160 1492 1292 1060 3935 6942 5185 6742 4435 4842 86 869 7761 1869 4136 4736 5344 369 7862 2787 7012 6562 4837 1504 1029 3229 4058 5679 1683 7063 705 6350 6130 7463 1075 6313 4900 5625 1238 2543 4306 5272 7676 1826 878 7526 2822 4466 5865 6289 378 4270 5501 2176 1841 1218 2178 1116 6989 620 4743 868 7095 7172 1290 1889 506 6422 5943 5001 7156 5481 1943 1964 1078 3539 215 5714 7139 2573 4003 3273 7157 7952 3746 5246 207 6046 5377 432 1432 4932 1848 1782 4423 952 807 6507 7002 5207 3432 4077 4182 
5499 2449 5059 2799 3824 1024 2285 5060 135 6810 1134 3334 6210 142 1985 4994 1086 4742 3536 919 6594 1044 2211 7711 3519 7837 3919 5936 1604 5854 987 683 6779 2029 4583 3258 6808 7150 5150 425 75 3438 6555 4830 6888 280 5055 7230 125 5480 6651 1581 6906 1040 4295 7470 7781 418 6953 1114 2165 2718 3518 6201 3803 2428 1801 1714 4616 3797 7206 4916 2201 5068 114 3890 572 1626 1891 3551 4551 2272 228 491 1497 7478 6503 768 1472 3556 7493 6452 6998 2477 3898 3996 1727 1246 4202 2182 3896 1832 4632 457 57 371 3277 2952 4657 121 5177 2121 7507 198 
424 4224 5249 2599 3410 7534 474 5360 2060 5284 1035 7585 2260 6367 2335 3042 4542 6242 544 6819 2411 3467 1394 3636 7594 4087 7037 4712 1762 3987 3844 404 5279 6287 2337 6458 6987 3758 4208 7713 3000 6650 4525 1550 2888 1713 3375 6030 4263 6055 2238 2689 7805 2743 7103 7039 4390 4478 6881 5926 989 5691 6101 4531 4806 7589 4939 1293 3641 4422 5340 4068 28 465 247 2641 1145 7270 7178 6853 1622 4793 5341 245 4678 5114 865 6343 1647 5797 7347 1528 4789 1564 682 5832 4082 5871 5107 5646 2357 3246 3807 6857 6571 5223 1752 4121 6798 5073 1877 1696 5327 3823 3732 6971 5757 
7324 3799 1484 7799 3249 7174 2484 5709 2159 6334 2934 1960 2642 5067 3834 4567 4217 2992 7836 1169 6217 1142 6267 2244 3762 1061 7069 6686 3436 6269 5154 2087 3311 1729 3529 129 3004 2779 5904 333 1783 4858 1908 25 3525 1505 4338 5438 380 7338 4925 6300 5205 3440 4376 1172 6690 226 7795 1289 4589 2665 578 147 356 7576 381 1141 4566 968 1995 6770 3891 3653 2266 2915 7568 3047 3622 5170 781 315 518 7491 1945 7340 5970 6481 6893 6501 1697 7015 3318 870 4406 4078 7403 4778 1823 3927 1023 7371 3173 677 3023 1777 3477 4396 5882 577 4623 621 957 1657 6327 3152 5952 5348 7057 
7524 6924 3024 874 2974 584 609 0 7960 6734 6910 1009 1360 3235 3110 1235 2417 2392 6792 2686 1744 1694 687 7819 2811 5211 3787 6487 2611 912 5112 69 3854 4937 7879 304 4504 779 5133 5858 1258 2258 725 7438 2463 905 7888 7763 7000 3613 5705 3063 4080 6466 1439 1593 690 2095 6764 3843 5445 3503 5968 4945 6331 3295 295 6195 5893 5393 5595 7226 6814 5172 5828 2464 1643 1165 2703 1297 1620 4872 4093 1765 7381 939 1189 4141 5016 4016 764 2506 6489 547 2623 7090 2302 582 3852 7598 6527 5821 2352 7673 6846 6648 4052 1098 4107 1348 3802 3102 2496 6296 227 7327 2621 3332 
4649 3099 4984 2824 2949 1359 2884 7384 5659 3260 5760 6135 7260 285 2210 3485 6017 1367 236 760 4861 5244 7936 3686 4319 4661 3711 2344 1787 6887 1362 3487 462 7654 5804 6054 4779 2733 5558 7030 6905 2713 7950 263 5950 2655 6550 3705 3980 2450 5238 7863 2250 4976 2195 43 128 6938 6751 3243 5701 7068 2043 2772 3751 3418 4220 7289 5315 7926 2156 7165 7281 5918 2956 589 2922 7593 4728 6866 1276 5347 2041 3528 7145 2218 168 606 6995 5922 6293 4890 4456 103 1953 4897 1540 2527 3232 7032 2982 5973 6821 2148 4996 6923 4421 2873 1002 4796 4732 652 6796 2582 782 4652 7652 4073 
5174 1174 5149 2634 6659 6974 984 4949 6299 949 742 6959 5509 4235 2692 4067 1792 4367 744 935 1411 3994 1419 4987 5594 6662 237 1287 7912 2336 3287 7937 7354 512 2004 6229 3408 4829 7404 5233 5808 4783 7850 2813 1513 4050 700 5763 1838 3650 555 7188 5905 3113 3391 2089 4428 331 1418 7651 5981 7601 922 1272 6131 3878 4222 5531 5353 1416 5128 1201 6956 4356 622 1139 3290 420 6147 2239 5989 5820 3101 614 306 6628 5720 5693 1464 1690 7089 7498 7414 6520 2443 7846 7027 6152 6921 7357 721 3202 7852 1146 382 2902 3602 5957 4846 4698 7307 7696 3882 6832 2807 477 4157 2927 
4724 1124 7834 924 5124 6459 2549 4909 5584 4760 2709 5435 1835 342 985 917 6435 4935 7961 4042 6369 4011 5136 4342 7661 5769 7586 4744 3236 5986 2012 1144 2987 2262 1012 6512 3029 1137 5733 5508 5283 675 4008 1150 3630 6580 5100 5013 1475 6238 805 7480 2850 2630 3175 4463 4751 5097 364 2731 1440 4714 7901 3291 4351 4928 428 7456 1291 6241 3206 2420 7315 7468 2364 2293 5326 1689 1541 7245 1115 1072 7264 1226 3618 2045 5791 3722 6228 7815 6340 4103 7653 2568 7818 4468 5020 2941 5846 3252 3471 1327 7421 6646 5302 4802 5023 1373 1402 7746 3582 2627 6946 3423 7152 4721 2457 5971 5198 1627 
1299 5874 1284 1424 7809 4859 1934 7635 3234 7360 7134 4109 4934 4835 7242 3710 7492 4967 94 3394 911 4894 1386 2786 2269 337 1642 1011 7444 7336 7629 862 79 2404 7904 7379 7004 233 7233 1233 2208 7108 2475 183 3263 5938 5680 5063 3805 1655 80 6464 3588 3813 3506 6165 5472 2472 956 251 4072 1493 3491 6006 839 1372 3381 4066 1047 2828 406 4347 1239 618 2240 2003 2831 1056 6864 7343 4645 2251 1820 5428 1881 2015 6322 1668 7341 2101 3715 2572 7141 4091 3773 396 173 7523 2482 971 5473 6871 3673 5482 857 5227 2907 1271 4696 5096 5373 2196 6996 482 2777 2607 7077 
724 699 409 134 5199 1084 2984 859 5134 159 6385 1860 5334 7284 4285 660 3885 1494 7117 5111 5044 7619 4919 3744 1661 5694 2111 1737 6012 61 2462 3754 6304 5004 4029 104 33 1733 5058 2833 1183 7825 2675 5550 5363 7450 6638 7250 1055 1925 88 7275 5713 4130 6816 3965 4243 643 3091 2815 1606 4481 553 6818 2976 1706 668 6306 5856 2 5476 3995 564 6040 4597 1676 6797 7847 6353 7153 93 6606 4341 1628 1818 5706 7426 166 2440 2520 6431 3543 4653 2770 3316 2447 3322 4828 2246 671 3671 2377 5746 4752 3021 7252 1377 1502 2996 5927 6323 4782 2802 7148 1582 4457 3723 1796 6246 
3399 2699 5959 6774 1109 199 7409 4834 3860 3035 4960 5742 7967 6467 3460 5319 4110 7036 3292 561 2019 261 6094 1562 7194 4369 4637 7887 4237 936 2512 3662 3319 2429 3979 3504 5654 1979 6083 4258 1533 5333 6283 4913 7555 3638 7213 5613 655 1538 1380 4838 340 4993 2370 2164 5126 3831 3601 4951 2426 601 4989 1216 6264 2168 5291 3431 6090 5931 2865 5147 4114 4031 6965 5056 2018 7239 1053 1790 6393 7928 3078 7440 7581 6016 5695 522 116 2620 5190 7666 1990 1545 2756 2793 4152 4781 1546 7923 1707 5598 3652 177 7346 6121 5257 6707 5352 5332 648 4646 777 4027 4198 7557 132 7477 1896 
4999 6049 2499 2899 3224 334 7949 1034 3785 2509 6259 7610 3509 4410 7459 4035 3817 6392 635 5744 7644 3544 3619 6944 4561 3144 2994 812 4594 6969 7787 7186 6387 6837 6129 204 5029 7158 7104 3479 6204 4 2058 2458 3183 38 7025 6363 2975 1488 3488 4225 1525 6063 2575 4655 2075 7413 566 4005 1768 3851 3414 7291 895 6920 10 3403 3672 6718 1947 6140 6739 3589 3747 3028 4822 497 2766 2014 4345 6243 5956 6089 5803 3416 6328 2118 6447 1095 3320 4565 3143 1539 3293 4670 7497 1123 853 4843 7123 5357 1648 7602 5982 4357 1496 5021 1521 5571 1198 2882 4057 5573 3748 2507 1298 5921 1746 5171 7571 
2749 974 2174 3449 1609 2409 810 2735 6709 1585 5535 1410 3909 7935 4892 7192 4192 736 7744 4292 161 5886 2617 5737 119 2917 2711 5794 5287 4619 887 1862 1912 1879 637 2804 7454 2104 1208 1108 383 1629 2133 6450 3983 5500 3513 6925 2625 7300 1350 613 5113 780 7475 2820 1828 4214 1914 4768 3631 7322 6553 3765 1414 3772 1131 3895 4941 4922 4603 2047 6022 4022 7845 368 4776 7003 1847 3918 5228 3216 6314 6297 4339 2870 6895 545 6493 303 4120 115 216 6406 6215 1640 3303 478 7702 2596 5402 3657 4407 2277 7298 6182 7302 6423 5323 6252 1057 6282 6827 5071 298 2198 6427 3832 5048 823 1232 
5074 7974 4549 1209 7909 4249 3609 1160 3184 3159 2134 7785 5010 2442 6710 7760 1260 4719 3335 4644 2767 2494 7911 4236 1369 6769 6836 394 7737 461 3219 262 2837 3737 7729 7829 4462 2829 3562 4983 7208 7358 3133 2233 4375 4658 4755 6755 350 4363 6588 6038 5855 6805 1250 3925 6188 3880 6666 5525 2528 4765 4964 5593 5101 2228 91 2876 1203 5997 3522 640 3839 253 2372 2153 2668 7772 2565 6114 2993 7789 1381 7365 7295 2990 7490 4043 4126 2628 1816 5681 2222 7768 5539 4139 7831 4791 5547 6941 945 1972 3352 4046 4907 5623 7848 2046 5277 4171 2177 898 6702 6298 302 452 6398 2673 6202 6373 7548 1382 1077 3573 
6324 5849 6124 3174 310 649 4359 7299 2435 4560 4885 385 5460 2609 2560 7867 7892 4517 2586 6867 3310 2294 6542 1036 5569 7394 2311 6312 2186 1587 6162 7812 3462 4487 5304 154 5104 4083 708 5258 583 1958 2305 5075 2038 7605 1500 2513 3313 588 4450 5425 2393 4156 3778 2391 4166 631 4293 7965 6839 6191 6476 5301 3643 481 903 993 5628 4065 1872 2916 6693 918 3031 1753 268 3515 1018 7265 5191 7345 5790 2966 4831 4516 5716 1489 4515 4131 5331 4081 4465 1453 2265 1641 7898 4672 5027 496 723 7373 5673 498 27 6096 5798 6727 7098 1032 7752 373 2798 4923 2298 632 4607 5732 2846 
3549 1699 4699 1974 2684 5809 7310 2259 2559 7185 235 1910 6635 1617 360 5910 2910 44 517 1467 192 6069 3892 7494 1919 786 7436 2437 5919 4887 5837 4054 187 1187 3679 1558 1608 1833 6908 4358 3683 2933 1658 5080 5605 5930 2350 7388 3338 5088 5555 6255 2830 3366 2438 688 7626 7706 3297 3378 7545 726 4576 7306 2026 1618 4918 1715 5290 7318 6865 5239 7941 6391 2518 2468 3420 1941 6265 6053 4947 3164 21 6640 4039 4801 3541 1890 6003 7195 4656 5015 7840 2516 1966 751 3131 5718 7502 4946 52 948 3727 4821 2773 6073 3707 248 627 6257 5896 446 1532 6602 5446 7232 4127 6523 7273 7802 4877 
1449 7049 999 4199 3034 5834 6109 3974 3934 1560 2835 6610 4535 5492 7692 1342 2242 2467 5542 2717 6669 3094 7261 6394 844 5994 1087 767 4012 6544 5462 5954 7062 7229 904 2854 5083 4279 1083 6108 7808 7433 4333 5213 1800 275 200 1105 7455 2505 4165 763 7088 4888 3670 4393 1326 2306 7539 5076 2066 7551 3690 6395 3595 7203 672 6045 4845 2140 7915 6351 6889 1856 4545 6139 456 3476 5064 6901 3764 7839 6643 2778 6970 6222 7166 1656 2503 1568 4681 7422 1695 1478 6981 532 7418 1965 6632 882 4771 2157 946 657 6752 2171 246 277 4952 5877 146 6048 7121 602 4832 5848 2552 5371 7432 
3749 99 4634 6034 4499 5299 2099 1409 484 7735 4860 6885 4992 3542 7917 5969 4867 5069 4769 1219 1119 7869 136 2086 6111 5511 2219 6992 4786 2587 3037 4154 2629 4662 2579 4004 4129 6658 7858 6429 3054 308 3505 1600 800 2705 5913 6605 5000 7125 2030 900 1950 4766 53 7031 876 6740 4143 3990 5095 1631 891 3828 3620 2395 4070 4715 5606 5851 1445 2090 3466 7214 7303 7472 6991 6841 431 866 2872 2856 1240 5339 4328 5891 4451 4693 2145 4343 4518 4326 3547 7590 856 3145 3716 5014 2622 7078 2677 4873 5173 3427 2652 6773 1027 5148 4277 4548 1623 46 607 2548 1873 7827 6746 4707 7323 2752 2598 4777 
4399 2999 2524 4274 3374 5485 5684 1435 7235 1385 3010 6235 6860 5092 4810 2367 6092 6361 1486 444 6761 5144 1992 7269 18 6344 4387 1537 2862 7487 4862 1062 6904 1579 2954 4158 6954 3808 5483 1033 4150 3883 4630 5405 4675 7055 6538 6263 1663 4850 5130 7380 6630 4701 7400 39 4201 7876 6695 4703 6093 7366 1256 1601 403 3668 2564 1295 1926 5781 7691 3465 1570 6497 2616 2020 2001 2903 2206 1490 6414 3815 593 7441 122 101 5181 6441 4745 2264 3703 4106 489 2445 4893 1993 17 4895 6221 521 5652 3221 1102 7321 7546 7698 3046 6532 4957 7596 1998 1132 6196 4327 1357 5232 2332 4807 7402 
7199 6649 709 6274 2724 2149 3009 3535 4284 6935 1785 5317 3635 1442 2067 7042 2792 5767 1942 5792 3835 1519 2794 5444 6194 7292 4811 4511 6444 3961 5362 4144 7504 429 954 3162 5454 6329 3429 6404 3104 6158 7383 2708 7483 150 30 5050 1788 7788 5263 2955 680 3030 2750 4788 6166 3740 5422 2741 2406 426 2930 4231 3870 2615 4956 4541 4631 6715 4101 6366 6743 840 2841 6528 6822 1615 3472 889 7126 6791 422 5541 5965 7389 5789 2203 1803 165 3720 7841 795 770 1991 7022 5003 4020 7806 3197 4071 1302 1021 3857 4446 3502 5296 1577 2832 5282 2432 4857 7527 7007 1927 5052 1921 2207 6977 7282 5702 3257 1571 
824 4574 5599 899 7149 1149 5459 1709 435 1335 5184 5710 7642 4585 3617 5169 694 1817 5017 5617 6417 1211 536 7486 5469 861 6744 7162 1487 2687 1194 4262 6762 761 7129 8 3379 2654 4437 6358 5708 3608 908 6708 5005 7638 1825 5030 6380 5513 6025 2063 6105 3105 3093 6675 47 1345 6903 7891 1378 2726 6118 7639 3964 5303 2706 1603 4239 7678 5622 1843 3526 3072 7268 2647 6491 7370 4868 7756 1181 2672 195 7878 5426 2241 4741 6281 6478 5178 7939 5889 2270 1989 1556 2765 4697 5115 3193 1548 623 7821 6932 3148 5696 323 6948 7398 427 5548 4096 5807 3307 4298 2023 7823 4648 6973 82 2746 3123 2323 