144
1586 222 1338 28 591 682 
486 620 1238 540 343 357 
1686 847 1613 1764 1132 
436 297 1166 541 1573 
1172 95 1440 303 1503 1857 
1447 413 301 191 948 
147 1547 393 1066 1681 132 
1297 1397 1313 743 1646 
1972 1353 451 691 832 
322 895 1178 656 273 
647 970 1263 1176 821 
722 341 1481 1278 123 
1647 66 316 1248 
872 1840 1115 257 
497 378 278 673 
547 1891 1928 1026 1523 
197 989 1951 507 
1272 1940 703 1223 
1772 97 140 1038 651 1596 
1747 997 314 1580 1556 1732 
1122 845 648 1803 291 246 
1472 245 390 1216 3 371 
1897 472 1215 1293 1532 
870 1828 626 1923 
1336 1820 873 1530 1156 1726 1378 802 
1661 1170 1872 988 1555 901 1798 1302 
511 1522 1188 331 776 1702 
1436 1770 89 55 1214 220 1207 
586 1495 572 855 391 153 396 
636 1145 713 715 1543 1723 
1236 295 823 563 1128 1664 17 
1261 145 1645 588 1453 1290 1581 746 
1911 1295 1345 405 43 1078 252 
611 1270 24 188 143 256 801 998 
1486 120 1713 1365 551 1268 571 
1086 270 838 805 1701 190 1527 
1736 945 1428 589 1631 773 
786 45 1605 1443 1281 231 1077 
1286 495 1830 955 1941 1266 1471 
911 1670 789 830 339 1740 1632 
1711 1222 920 1180 526 1041 1146 
1636 1095 330 1305 1890 578 1073 
1786 1197 1288 230 1343 173 
711 2 205 315 866 14 1677 
286 1870 445 1513 826 1766 771 1032 
1186 1470 1439 1230 843 897 923 
1811 395 1016 1563 1853 1866 1673 1307 
1511 670 755 650 1878 1106 702 
1536 1497 64 1913 151 1068 1076 1506 1177 
736 311 470 1863 655 1856 1731 1553 382 
536 661 272 763 1955 289 1190 1578 373 
386 645 770 380 1493 865 1956 1315 227 
1361 1722 1672 1438 580 1831 326 1743 596 796 
1936 70 39 30 488 1851 489 721 871 
1886 1920 1922 463 1505 853 1964 1314 152 
1161 211 1120 1273 1213 438 1218 268 114 602 
761 1372 447 138 263 1006 1741 893 1257 
23 1022 745 38 1705 41 666 493 896 632 
936 1945 597 638 1931 1466 93 1432 857 
86 1445 1070 1063 1168 1968 1265 1698 1577 
1061 545 1045 1155 80 1818 1814 1514 171 
61 347 1339 980 1388 1916 1118 791 902 
686 1220 163 888 1141 431 1678 1252 
1111 320 538 455 1801 1718 1656 1198 
1461 1386 1822 1113 1330 1065 603 22 921 
986 345 1153 313 1780 1051 1276 903 657 352 
1211 1795 195 288 780 740 1097 1301 202 
161 747 1538 605 581 643 201 1327 1696 
36 1347 688 930 741 628 915 498 
136 1845 1489 1088 731 426 156 421 671 
111 961 172 11 1855 1191 1815 1668 1482 1882 
836 595 1939 1738 631 168 1390 1548 
1524 1836 697 1013 841 458 358 1755 1725 840 1251 753 27 1777 
1799 1784 886 864 388 1488 1805 425 40 1739 21 1607 1623 
174 1611 1370 72 1163 208 1455 131 706 765 370 907 1377 
1774 1759 1760 1014 613 1963 1750 1550 453 543 1566 1102 1227 
374 1561 1164 65 1938 1825 155 1456 664 931 1406 271 407 
299 284 1961 389 1363 663 1441 1300 768 795 827 677 
1049 411 1072 1364 1838 325 1476 668 1520 165 432 1682 
674 561 1847 1889 91 938 1100 950 53 803 403 32 7 
899 461 397 139 1463 630 513 576 439 772 418 1521 1502 
1724 1709 1710 1545 863 1130 105 1756 440 81 1693 1298 1332 
1699 336 1970 1888 530 705 1950 718 203 1776 1807 1348 
924 1411 1395 738 1183 1030 16 701 1551 1381 1127 1657 
1599 1584 1585 1592 739 991 1763 1080 51 481 1606 878 1321 882 
724 709 710 717 719 113 1880 280 1881 1576 1793 1043 1448 1773 
274 259 260 267 269 1165 1930 430 376 615 940 1946 1027 
1424 1136 1195 238 88 130 1730 101 189 20 148 57 
1574 1559 1560 720 1839 913 1255 800 265 995 118 1196 546 
974 361 1895 539 1528 213 1175 1101 1703 822 951 73 121 
1974 1959 1960 1967 1663 15 1826 1751 993 1618 946 927 
1874 1859 1860 1867 1869 1862 1854 730 813 1843 1126 1790 1615 221 748 
1199 1184 1185 1192 1194 1464 1005 480 1675 1064 1047 170 1202 77 
1011 261 622 689 63 788 1366 1201 1666 778 557 1557 
236 1861 922 839 1138 555 363 253 1181 515 1907 1221 
861 1761 1745 1114 1813 1280 926 728 1706 215 248 1648 
1674 1399 1036 767 1242 1092 1062 487 179 283 908 100 1018 76 568 953 327 1007 1098 
1299 1259 1260 1267 1269 8 962 1933 879 1808 1475 226 906 516 103 1697 627 1652 
1074 1034 92 1642 1644 379 1904 1908 1875 550 828 1914 240 365 1848 1246 1402 
1249 1234 285 1417 512 1587 1754 975 1225 641 1665 790 1695 1752 646 
824 809 1367 1720 1044 1687 12 5 175 1351 1264 1056 939 1591 577 448 
799 884 1510 1517 137 129 133 1954 1958 1431 918 1081 1518 353 807 1902 
1449 1684 1685 1692 1694 912 904 905 1075 31 1918 115 239 302 798 952 
199 959 1020 1442 1444 1262 929 933 925 200 1901 1539 1622 1303 1846 1398 
1324 1309 1310 1317 1319 1312 1304 433 1575 1943 251 78 1797 1589 307 957 
324 1409 1410 910 917 919 1719 1712 1704 304 308 1480 355 1340 640 520 1391 1873 698 
574 559 960 967 969 1969 1962 1430 450 1765 1641 566 10 1877 1357 321 
999 984 985 992 994 987 979 983 1638 1275 381 1953 564 518 457 1182 282 
1649 1634 1311 672 1419 1412 58 50 126 193 565 13 1320 1396 977 
49 34 35 42 44 37 29 33 25 505 266 816 781 1393 1021 223 471 
649 634 635 642 644 637 629 1841 1433 1425 963 793 815 522 420 298 1123 
424 409 410 417 419 412 404 408 1205 680 1053 590 676 1620 1707 973 1771 
224 209 210 217 219 212 204 1404 1408 1356 1768 1139 1245 1590 1721 71 496 
1099 1084 811 1147 1187 1179 633 400 26 1903 401 1570 1827 1973 777 
474 459 460 467 469 462 454 1355 525 875 68 1256 1418 372 1896 477 
1124 1109 1110 1117 1119 1112 1104 1108 1588 1491 1003 914 1231 1516 1927 707 1782 
1274 159 160 167 169 162 154 158 150 1850 476 851 443 1565 1371 296 1757 
449 434 435 442 444 437 429 108 1055 751 466 1203 820 968 1971 1496 
349 334 335 342 344 337 329 333 850 1400 1728 290 1089 1039 356 323 1621 
1849 1834 1835 1842 1844 1837 1829 1833 1858 1413 1405 1864 1193 243 876 1002 1173 1457 
549 534 535 685 242 1142 94 1012 1162 1094 1154 1054 1608 508 558 825 338 943 9 1915 1689 506 503 623 1802 1498 1048 877 
1224 1209 684 110 742 117 1492 1369 1494 1462 562 1129 254 833 1233 1050 700 328 1103 414 1540 766 964 966 1318 377 1296 1727 982 102 
1024 1009 934 735 935 1217 485 1219 537 494 1737 504 1029 258 275 1905 1490 531 978 1116 1140 891 570 947 1422 1671 1852 332 1232 1602 
949 1609 1134 235 1160 542 1942 1035 1944 1144 1744 587 287 1354 233 1379 1208 183 1558 1250 1628 1143 514 1091 351 1501 1616 368 232 852 452 523 1421 
99 84 1010 835 392 544 694 1819 1294 669 362 1512 604 1779 1133 708 1650 775 1291 1893 1328 464 176 1028 1778 1515 1322 1452 1821 446 552 402 
249 584 1610 1135 1167 1467 1742 1344 1567 1004 729 1479 1804 1483 125 575 1625 1380 1451 1680 556 441 166 814 681 1414 932 1148 1952 427 182 
849 499 1159 385 1735 810 1385 119 844 892 794 612 104 479 954 1458 1783 1683 625 1015 665 1868 1653 206 1243 1595 415 1477 1282 696 46 1171 
0 47 234 1210 1885 1017 617 1544 367 112 819 1037 1387 758 83 750 1900 1788 1368 1025 1341 1593 916 247 1376 797 1427 107 848 177 398 
124 734 509 860 1535 867 785 1917 144 737 1137 894 829 1158 1279 1358 1925 305 1125 1478 1601 614 181 616 1240 366 422 1932 1052 277 1446 1157 
699 186 834 85 1335 1785 942 1292 1392 1537 837 529 662 354 1150 375 1350 1655 714 1189 178 1626 1715 122 228 764 1352 527 652 723 1382 
1899 1149 1884 1809 1485 592 885 192 1612 1212 1087 712 383 1579 1258 500 250 1816 1806 1643 726 1531 601 491 693 106 1023 1546 473 1346 423 
749 149 109 1334 510 1235 842 292 1042 762 937 1787 579 1883 225 1308 1325 141 1714 1228 1326 1253 1906 1239 157 757 1598 1746 1423 96 
1949 384 1909 1935 1460 1285 18 769 492 1244 1937 1519 1569 4 1454 1504 654 1583 1633 1033 1200 900 478 981 281 406 1603 1597 965 1121 1373 582 1082 732 
1624 1374 859 1734 585 1910 142 244 1792 237 62 1437 754 1929 1229 779 1629 1283 725 1630 618 1966 606 1289 881 1614 678 1572 1416 1057 1582 1748 1796 1552 
774 1947 1 760 1617 1542 1619 519 1594 369 1812 79 887 704 804 1383 75 600 128 1865 1753 1965 1568 216 1401 1241 956 1691 1948 1898 548 1823 
1474 1659 1284 659 692 1169 594 619 1769 1394 854 787 1562 1679 1000 1758 350 1375 1206 868 1040 465 116 941 1676 1306 48 1107 521 971 
524 1749 134 484 60 1810 185 1019 567 792 1919 687 229 1762 1329 279 533 1733 1450 1151 1426 306 264 1331 1031 214 1403 1389 1152 532 482 782 1071 
1174 1534 784 135 1635 67 360 1817 817 569 1794 1487 1529 1637 554 1658 608 808 255 1105 1716 1131 1526 428 553 690 806 928 1571 146 621 98 1407 
874 1924 1934 1059 6 1060 1085 1469 862 294 1237 1654 812 733 483 1083 180 1700 318 1468 653 56 468 856 1090 1564 416 1316 1271 727 1871 607 
1349 759 309 1360 359 560 869 1669 944 1887 1337 1879 312 1533 583 783 1600 300 1926 1640 293 276 501 1781 490 1247 1420 196 52 898 1473 1507 
599 74 1459 1434 1509 310 1342 1067 1894 317 87 194 1604 1287 1254 1729 1333 883 675 1775 1876 831 1639 976 593 1789 890 756 1690 1921 1323 1046 82 
1499 573 59 610 1435 517 69 1767 667 1362 262 187 1008 1079 1058 1508 475 658 1500 340 1651 639 1541 241 695 1415 346 996 1277 207 752 
1549 1824 1359 184 1384 1892 744 19 1069 1662 1912 54 1204 683 1708 958 1800 1688 528 90 218 1093 818 1226 972 127 846 1096 598 502 
399 624 609 1484 1660 909 1667 660 394 1717 387 319 679 1429 858 1554 1525 880 1001 1465 716 164 456 889 1791 990 364 1832 348 1627 1957 198 