144
12624 13510 10499 8574 9559 1485 1510 10310 4560 7194 10336 6269 3517 14394 2794 8986 5712 11287 11254 3879 4333 2483 4683 3105 9055 11038 9163 5863 5188 13663 4988 10780 11628 14778 7141 21 1147 6893 6066 11170 10403 13939 589 14520 8706 12240 9776 10193 14703 11878 11722 1470 13243 9848 10777 8173 14748 
10374 13224 14949 11874 12210 11184 9735 10060 8985 786 5487 9267 8219 5811 11769 11612 9929 13754 14737 7404 9829 10758 6633 75 1383 875 2105 13038 10130 9013 9230 4075 2850 3116 9926 14526 9568 1043 1313 11776 1243 170 9543 7970 1039 12697 13089 12897 13297 5393 10473 11252 1395 12952 12957 9352 
9949 14809 1709 6024 8584 9510 1685 8442 13267 7686 1369 4461 9042 9269 6961 8937 4637 14629 4604 9204 12208 4508 12125 14608 7375 11338 50 2338 10300 13225 9630 5525 10050 7313 13897 10926 1697 8818 13222 4795 6978 6201 14353 5864 11515 11514 14951 2940 214 866 3653 772 10427 11057 9682 10773 471 
1649 734 9574 6849 8710 1110 13560 1860 10544 11192 7069 6486 2544 9569 2286 3662 14637 8179 14129 2479 10558 1783 14858 13233 6755 6638 13363 650 2500 11830 5588 12830 14916 5180 13351 11051 5791 11220 9905 7851 11172 13045 12851 14314 8168 13395 11289 2164 3403 5995 9372 9196 5282 14973 12627 14423 
4449 7684 6649 10674 13634 249 11985 5035 13817 1010 11942 11142 2242 12261 10244 12669 4862 187 1812 8279 12558 13633 7783 12833 9250 12105 700 8013 4200 1605 14838 1938 1413 11988 9505 9193 10090 11905 10076 8531 7743 11926 6590 8806 14372 4120 12495 10176 14806 8715 14620 7322 10666 3172 3270 7673 1857 14696 973 
14299 9934 6449 11709 10459 6109 5492 11092 11735 9694 436 2192 11361 2419 9044 1162 6762 14412 2054 8358 9383 2463 12633 3238 9358 6850 1063 10430 14200 1663 1228 4051 8178 8438 12726 13463 10593 2715 14631 11665 8855 10141 12064 2570 7556 8565 9390 1995 8865 9721 7902 5796 8307 7832 
11574 11299 1199 2934 10335 3985 11435 3760 14819 5192 6036 1767 944 10192 6244 4587 3237 4629 14404 7133 13283 6308 1730 8633 14775 3930 7155 11205 14600 14031 6325 1076 9830 4789 1955 8528 9291 5789 11072 13664 1165 12815 1481 3991 6797 9315 10795 1722 8423 7773 11728 1102 4082 
11499 10274 13874 5409 1260 10385 8110 710 12017 13842 12542 3744 10619 5994 14387 4112 3079 10504 3454 12 6533 33 7975 6480 3625 6905 13605 2738 7563 5230 988 9 12745 14791 11015 12518 6180 9589 11068 4353 8803 5615 10101 13931 11545 3770 2845 7106 14953 321 14747 1798 11296 907 9046 
7974 5949 1174 11349 2799 2099 9034 3810 13442 6067 7011 3086 3267 5269 12761 6111 3837 2887 2904 11329 14258 6933 3608 8000 11055 2925 12825 13905 9300 7813 5663 10590 9405 1368 4065 5776 8655 6631 3993 12115 5015 1439 8651 7265 8740 9872 13120 8120 13464 9493 14598 5521 14802 13082 6848 
11099 12374 1259 14659 7084 6585 13260 4684 2085 12469 14694 12286 11761 4494 14744 4054 14054 1358 2854 4283 14450 10200 1200 6130 380 5655 10530 2466 10663 5650 9072 8051 7191 14665 6681 4781 3451 491 11201 6591 12676 1614 5847 190 6616 13472 9221 12521 1946 5707 7821 
2274 8059 13759 9534 13559 7460 10442 2392 6392 1361 12792 2811 1311 3461 10586 9262 6804 12654 4858 7983 2125 8300 13900 3138 10155 6488 3955 605 4405 14725 1693 1370 12703 13876 14422 14672 9947 5331 8676 10266 12347 14291 11668 6243 14820 9793 9998 14745 6773 2521 6948 
2049 9824 11609 10209 13985 8485 11860 12835 467 744 192 869 4692 4662 2486 14354 3929 12229 5408 8683 7125 833 12263 9025 1175 6763 13563 7338 813 2663 12031 13941 11016 5901 14420 12303 12131 12989 8743 9153 13426 5951 11990 11506 14847 2653 1378 3748 6823 4457 14698 1632 
13149 12324 14334 8035 6360 3534 217 2642 4592 9917 7261 2944 11444 2894 2912 3479 704 6929 13733 4483 3858 4625 1475 7238 913 14788 8238 5205 14430 14122 7195 6991 3405 172 1239 12251 2026 2601 2447 8495 3447 12470 3220 11243 3003 9203 9431 12443 13546 3164 7546 8448 12421 
3024 5699 13174 6784 8434 11035 1435 5185 2785 3467 4242 11111 11011 8486 7162 12962 5912 7429 6154 2258 9033 4030 13480 10288 12100 4083 6938 1913 7680 13388 8166 1763 12178 9328 12143 14793 5751 11631 1668 13391 1951 10264 6695 5547 11415 81 12290 10745 2523 10968 8998 24 11177 7721 
8324 11884 2499 9659 1735 5209 10869 6286 7892 4017 12011 3186 11869 11436 4387 9987 1304 10554 9733 14308 12433 8983 2880 2705 2075 11900 7288 13850 14605 5616 10505 1713 3339 13878 2901 9945 4270 1553 7378 5093 3597 4993 6778 11968 7714 9364 11346 5978 5406 7521 10521 13557 
8724 1124 2659 5235 8785 8685 4192 10467 2692 12242 3667 5686 3669 844 11437 5379 12954 10579 14204 12758 11908 3583 4488 9625 2130 6730 855 7026 1255 12195 14090 1141 14641 4372 3568 6290 13747 5631 12465 4116 7797 2941 12016 2793 12215 5493 12073 1246 11402 14702 5377 
14274 4534 6874 13335 10785 4585 4635 14692 8092 4536 14867 14669 6136 10812 4737 10662 13204 1654 12158 7908 780 2083 6333 1500 14400 14513 2888 5200 9200 1505 3313 7181 8193 11641 5238 10541 6351 3226 11951 4576 14145 6466 2839 2568 14015 2066 14718 3420 3153 3781 6802 4007 11482 14177 
7549 3184 13159 10035 10635 4699 3092 3842 4642 1036 7244 3519 10286 6969 11879 2754 6729 654 10233 11083 14663 5533 4025 4538 7738 4413 7788 1743 3326 12995 14639 5116 4251 4115 2995 1178 4481 6072 11865 13114 668 11228 2589 11714 1323 12402 12982 5246 10207 
11899 8499 4959 4174 6 12635 34 2167 11411 6342 8419 7894 6019 12037 11054 9804 13354 14158 2033 1355 1180 14080 4363 11225 5913 7055 8680 4713 11330 80 2113 3963 4731 7343 5368 7201 7239 1190 6166 12351 10495 12868 543 2064 9218 423 1106 7081 1698 7798 8946 
12349 974 4859 13749 3060 884 4885 7342 3792 2461 4167 9886 42 8561 4511 5219 4612 8612 4687 9604 7029 508 10179 11233 13675 1958 2613 12755 13280 3250 9350 13155 10175 14120 9876 1664 12145 4043 9425 3901 6291 1195 11991 9940 7793 2489 4403 13245 5395 10965 2198 3171 2096 107 
7824 4799 1309 9734 9410 6860 1692 5167 2067 1936 12394 11694 3511 9137 8529 13712 1962 13158 12708 14208 10958 6925 14650 6455 2775 5463 180 1726 11505 6720 4053 5614 13490 1428 14415 8191 10455 13393 8497 12831 14501 520 2597 3820 9520 4596 12439 8182 1598 3948 
13049 6909 1209 8535 13135 3509 12167 4342 1592 2417 13494 11767 7086 13369 5887 6429 4004 3758 308 10125 8758 10088 13655 12430 3130 313 8738 12488 7555 13863 6289 1691 5564 9976 12118 5570 4878 11701 5413 2726 8270 10568 4420 11593 9139 14191 6348 12927 2121 14952 11757 
4274 5274 3034 2110 960 14209 310 10942 7367 4936 994 14644 2919 10354 6412 2879 1604 9958 458 3630 5825 3180 10108 7888 11413 11530 10100 2655 7363 12026 5641 7205 722 14906 6876 7039 4195 6726 297 10231 13415 13178 11147 6839 10839 10503 1464 2182 5123 9732 6671 9902 
5649 7174 4099 12484 12085 13667 3659 3535 4369 892 2719 6069 14844 2019 9786 9154 9387 11129 2279 4679 1833 11030 6038 9375 2088 5030 8925 11963 938 7131 4056 3751 10589 8172 7145 14645 1028 12116 7515 12147 8681 11020 1166 11293 5147 3616 14589 9157 11472 12171 896 6077 12298 
7024 12059 8835 259 11885 3710 8410 660 5567 11217 6692 3767 2694 1594 2761 4187 14187 8812 12279 5754 4304 12258 12308 758 14075 5705 12325 5875 13255 11275 4300 1088 1353 1364 8543 3120 14356 8405 2039 6056 2226 14693 1816 5839 12070 13445 6168 1606 2270 10570 10831 13968 5303 12390 9052 9657 3557 623 11498 3877 3527 5948 
11074 1549 13999 399 12734 9060 9335 8017 6667 10267 2517 14492 9842 12111 6386 12936 1669 6812 312 237 7704 229 13983 8133 11300 4425 13075 14938 5658 8380 4530 338 14500 12515 6070 10180 8395 11164 1139 13606 13390 2241 3922 7016 10297 6664 6766 9931 4918 7439 10945 339 11591 6440 10520 1403 10657 14178 5696 8223 9727 2882 9832 
11374 1524 1984 11209 10959 135 13460 10892 2767 2344 3542 317 3386 10936 2362 4762 6419 10154 11029 3554 2558 10583 7083 9338 11313 13138 2455 13688 10625 3380 10638 10097 563 4700 5601 7406 13891 4464 4778 2893 13103 11972 2276 8776 6581 14326 13131 4901 9089 5815 14018 6953 1715 1790 13639 6832 10232 9107 5527 14907 11023 11471 
7649 12574 7309 1599 11984 1935 3485 9342 10417 1442 517 5844 5944 10811 13436 5544 1394 2629 5104 14479 5054 14758 9633 14675 14780 5130 2263 5430 9155 7830 3088 2055 11825 4368 11431 8220 13656 7340 5506 3195 2256 12543 10426 12464 5026 12406 13053 3841 4756 10778 8843 13720 6918 11897 12857 14332 12802 9302 2048 11021 4796 
10924 14159 5109 11509 5549 10160 5534 6042 9592 3660 235 269 10019 7769 9392 8412 11812 13236 13129 9554 5254 7779 13683 3330 12788 5275 8100 14480 5850 2225 1950 11763 14028 10147 876 4347 6543 9181 14418 3655 13672 2441 12331 4653 1105 4220 2943 3951 526 12416 7641 4639 8091 1956 14731 14096 10557 8821 8498 9296 8348 10652 
8899 10424 5959 12259 4360 12234 1917 8717 8135 7311 6911 7486 2792 5769 12636 10969 8787 5504 9212 4287 12354 3058 4813 9738 6425 10250 12455 14413 13925 14188 11303 12606 7726 5568 2264 8215 7489 9064 301 5520 1497 7080 3640 5503 281 14072 11131 397 1766 10318 6097 3666 12071 4907 5677 3296 10996 11796 2177 
11024 6099 809 4134 3874 384 3610 13860 10092 2136 8544 6217 986 2837 1861 3536 9619 10712 254 8762 5383 4433 1758 10363 6800 5780 11075 4663 4305 3055 7005 5313 11168 14776 2991 10726 8901 7041 6703 13126 5556 6803 9097 5115 9722 3388 9265 12672 9031 6870 12947 14939 1272 11564 14565 4623 4671 5857 7548 3677 11732 12807 
5724 9349 8859 13099 12799 2710 6309 14017 12267 12317 7061 2592 2261 13986 10387 8437 8912 6029 11337 3229 158 10483 658 6855 9083 6388 13430 12413 13505 3800 9463 3331 3863 5122 14950 7401 2847 12993 13145 2439 14751 8316 14426 6216 3203 9303 8576 2365 814 6566 3576 10716 3503 6418 1177 2573 6952 6123 1057 13348 1846 
8974 274 14059 84 10084 1684 3210 13960 1185 14044 2185 13169 2436 10786 14194 11744 4161 9611 12787 12554 14962 11983 358 6133 6083 6050 155 6813 1963 5155 11188 2405 11976 14797 2470 14251 11656 12651 7403 9066 2491 6368 9847 2239 4339 14495 993 12828 3891 5543 5228 13920 3053 9890 5490 4821 2407 8171 9307 2346 12873 4873 
14149 10774 10474 14509 12460 7517 14434 11135 13967 867 4567 2394 3711 8194 10987 10661 6012 12837 8804 5854 14083 9708 7038 11800 2713 2905 6138 11788 10355 9980 12516 2456 9075 4938 1128 6968 890 893 6053 3293 9993 13818 11441 9156 5831 2640 10840 10064 620 8916 13247 10515 1098 11921 11427 8248 4448 5227 1623 
7299 11359 8924 3435 4024 8609 4185 817 3460 5210 10361 8142 536 13636 5586 10412 8661 13862 3154 1029 3579 9258 11758 14883 438 288 13250 10755 3005 3788 8650 5730 16 14455 9697 9165 6722 4365 2476 1478 13806 7143 5340 13028 4676 12056 14689 9041 13868 12090 7116 14153 10997 9620 11473 9132 1498 14057 6502 7196 3498 
12824 6749 4434 5734 11924 5010 13359 1009 7035 3436 12811 6517 10469 13044 4569 1619 11562 10111 2187 14229 9304 8654 13083 9750 14138 8338 8613 7388 4463 12055 13700 14026 11301 10830 538 3456 8701 13353 9901 14670 1145 8295 8878 11970 11476 10689 8293 12266 9991 7753 6670 1095 1093 9622 13671 2327 13952 8977 12227 6623 9432 11452 
4999 699 10909 4609 1934 8160 8310 8167 3860 12742 10110 8567 13742 7469 12462 14486 12961 1787 7254 3904 1754 3183 8583 14708 1655 10475 3025 3200 4225 8463 3363 12905 951 6926 5618 6281 13889 13890 10397 3551 5622 2481 11966 13803 9397 12845 11001 7266 3218 8745 3091 2147 11391 1048 9677 14482 652 6046 3852 3777 8721 
13699 13774 2699 4249 6259 7185 8892 9710 8085 6867 8336 1511 13486 13061 5837 13062 8187 9812 4487 5179 3979 12983 2283 8458 600 12230 12163 6750 5675 4155 6230 3263 6576 12451 14880 6715 5716 10547 5681 5343 6628 2340 10240 3240 7268 9389 12791 476 6951 2372 12595 10456 9016 3082 6507 13846 1107 6271 5071 11752 
349 8874 6559 2334 1834 2309 14449 8435 2184 9835 5660 11636 10086 3961 4492 13537 12262 2869 8329 2154 2404 7158 10033 14225 2583 6475 11655 14900 1750 8988 14530 1113 9963 3491 4491 3481 3431 6297 12668 3441 743 9981 12301 7618 9172 12889 7791 1441 91 8620 9831 2895 10916 11920 4196 3427 8346 377 802 12498 14448 
5149 13884 14324 4659 10659 4835 11317 10642 14435 14242 2644 4061 1586 7744 12012 9086 13579 3362 10112 4154 5258 883 1230 13600 8588 12530 9650 7075 5955 88 9205 7838 10013 895 10414 6706 14576 13951 4791 3995 4726 597 7895 8476 8314 703 2965 4331 7790 9076 3578 5403 9426 207 4771 8746 6807 5652 14098 2696 
13449 9874 12084 2809 10559 9784 2310 13142 13235 12461 4917 2742 11269 14511 12137 9587 8487 4712 4329 8604 1108 10283 6108 12550 8513 4000 7525 6725 113 12618 6293 7001 14039 3340 793 3556 14497 9170 481 7345 11797 6626 12045 5514 4978 270 2720 7431 14926 10915 9768 14566 2932 10498 9707 6998 11571 6482 3732 3573 
8174 12274 2749 9059 4309 1310 13192 11642 13617 5511 11311 8917 5194 519 2511 2562 2612 12604 4104 9779 5008 2008 4255 6700 4888 9255 9755 14813 8750 2330 1676 863 1678 551 12076 14065 13047 2813 14414 7347 4543 226 9826 12014 11095 10622 7164 11443 4397 3095 3515 9906 10653 1023 12021 12196 13321 4496 6471 14877 
13499 5084 5684 14424 14085 12784 14117 8792 2317 8386 9092 14086 5111 8569 9869 6362 87 6637 5579 8637 13554 6583 12583 10080 9408 10280 7925 12030 2400 8455 2955 9138 13930 9101 164 13940 6795 3566 7241 5516 166 5603 1801 14391 8976 12928 2641 8341 4678 7864 8839 5670 4097 13016 1948 4752 8602 9048 11577 7723 8207 
13074 9234 4934 2249 3599 6384 2835 7585 7610 6592 14469 11461 2386 4742 386 10711 3962 3594 6962 2379 13979 4704 13229 4008 6233 5550 7913 14300 655 7600 580 9763 13288 4276 8705 12253 13215 4881 14481 8891 5841 9990 12015 5297 12120 5940 9270 1701 5043 7568 12222 13772 11543 356 11198 11323 11396 3223 11873 3021 12821 
11799 2624 14549 13849 7159 14460 2810 9660 142 5494 7167 10217 7417 8311 3786 9861 3187 10912 8462 4554 9437 5308 10708 4233 9000 7580 13400 8955 12963 4380 6188 10655 14901 6997 3076 2353 3780 14628 13365 2951 13826 4740 2389 12943 13591 2314 13840 9820 7240 6815 3406 8856 753 10046 13498 3532 13423 5782 3846 11896 10496 
2999 12649 13034 10324 14309 3674 7492 385 7942 4617 7242 6061 5286 8262 3986 1019 9394 14961 10829 6954 5529 3558 8233 13708 9113 12050 9875 13825 225 4150 1351 1000 12028 3476 739 9540 12453 740 9840 9095 10247 12140 13097 6126 5388 4776 4865 9239 13864 6326 9316 14556 11847 5381 432 9448 1657 9582 4446 12823 9477 
824 4124 10824 1035 1674 12485 9810 1160 9910 9610 14569 6167 5011 13112 761 12112 6687 12662 9179 7604 5158 6508 13888 9280 7700 9175 5938 9563 3350 11613 3575 14795 1670 7418 720 6572 13726 11670 6714 9326 4370 2051 2978 256 3278 1551 265 13581 6866 11331 6320 3393 2498 548 12346 9852 127 13152 1807 
6899 7209 6884 13284 7960 1460 13785 8935 7117 592 12767 5794 2269 8786 186 9187 14487 5929 14887 9379 6229 4783 11780 9800 4950 9938 7180 5055 12525 7350 1665 11238 11320 12341 6701 8539 3915 4551 2603 6364 1603 12339 978 14366 8768 6165 13593 7368 14468 13781 9131 10181 13477 621 8357 5207 5298 12496 2802 
6724 9474 549 484 9924 3784 6974 1434 3117 6760 967 9892 14161 3019 8192 7661 12036 7187 461 2786 4486 14611 8087 7479 11929 10383 12008 8908 14533 4158 5100 9550 13355 9305 8263 1650 6513 1580 13580 3830 440 13128 8697 4026 3143 9547 9701 4245 3464 4922 3245 13831 12893 6578 14768 6206 10928 13197 13995 11478 5853 653 8716 903 12906 3614 1843 2623 11977 14846 14471 5557 10027 6496 5052 7096 10623 
12524 6824 999 3224 7059 909 2384 12534 1060 10392 9785 13319 92 6919 119 14037 5261 6967 5562 11244 7737 9219 1679 3262 12883 3804 8208 14038 7583 325 1008 8500 12680 1875 14438 9988 1238 9850 12139 6438 5778 4356 12701 9103 8264 7197 9695 14116 13189 7745 239 2701 7551 7381 8228 13776 14381 7503 141 5039 3764 1018 541 8141 3314 9368 3621 4227 13571 13848 13396 12471 8407 5848 1132 5477 
424 5174 99 3559 12934 11149 13685 13084 12285 4484 367 1517 13792 6742 10067 6017 919 1461 6894 13094 912 14219 2787 10804 11479 6854 5204 11633 1858 7950 8730 13975 3475 13350 12388 12138 8975 13113 14047 1366 4040 426 11626 11647 2828 9556 4876 4272 1491 13403 8747 6251 13666 345 5695 9966 11022 2401 515 1947 318 2406 815 11690 11115 3315 3378 4940 9327 3132 4582 13107 2246 2996 2107 12107 6273 9502 
13924 2134 14249 9235 10074 9760 9409 14224 309 2010 5535 2267 10317 10136 7569 5917 12769 6144 7719 8112 1112 8769 2737 6179 1429 11179 208 10683 6208 12500 10325 5688 10183 6155 8880 6775 8230 513 8355 8376 12501 9278 4456 4126 4672 13378 5626 7968 14303 4745 8026 3140 716 7506 6489 8564 8241 12895 12666 13090 9591 10178 5739 2665 10772 14956 13003 14873 10277 14146 6457 6982 8007 5421 5752 3302 4871 
9174 8384 2549 12984 8624 9160 1584 14484 5460 417 4392 5467 1867 6117 2219 14186 7369 8086 12786 2537 5587 4954 629 6879 1854 3733 7708 7533 4588 4113 1213 14375 14350 4125 1600 11950 5450 2472 11315 3468 9293 9191 4189 14541 2251 13540 7501 14403 718 8291 6693 6531 7341 3128 10878 12318 5964 10889 13970 5728 11853 7664 14722 12626 8447 8872 2071 7748 6577 4507 10723 12732 5646 9207 5773 9627 
5299 10884 6484 14649 1134 9799 5059 12110 8360 6060 10184 5436 13661 14210 7669 2092 11819 9012 6912 13869 13762 10529 1929 14437 1554 5729 3854 5358 10783 5075 9783 8005 4005 14905 5113 13180 388 6313 2575 1463 789 428 14656 12997 4666 5843 5643 3920 10268 5426 12456 10591 13678 2356 13347 13422 9590 5345 8043 14606 5931 14215 5818 972 12597 13641 11465 1677 9271 13573 14502 8982 4307 10971 4707 971 1302 
10899 499 6549 3999 9449 5934 12284 7034 7967 7267 7085 9192 11717 5611 5561 1086 9586 13261 1344 8312 14742 4719 13087 9712 8354 6504 9133 1258 7408 11333 8658 14250 1525 2100 10725 2050 10838 1450 5830 11156 3465 13497 7105 1247 2490 12531 12122 13670 2339 11864 10047 6372 13343 6816 12165 13926 9141 6570 2176 70 7270 13715 7576 12391 4278 764 8670 10923 1421 2132 14496 13327 7473 6396 12282 10977 11407 
6474 11584 11974 3684 10509 7310 14010 610 13892 10992 5486 3260 10886 3736 10694 11342 11861 13587 14869 862 637 4512 11912 4879 12404 5708 6708 13458 13650 3100 1725 13263 14050 1025 11088 7863 730 2175 10513 12041 8547 1131 10676 11165 14551 10381 4490 13031 303 8331 5589 11576 11014 10803 13966 13668 5278 1776 3589 5956 7981 12941 6928 10764 3831 8841 5378 13957 8571 13623 10946 11496 14921 3446 5771 14577 14223 
13899 7509 11659 2324 3474 11959 8885 3417 2409 14185 14485 14036 4710 2844 6661 936 5667 7536 1987 1886 13412 14436 8137 1504 7379 8708 4279 12908 6758 6025 12450 8025 138 13875 6150 5125 4313 1388 12603 3155 11318 151 3470 1576 2341 11639 9715 1618 6790 3591 13051 3147 9868 12795 12420 12306 7756 10122 64 12401 1078 11522 8703 8364 1768 4289 10718 1321 3977 7946 3523 14646 7332 8457 12246 1007 14552 
7999 8074 9549 1 8809 2834 5285 14409 2859 13085 14960 8692 1986 7136 3969 2936 14244 13744 6644 1137 3162 10404 4829 5304 8883 10187 2079 11183 2508 705 6630 3188 450 7025 13950 7530 6888 12425 12520 2788 9340 13143 11066 10853 13176 1143 10822 5081 12526 7226 9341 5097 3706 7966 11222 2151 715 3851 10116 8118 11414 390 8572 11345 1415 11891 8382 12052 4621 9607 13432 9182 6382 4698 7582 8798 
13199 1099 11534 9999 10224 11199 10809 360 834 9542 9761 9435 35 8942 5969 1711 13844 11961 4919 5787 11212 14554 3104 1404 5879 10608 3254 4408 12730 12605 6575 2525 14175 14613 6263 12380 5930 8130 10078 3564 13495 1380 4066 3295 13001 4568 12103 11645 13501 2343 12716 12670 5341 590 12472 13039 14320 818 203 8243 3714 12914 690 6181 2966 10728 14470 7857 8782 4632 13898 13402 12677 13923 5921 13173 12398 
2374 3334 13584 7959 3410 6134 13535 4660 12410 4335 1742 3967 3069 5867 2319 4994 9144 4836 8919 11154 7094 4037 7712 10079 6554 2729 8433 9558 1883 12533 14100 13488 12225 13175 213 12838 475 4830 11580 8151 11166 12040 14789 10295 14401 5970 7256 10895 6793 272 4231 13478 13589 2091 10128 13689 7776 1153 6676 8451 7456 6164 14701 7597 4701 4945 3668 4371 6857 2332 12382 12827 14207 14002 13532 752 1557 
14374 3899 5484 14559 5874 2634 8999 49 14510 13392 7192 6010 7961 12086 8667 11742 5936 10769 6519 1687 13837 1961 12029 3029 3008 3529 11808 7383 3358 6355 3463 555 12700 300 4725 10905 5763 3813 9281 4176 3663 4790 12270 7193 6545 13743 12820 591 2916 1193 1490 12789 11439 4976 3940 2366 518 116 10139 691 7915 1756 13156 4089 9897 877 8598 9146 10471 277 7346 10798 8732 6098 10573 
5099 149 8509 7434 5884 10384 7060 3859 13692 1317 14885 10817 3412 1536 11811 7436 14344 10162 2962 11012 8154 13362 3862 579 2504 3783 3833 233 14505 6780 9188 7663 1150 375 8600 1080 13513 14013 3106 10980 10581 1728 5576 12106 11789 5351 10595 12376 3628 9488 14653 470 1426 8153 13440 595 13728 14730 13241 7281 6353 12689 14720 11120 5243 8656 1389 7146 9971 10182 12657 2223 13221 1157 7202 13523 
8749 1749 12709 7049 11774 5360 3035 14959 1810 11992 642 9344 2369 5961 5217 4386 14536 6119 13612 9211 6862 7412 5979 2004 958 333 583 8425 7855 10613 1850 4338 4275 400 7938 7380 14180 10093 9106 14647 14364 3189 3281 7865 5572 9693 2993 5639 13181 8397 6395 11795 8601 6220 8515 516 581 12840 3526 6381 9653 2103 13993 1015 2816 10732 1532 10646 3707 5357 13448 11907 5923 8402 6407 
8424 11824 8299 10334 9584 1910 7835 792 10342 10935 5417 8269 1192 11469 3194 7236 1186 3761 11512 9112 14337 6212 10429 12729 5662 12033 14879 11358 3708 9105 3258 1300 2763 9805 2350 14688 12305 7988 9005 4264 14918 7140 1739 5628 4228 11793 12345 218 8278 10131 851 7772 5715 7564 13140 1803 2889 5578 11481 1541 2420 570 10731 11116 1340 11743 2148 9471 12132 332 1707 7352 13232 13227 6102 1377 
6499 1849 9149 12684 3834 5859 9767 6435 6935 13467 12819 14317 10242 8436 8369 10819 3919 3819 612 10312 2554 10254 7854 7808 1908 4258 4908 13205 7400 9330 10863 7750 2480 3700 14263 10630 14903 5793 10188 3497 2565 5845 5118 9347 14770 8764 2556 9297 4589 12664 12264 3291 13956 8728 4151 566 5691 5272 12691 12953 8097 3797 8403 3268 12127 3127 10357 12307 1146 14932 1496 4773 6398 5402 
7574 11384 1574 7809 14360 6324 12335 60 9135 3935 4667 4010 2617 5569 1617 11211 10219 13761 3836 11919 13687 2037 6337 8662 8554 4558 1083 9908 7033 12613 14363 6538 14005 13938 4250 8530 2605 9825 13630 6039 11463 9118 7176 2572 12051 12981 13543 12818 13547 5251 11093 13372 3641 2043 8203 11490 422 4603 14147 13214 3443 4953 5916 2664 8628 11103 11190 6373 657 2532 10457 10707 648 1332 9082 7373 9071 
14174 2524 4459 14459 2899 6124 4410 3735 11134 2385 7760 3444 14461 3942 4685 9744 9911 8294 13086 14912 12969 12562 1862 11429 11854 10654 14233 8629 14658 950 14388 11605 13475 8800 9263 12005 11480 1800 2464 13901 6295 9130 4268 12047 9772 10278 13622 4366 3197 4772 731 11018 9264 1568 12803 4590 12768 13195 2376 122 3445 11943 7293 3395 10990 9895 5422 9807 13132 13607 3471 1602 14396 1248 5423 6346 1898 
3349 4424 12024 4409 14834 9984 9359 9535 5517 9360 9692 8019 9161 8344 1017 6536 1094 1237 287 9319 4636 5637 7612 10562 10204 10279 4533 9458 1058 14508 2858 1205 12080 4563 1575 14958 3355 7455 12625 9290 11538 14805 6481 11666 7728 2939 1818 6593 5140 5365 9564 10272 8595 215 3251 11965 2714 14389 12493 1203 11516 12093 10703 13441 8053 1381 407 10527 4748 9027 13257 12673 14671 4657 12998 2073 
14574 3624 3284 3009 12334 3142 4649 5760 13610 2160 11117 8760 6842 2992 5619 2111 5169 6544 9919 319 1611 11662 6437 12537 8204 11883 1829 1633 12738 4583 14405 6063 10275 4475 12575 4500 14755 6688 13588 9178 14875 12172 10890 5620 4190 9651 12466 6972 4615 8281 4468 12714 9093 12776 13741 5518 10693 12415 14622 3368 10815 3878 14245 1120 9503 3547 5348 4948 9198 11623 5448 11121 10621 5321 6107 9421 
7699 14774 1349 10249 11259 10860 3010 7810 14535 11517 13167 2585 3061 7019 294 12694 14769 4292 14587 7044 11344 6887 14779 5004 1254 879 6008 12858 8525 9680 15 7905 175 575 5900 6625 255 12622 1231 13151 13928 9176 3328 3903 13005 6065 13603 11003 8489 6770 13697 231 10897 11540 2739 7395 7003 7589 14826 11247 7545 7653 13553 6178 3272 11703 1221 13371 4602 14007 9021 11123 6323 8902 1021 10921 
6574 12124 624 8334 8709 5924 11485 6834 5560 935 9384 1367 8592 6194 9385 1419 14836 1194 194 12387 9537 9487 6112 9612 12204 10158 6304 7883 12063 11625 550 6555 2305 2875 7413 13338 8888 4975 3001 795 14626 7422 1040 10281 6389 11064 13201 12931 8881 2047 1431 14216 31 14218 11872 1443 9851 2428 4991 291 3068 7614 11403 13795 12206 5881 13006 7098 2398 3257 5852 10423 4127 2271 3002 3632 10952 
12049 5024 5509 4199 9324 8359 934 3234 1560 5242 2367 5942 11967 13336 13544 5319 2961 12911 10137 12612 6787 10937 14679 7654 6004 5029 9029 5283 10388 13380 13105 4555 250 9705 675 9525 13775 7980 7088 7028 7416 8181 13493 5339 4122 3720 5480 2031 13368 5872 493 11291 7566 5697 8751 6145 12256 5020 7922 618 8997 5668 2970 3366 2864 1053 14741 5627 8202 2973 8373 12432 11657 357 13198 1823 7596 
2224 6924 5899 4059 8949 14974 12309 13060 11010 5909 6959 11185 1117 3111 8536 12061 1644 14386 14261 4786 11144 9937 7662 12737 4262 7587 5062 9454 7754 3504 11458 4608 5808 13558 14913 6000 3175 8155 7880 5363 4263 9855 12750 7763 11288 12197 10955 7031 443 5380 2676 9051 2926 9690 10476 2240 9266 10828 14516 2201 14618 6868 4428 2076 2743 14064 12291 8928 4920 14691 2531 40 7940 93 5014 9672 7065 95 1220 3778 8441 3868 6401 8748 3552 4452 13527 4521 13677 977 13407 7782 5902 1877 3832 12446 2857 5471 
11849 1474 9649 12134 5234 4760 9110 567 11610 4284 12067 10560 7511 6294 1792 4411 8444 5311 511 11619 1794 12062 7937 13487 244 3004 4012 13029 6312 12579 4479 11858 7283 4350 725 7300 6650 4655 5905 5513 4680 9475 6113 8663 3755 963 2 14922 5522 12128 489 12891 5016 4620 451 13043 10681 4441 3028 8726 5906 8018 10528 2443 3943 7018 12022 13091 1222 2539 681 5820 12926 2095 6916 11422 8991 2691 8076 12356 3856 8406 10821 1771 4652 11173 9282 9348 7602 1552 9127 13782 10582 3827 8146 8948 9602 
6049 2349 14724 2434 8959 9634 584 6460 8960 2199 11892 8867 12660 2667 4992 9686 14942 10986 13136 5019 11917 9494 2867 4537 11112 8 10762 554 9787 12154 13254 8158 11433 10883 11733 9833 2550 7150 8938 10338 11175 1530 4925 5063 7100 12191 1480 3118 4351 3301 13943 10395 1815 11056 10389 676 12006 9756 1672 7497 3276 12320 8793 5540 14201 5914 8990 10531 12951 13070 7768 6731 922 11995 12239 5803 14140 8078 5191 10228 5489 5170 10066 3953 12257 13582 6171 9073 11548 4398 7921 4996 7802 12296 1748 8771 7046 4927 3952 
14799 12859 6949 12299 14759 11385 7784 8735 3459 12160 5342 10167 7642 185 6542 14794 1944 9317 61 12336 6686 10117 4586 2687 3244 14137 4912 6737 5679 3754 10808 14704 3908 10658 1675 11975 13405 1888 9600 505 11400 10213 12980 13763 3213 12506 1476 1226 3553 3495 2551 9053 8593 3981 495 2351 11101 4601 7547 2693 6541 2364 12753 5765 8789 14853 11503 2591 6341 6840 10464 1566 126 4172 9445 14816 13866 10164 1793 11826 9406 13468 14331 13548 5827 5371 8432 2657 6071 1257 10382 8027 12932 13032 7221 8652 2277 
2574 14074 1034 949 9285 13935 14184 3934 8392 5585 8585 460 6210 14169 542 717 5836 4444 6586 3437 13294 9819 10061 7812 10854 8587 7954 5604 8854 11704 6283 11533 13908 7108 2183 2325 14130 455 4450 12275 14425 11813 6055 7225 4630 12350 3538 9363 2266 7047 9430 4191 6666 8815 4439 10545 8493 1651 10876 10353 8401 6690 68 2903 995 3289 5293 7876 4453 6226 8226 7847 12265 12440 1016 1472 5178 10501 8081 140 13566 5497 9982 12977 1471 477 4727 10548 5971 5407 13457 8723 11148 3746 7607 10502 13452 
8049 5434 10524 6459 6424 9184 1784 6434 10010 3584 6085 8210 5717 8117 5042 14119 10386 6561 10611 11719 2917 11312 3737 12337 9462 7762 9312 1729 1579 10358 4833 14108 14058 1658 9125 11525 425 2830 14055 13030 1613 7775 9575 3530 11955 12740 14451 11738 776 6068 10601 10481 12003 3918 5718 10351 14713 10891 11214 289 13526 12866 1215 5040 11401 1347 14931 14278 12690 2541 1191 14503 7493 10741 7722 14715 9666 9816 11839 1265 9470 1453 13466 14652 1398 9907 3421 302 8377 1152 4721 3896 6321 8523 12577 3048 3357 
10449 7324 8674 8649 3949 7624 6359 5674 5685 13285 4542 11285 4160 1842 6960 3311 9792 369 5419 6242 7761 7594 4437 10012 6411 462 3279 4754 2304 5508 1683 13333 1483 11558 430 7250 8863 7255 10305 13725 8713 13313 8630 5088 22 1356 4045 5551 1653 8289 10576 10241 11076 13618 13139 66 1976 3689 6665 8772 2840 5041 6241 14276 7518 7428 13828 2651 14690 2545 11106 8345 10722 10551 10941 768 11947 11118 2072 8422 9481 1315 11718 1821 9557 3098 8277 11771 846 6923 9223 12077 13902 6121 2596 13596 14252 
5824 12999 13184 8734 8599 9935 8860 8934 12585 11542 8460 6685 3492 8367 10492 8519 6642 5542 9511 5736 14144 8944 13137 6761 9662 1062 3462 6254 10754 12754 11258 13183 183 2783 4438 1130 10380 305 8205 8555 14163 8413 13550 30 4064 13780 4041 6643 3 445 4889 10291 5606 2891 7926 12576 4906 3690 314 5703 10866 10539 4345 6743 9856 11406 4668 10170 4091 5189 9231 3745 13991 10453 13922 12878 12590 11845 2890 3790 13166 1318 9353 10932 607 14071 12948 9457 8752 1607 7527 8857 123 6648 6746 3673 6307 
14099 299 10834 9109 5134 899 12810 1985 10059 13410 10760 234 6367 5519 13119 10369 5992 3719 3494 8911 9486 12419 14719 2194 5237 1187 37 4379 13479 379 13279 633 14333 2058 4825 8180 11450 3325 13530 5350 6788 11363 8805 12763 2180 8450 1375 5101 6400 7326 14316 12166 2328 3916 12814 6881 12528 8603 11251 8506 7468 728 4445 14678 9815 2397 2139 13718 6256 8256 6197 3701 13822 4531 7840 11128 2172 6465 4943 12918 2290 14270 12027 1273 4102 7377 12121 10598 7952 4998 7671 10832 14546 8971 11832 5223 3873 
8399 12184 1284 1324 14109 11410 435 12409 709 12935 12310 13592 1717 561 6267 9019 8036 111 8969 13686 9644 6794 14944 13361 9279 14262 1437 9104 2604 2862 2179 6079 6358 3233 14933 4325 7325 1688 14475 5580 10450 7605 6805 12475 5800 11730 125 14045 8197 14920 5353 8297 14478 12316 13331 1681 6589 4728 8318 12018 6526 13653 10143 2089 8365 10215 8931 14866 3976 4395 4570 12214 13065 4747 11381 9570 3064 10940 5526 11697 5181 1343 14231 8795 756 10016 12832 46 2273 7932 2948 8396 6921 6798 696 3723 4402 12573 323 12798 
1049 4849 409 1949 4749 9509 8510 6634 1959 8810 1335 8610 13311 9260 11644 10144 9969 6836 6819 9536 10744 7586 9311 14287 11937 14411 5862 11104 13237 54 9108 12083 933 483 8350 12780 8538 4600 6175 9433 13080 8275 13980 11388 12614 12741 9289 355 1245 4197 6647 10939 13364 9026 7253 6391 4903 4390 11791 8491 9028 53 12081 2678 7541 7076 8276 4318 3941 2440 14390 6231 13276 4166 3215 547 5447 12365 14591 1331 13765 4703 8673 14402 4107 2896 14573 4396 7971 5002 632 5896 14548 12232 9773 14227 11507 
5349 6674 7899 6149 8234 7510 13385 14585 3385 11909 12360 11467 11017 2942 10717 12094 1519 10411 8186 4794 4911 6219 9719 1587 12487 9862 7037 3779 13108 3283 14729 10258 14604 3533 2675 6900 8563 7930 6930 11405 3675 5613 8125 11663 11555 11314 11672 6976 14705 6426 13389 415 13447 4539 6913 9678 14540 3731 7751 13272 4806 2989 7290 2395 8581 11145 8128 12426 10931 6620 14572 3214 4828 4081 8522 1878 1564 2068 1345 13978 14740 8671 2871 13202 5046 646 13682 7552 12207 2677 12277 11671 13277 12448 1773 827 
11674 1899 7749 14349 9749 984 849 11310 7535 13734 13234 2784 1286 3167 14342 13217 11867 11119 8211 14136 1569 4861 2244 12162 6537 9512 5812 7004 1612 14179 13583 1804 2208 13483 3508 530 9100 2080 11213 5080 11850 2355 10030 5888 8055 2580 10205 825 3490 14370 3466 14547 9065 14393 3914 7947 10447 14753 11501 14941 603 7526 5943 11278 6941 1940 1126 976 11856 3415 7740 8022 2143 13556 10339 5197 10918 5651 9803 968 2289 5891 9123 4271 5432 13471 4848 4377 7523 5146 11246 173 14623 5573 8127 8957 6498 
12074 12474 8824 12884 12459 7135 959 1874 13760 9309 12560 2342 2685 5444 5892 14561 2636 12619 1667 11686 94 3012 8144 14687 44 2937 8761 12379 11979 10858 6983 11754 7058 1433 4079 6275 5013 9080 13730 11230 9325 10138 14763 8475 3505 1755 2063 4031 3255 14668 13616 7040 2045 1495 9039 12665 10245 8320 3747 2897 9091 2303 11126 7601 8766 12801 6828 2968 128 8356 10203 5193 11603 10714 7072 11389 391 803 3318 13722 14189 9922 4807 5107 871 1348 14432 10927 8227 3202 5127 382 2323 12682 10948 11902 10957 
3299 10624 6184 10684 1449 10259 4509 1159 5442 10260 5160 1585 4235 917 8069 11692 3694 3242 11242 394 6886 5869 4744 12844 5162 2762 9436 2954 2429 5129 14429 5108 9883 2983 1808 5355 9838 7050 8950 2300 7850 9700 6125 9913 6830 10081 9480 6278 3472 4895 6781 2345 6413 3906 6214 2301 4566 10893 14518 10156 822 2390 4389 8456 2322 13238 1772 2578 6093 389 2606 1539 13443 6366 11264 13640 5941 6565 1718 6443 9920 7090 8445 12321 2032 182 5196 10023 232 6907 6796 13098 3727 6132 2577 11646 7648 
13399 13599 9074 7374 14674 6349 5085 1059 9399 7409 12385 14710 1942 12535 14917 8261 8161 969 8411 5761 13794 12944 10761 13861 11062 6587 2162 1887 3812 14104 9904 5083 9058 83 8558 12505 9050 7725 14655 7438 12280 10775 14063 3975 6205 11563 14040 791 11426 12913 6028 12978 13476 9716 1045 2093 7872 8214 4181 3766 2876 416 5451 47 2956 6845 6493 1328 7943 103 245 2776 9164 8553 12468 6614 7006 9453 343 10022 7206 11466 13770 14272 9102 14232 1427 7898 3196 13727 7502 2257 2671 5507 1502 12173 6896 10746 6371 
2449 3924 1799 7724 7534 11034 3549 1535 9585 4634 4785 13835 14292 5142 11594 6611 8319 6369 10794 2337 14319 4036 4011 5962 6387 5661 11529 6654 2929 13079 6104 2908 9354 12180 6408 5300 1100 3905 1630 7705 10255 9730 13088 1405 6613 1372 12601 4253 11651 4897 3101 4466 1156 7331 7889 3290 1197 13695 11078 8391 5431 2097 697 3865 11491 10818 7781 9391 7466 6864 6822 12218 13701 10328 3601 8516 5972 14870 10320 940 4715 10781 8296 3396 8807 221 11621 1921 5957 8907 4852 13077 1752 9648 7632 9507 1827 
2724 8349 4759 13059 1699 4109 2924 2560 12685 4310 11067 117 4142 7969 3344 14361 10094 8244 14812 1069 7687 1937 10837 7237 1337 279 3954 11629 1479 6204 12829 14483 10850 8608 10150 11305 11430 4863 2680 3900 905 1588 14580 10913 14830 14888 6990 4039 8501 6789 6064 6791 9943 12539 9972 7901 7920 12718 8816 13118 7570 9247 11341 10443 3697 11241 3593 945 10478 4631 3031 5289 4866 8218 9795 4916 14243 7716 14728 856 4840 3656 10196 1923 12048 3671 14357 6048 11371 6898 14196 4646 13771 7232 8646 496 
8549 3174 6709 14624 10284 2424 14785 459 8559 5184 3759 12617 2485 3217 7186 12367 12861 10836 12486 10686 14336 2011 7794 2262 1487 6137 9037 11804 3204 4904 13208 3033 14433 6988 8150 205 4105 11500 10405 7230 12713 3938 11375 11913 12955 13163 14103 6276 9531 9928 14416 278 1140 9541 12656 3131 9168 3643 7464 5865 12706 8222 11281 13841 4093 11245 10751 4301 8139 6716 5720 1826 695 5139 12020 7991 3893 10041 9439 5070 13628 8440 5418 4057 9121 4527 11423 2648 8371 7148 6882 2377 3507 6327 11802 8427 3173 
11399 5249 2674 12974 8099 13374 14684 5610 7609 9985 4417 885 4892 794 14392 13594 12161 9762 5236 2661 5087 10961 11294 13912 4212 14004 8504 10929 179 12304 4058 13358 3458 9858 7000 10463 10488 11350 12113 11138 12300 5163 11750 6100 10730 13576 12876 4526 1745 5120 12826 6756 11203 4478 9553 8770 7572 4164 7853 13356 10153 4641 2228 14756 9451 10856 65 6222 8131 6890 10465 10922 118 10620 3590 7153 3753 1006 2056 14472 12445 14197 11715 13927 10877 12452 10446 2927 12996 12848 96 10757 677 9357 7827 4598 8021 
11549 224 7249 3135 10009 8309 6485 8260 11110 4009 7860 2842 2084 3119 14860 1167 136 14686 7811 8111 2892 2619 7861 10612 3387 12287 14937 9129 7054 2104 5904 10729 11108 7633 12483 12000 3125 10480 6213 3550 12375 2150 1775 13838 1855 7575 11438 14118 6045 10370 5566 2478 9189 578 14093 12653 6651 4528 13693 11091 6143 4856 3139 6170 12589 9728 12715 9018 2751 5753 8315 14945 12547 14764 2920 11265 11753 5456 9968 568 1376 2778 3168 839 10647 13871 3871 5023 7571 2396 1307 1173 7598 3921 1346 6332 10246 10627 7077 
174 10699 7074 10434 1774 9484 10535 13609 285 2059 11792 8517 5792 13360 14142 6186 7644 10011 8992 9442 12236 2236 6662 4987 2186 11862 6319 9283 1329 1079 12979 4808 12429 14183 7733 10733 14625 14305 805 7130 8788 2838 6680 1700 14338 3525 10230 2453 6993 5781 13141 6051 1695 9770 8693 9045 13101 4990 8206 4391 322 12340 11956 8889 7264 8164 10451 4218 5256 8947 13339 7995 10172 6540 4765 14614 5466 3047 1640 5722 14141 5439 11765 766 3968 11152 1696 4132 2427 9227 10546 8607 5621 9057 13857 14707 3698 7646 4071 5877 
14924 3724 3409 12499 7284 1884 3774 11934 14285 13959 1360 8042 6635 7519 4267 767 11292 11994 361 8119 2536 1169 14217 6161 2494 5187 3762 10979 6054 7979 7958 14458 8033 2808 14408 4175 10805 12975 11005 13625 1488 4038 7138 6605 12400 10091 2563 9120 7801 14790 6040 14555 6989 2526 13845 6203 3051 3581 3639 918 8820 8614 2681 9240 14490 7631 11553 7356 3595 11256 10470 10416 13078 8570 6076 1116 4841 8566 253 8428 5903 4718 1506 12371 6052 5398 10396 12946 4157 8757 373 7532 11946 2152 6557 7657 4032 14727 
749 11324 6609 74 6659 2599 7109 10234 6209 9635 12817 4467 2442 10692 11817 14192 13536 4194 911 544 12569 13411 2712 9094 5287 13787 11712 11404 13604 6604 9979 12779 6658 3383 4733 12358 5105 775 6705 5005 7538 9713 955 11263 9975 6380 8526 12747 10391 14066 8190 614 10872 7272 11070 4815 7665 456 13191 1601 10366 4541 10103 7978 3768 997 9764 6826 12915 11664 6328 6765 8003 10816 13815 9314 3090 14743 4418 14570 8103 5390 1414 7303 14596 8107 1096 11523 2907 8421 11527 7557 14673 102 4346 7627 13777 782 
3324 3074 9199 11624 9374 14134 13134 8459 3209 12192 1759 4234 14310 9117 14067 13669 2292 10517 2311 8617 11486 11844 1136 1061 3161 14012 9411 4412 3236 10787 13004 9229 14712 4929 7104 8079 6908 2758 9583 10633 13375 6288 9313 3480 13750 100 2413 850 6255 7713 1880 11180 11322 4265 3631 12438 3176 13218 4326 478 266 3931 10276 222 556 12418 7295 4628 11572 6872 12245 9664 14164 7276 4290 5870 13990 1114 6622 12097 11266 7451 14343 12870 4720 13226 9322 7839 9456 10472 12366 2820 10051 4248 777 13018 3321 10371 11952 6873 2548 3348 13732 532 5048 3207 2302 13773 177 4077 13196 932 14048 2507 
574 12724 7449 12749 2359 13274 2984 11167 4184 10435 5410 14385 12892 342 7842 2469 2885 2542 4419 12611 9594 2669 8012 9636 2069 1392 2637 1737 3487 8562 12762 3537 10604 13829 8579 10083 11508 8825 4033 12408 11163 7188 3913 625 1038 2038 5255 975 12805 11550 13438 2963 1689 12193 5645 5376 4572 8689 5966 2497 7522 3428 13341 8965 12964 7770 13216 13203 11520 316 8922 11418 10606 13766 11941 5165 6441 1456 3793 4591 7495 3693 14339 1872 3739 14568 5322 1339 14181 8668 10789 1853 3528 3966 2295 7027 4121 11748 5496 6057 7246 4846 4148 6598 11232 7071 10146 13646 6421 2421 5596 12632 7423 2632 11998 
11599 9009 3634 13909 1634 13434 10135 6610 11510 9242 12260 8984 3017 3419 67 1092 13567 4544 9717 5161 3569 11669 9287 2519 9994 8337 12536 13962 8287 7362 14154 11654 14329 662 733 258 10933 5683 1030 5375 4050 10075 13500 11475 5138 10688 7280 11455 11725 2468 2188 5813 6080 9339 7976 3247 5106 5470 10418 7156 2997 406 4764 6218 3178 11420 12066 1851 131 4868 9572 8791 13595 572 10216 7222 8265 5726 7831 1643 11364 2615 1253 1839 10056 4147 3945 4095 11370 13231 14966 11397 14876 2193 5073 12447 2232 10048 9321 252 4723 14171 1871 13248 11098 8246 2952 5832 9696 1577 6021 7052 3323 2446 
7499 1234 2649 6599 3709 7384 7210 13585 4334 2884 9485 1885 13210 8560 2060 3319 10344 12886 10461 12211 7919 3044 14892 8236 12361 8537 2212 3261 5669 9637 5037 12504 2254 7829 8229 4958 2958 4883 11638 6655 8480 7730 930 10605 2913 10975 1425 4838 12088 1338 12176 2618 9775 14101 4564 9720 8189 8895 2326 115 5545 5131 12168 6014 51 378 6140 10901 14220 13597 7453 14097 7166 11939 8781 8216 3222 14590 3414 9778 13865 10218 7216 10045 3895 6081 868 9797 5766 14265 826 853 639 14726 6732 307 10107 5873 2027 14477 9921 348 6377 11027 7021 7652 27 1627 32 5302 14248 746 12646 8148 
4049 3199 1374 1074 8449 9010 7260 14234 14110 3885 4110 6467 13342 5692 8011 13642 13161 14011 9061 7886 9961 14735 10211 8767 8819 7711 7262 6636 9386 10487 9562 14454 9054 9579 3679 8479 3704 1004 10458 6858 2233 5208 1250 7475 14088 130 8305 6955 5975 2465 12363 9455 11640 1788 7305 6718 8272 6141 11065 9345 7622 9078 14014 11218 4914 12476 7939 6176 8551 14681 7670 4964 6006 3040 13240 8045 13626 497 10345 2140 7870 8431 13295 11706 4515 328 14831 2215 4020 1547 12631 1522 5220 12645 5491 13071 5481 8657 11777 13648 12598 6521 2971 3982 10796 12773 13398 7277 4432 10907 10896 13123 7057 346 2821 
12874 14824 649 724 8534 7184 7584 10835 5335 6409 184 6735 10235 9860 7542 13417 5336 2711 4661 8736 9111 8686 486 14462 14544 711 337 4086 1087 7537 4654 2587 11204 10533 13629 10333 13883 11150 10525 275 1738 2538 2988 8400 6250 14213 10855 9500 8288 1438 10738 9400 10313 1666 7764 13601 8303 4193 11053 6247 8393 8618 12153 13115 6878 5541 2090 4440 14803 5265 11518 10445 5814 143 8040 12578 7440 1978 3990 9320 5666 12343 7720 9216 6464 11889 5468 10989 6316 11568 1322 6090 1795 2668 10506 4182 7023 7207 10873 7752 7498 3702 13746 6596 7623 11073 4973 3927 13346 246 5598 10071 8627 14327 5673 
6199 9899 924 1274 10574 12209 3609 13885 11060 9834 2660 2260 10485 6160 5842 12785 992 1342 14369 7936 14661 12744 10944 787 6094 4644 2312 13462 13212 4694 11454 8954 3408 8679 14583 12529 8858 10208 2408 8083 2700 4780 12688 7613 12988 2755 8038 11805 3688 6225 9276 13651 12615 14781 4443 3565 10713 5290 7739 4614 10439 10239 2101 3845 2972 1931 664 7426 5006 820 5922 14856 8140 12872 3351 10626 7214 3190 8065 13691 6956 10768 7531 3539 6114 9864 11914 1981 5128 14839 6078 1828 10516 3970 12882 3477 1746 8802 13827 12373 3157 12002 14798 1198 2248 921 11948 14821 2002 8882 7677 3146 11348 11071 
3449 8249 14399 2959 1624 5309 6534 7459 8909 2360 4135 13485 11685 10210 7817 9742 1142 1244 10161 5361 13717 12919 5819 13187 5644 6211 5479 7411 3787 8687 387 11304 11779 7929 5454 29 12283 5758 5883 533 6713 4650 11488 12200 5750 3080 6450 9355 1013 2288 11880 3115 11680 8165 4797 4664 14315 4801 4626 2878 4497 13026 14766 10826 6966 5022 14001 4656 3681 2953 6153 3676 626 11026 1326 4422 9441 11376 14466 6253 9747 4314 2378 8072 9891 13453 9143 7101 1466 7447 10790 6347 10003 9514 2053 4171 6707 10096 13373 2023 7252 4571 4146 6573 7907 10373 2627 3932 8773 1002 5152 2852 146 9777 17 
7149 1924 784 2399 11459 5009 534 4460 2534 12659 260 13810 2967 14592 8844 7442 12592 13394 13492 11442 8837 4894 8286 13367 9669 11537 8062 3287 12179 1212 4337 14969 5554 10879 14612 13658 7258 8783 8733 12188 14105 5150 11080 2213 2030 8930 5338 9388 10813 1455 5455 14238 7415 20 11316 326 755 2347 8590 6356 8890 12326 915 9951 12890 9476 564 7868 13681 1518 2697 5145 10165 14126 145 1556 7122 1626 11270 5689 4814 9665 1565 14128 14543 8615 1520 14193 9147 9878 11141 10631 3165 1281 1716 11915 14897 4357 898 1027 13182 7048 3627 3123 4048 10802 12877 14421 11248 9298 2127 14632 98 10132 4548 8082 13002 
6624 559 12224 5334 199 9884 3824 8109 6584 11835 10285 3910 10542 11169 7292 1467 9992 13344 11519 3867 11569 694 6811 13219 9337 1894 6262 3037 12912 13244 2237 1354 5279 7879 6754 4658 11608 13033 6383 4238 3425 13300 14280 10680 9380 1625 11925 7875 9413 6675 8080 9605 6405 13 9190 1301 4465 8691 4770 2906 4495 7651 3722 4766 7490 3026 4451 12314 14601 10118 5315 8953 9865 12095 1014 12901 13316 228 5453 14089 1641 7203 10356 5593 1820 10068 364 8015 5206 7318 13768 14453 9490 13645 1870 14807 6702 7796 402 13177 7257 9173 9423 8327 421 13577 5007 8552 8398 2402 13296 10082 5977 11382 9452 
3649 5974 14524 2174 11009 6985 8659 5385 6910 6684 11260 7317 13117 10842 1492 2735 9817 9169 6494 1044 13469 4761 13836 3886 7611 14636 1769 13812 11487 10212 729 10587 10904 13929 1179 2333 8408 858 1379 12683 10600 6013 13330 3205 7625 2600 3413 2638 4675 6330 7213 4513 10105 9751 1620 2493 9213 1501 9001 11489 4493 14395 10214 14476 10347 6753 9226 7051 11231 11597 13239 465 14168 4328 6615 2753 14818 6965 7765 3228 3691 14878 5195 2806 4714 10518 545 6831 14256 5731 7056 2178 4618 13456 9640 14323 282 9523 2477 1507 7407 9748 2646 2077 7348 5021 148 5427 1882 11602 9671 8077 7357 10002 13798 
4399 14474 7134 11699 1534 14874 13209 1334 2335 1609 9434 5092 14660 12992 6310 9236 5344 14111 4186 3686 7461 5186 11944 3661 9162 10319 6736 2387 1312 3304 6512 3654 4404 4358 14558 4383 14133 2358 9983 2980 4388 3430 4738 4288 3775 6463 3030 8088 1980 3605 2513 13376 4028 13676 13040 12822 5706 5301 14176 10806 7941 693 6506 10497 2947 7278 13739 11114 2695 13514 2520 12328 6091 8756 4695 11822 11368 9956 6191 3840 2381 12865 13914 6672 6118 1090 3618 8056 4968 14841 2214 1845 1964 4022 1282 1423 7998 10571 8796 2977 13621 4096 6548 11048 5177 2621 8557 10998 998 5657 10098 9407 12427 6657 
2149 10024 7399 8374 5784 1974 10784 12510 5110 3560 9909 685 9942 5860 4442 10792 3992 1236 7792 11069 7092 10236 5744 3844 7111 11186 4311 8669 14029 13987 11137 9679 3054 7204 4087 13308 11308 11658 3400 4850 14313 9588 13188 9555 1513 7113 9638 13830 3875 5725 5330 3347 447 3613 1168 2564 11578 5701 8301 14139 10597 14365 11090 8943 6128 9953 6151 7491 14603 6697 5328 10765 10189 12378 5266 12591 13278 11140 1990 6453 14940 3897 2393 1778 1545 3541 5153 9643 9356 12641 3014 631 1703 3166 2432 647 3307 5552 8877 11096 10148 2348 1873 13252 12777 12898 2946 13148 9796 1382 4557 3402 3332 11223 
2974 5849 6524 9159 3310 5634 14709 6159 7335 9885 1135 5367 6835 14092 12142 9417 1911 7319 14761 19 10919 11219 13994 14861 812 4462 1712 7462 7112 12312 1012 6162 79 12679 3083 5558 12508 12038 4133 13575 7030 1075 5575 4213 6500 7425 3880 9955 7638 9880 7505 4755 14664 1365 11781 4431 6539 168 5826 8940 4597 3743 9551 4426 8753 13122 4472 5401 2020 10422 8095 1639 10028 11290 12278 10431 1293 8306 1806 12414 13420 7068 3818 8893 9222 10903 181 10072 3756 13631 1891 13789 11468 841 770 6420 14782 14532 7327 9552 6971 1296 3121 4046 577 6752 3352 11698 5727 1621 10752 12202 2757 1852 14107 6973 
9699 4224 10799 3849 6274 11749 3084 735 4084 7635 9209 1859 2909 5260 10042 692 12417 8061 2361 1269 13886 1494 12967 2137 8642 10069 8037 3586 6712 9361 4137 5829 10454 13879 979 9854 13533 1333 8754 3488 5058 3808 12600 8050 14205 8488 4875 4775 7263 9513 2255 9030 4068 830 3122 1276 12991 4556 5291 9047 1440 4739 10390 9703 13531 6018 3741 13076 12072 12772 2431 8353 12389 2141 366 10031 2756 1751 1903 10441 4947 13068 9578 39 2815 2170 11390 4839 7172 13790 7841 6841 14851 7695 14578 4014 6422 7127 13207 9382 571 4273 9232 4832 12023 8332 8221 14871 11277 6196 11871 1571 5682 7923 12057 11702 6357 
4774 7924 7474 9759 9849 13574 11360 1809 13910 11085 6992 13942 10460 8542 12194 1294 6792 9336 5386 1319 7819 5719 1336 11736 14562 14787 7637 13937 12687 7179 4804 4312 5212 5804 8533 754 8008 8808 13933 11958 4525 3750 2250 11100 4400 10263 12213 5175 7955 1563 8625 14115 13528 6641 7128 7328 9801 8176 4565 12781 651 6528 12226 8968 466 565 4476 576 14514 2426 8951 3740 11691 7170 2976 7643 14845 10797 2331 5926 6195 1289 2015 97 11843 3881 1393 3506 3170 12564 3322 2518 12441 14564 6277 4516 10377 10596 14321 13482 10982 3096 14527 5798 523 4696 2482 13273 6552 832 13332 6996 13673 3152 12782 
7224 6984 11274 14359 10949 3249 3734 7884 9809 3185 5710 985 9167 5617 2217 2410 13111 11586 7694 7717 14286 13619 4044 7169 3637 12661 311 6462 14087 4294 1229 10962 1529 14079 11679 12704 9808 3958 5983 133 7358 163 5963 11125 10113 14125 8030 3150 8575 13055 3850 13988 14588 12181 6981 8351 293 5090 8378 6851 7606 3191 403 2370 7747 10428 11040 13370 8089 3206 114 1572 522 13814 1543 2514 1297 14493 1164 2931 7693 1122 2016 10195 13465 11903 2190 2590 8418 3791 11393 7715 10628 4052 5996 12198 4648 12323 4946 14957 3473 2902 8471 7823 8132 7973 5732 4302 10507 6673 14121 482 5296 1996 
7524 14034 3499 2459 13624 2135 6734 324 1024 5785 2760 11334 10610 10367 10861 617 11235 11386 8869 10994 1719 11044 14061 10736 6694 11462 7036 8862 8469 2454 13437 1969 11237 9954 8729 13383 3604 6058 1558 3883 5475 3075 11155 713 6350 6880 2013 463 8780 3225 14463 7780 3063 3855 3716 76 14406 4106 5405 10253 4239 12976 176 206 13116 14322 10256 5595 12491 956 2690 13345 2243 6931 11206 4226 8797 5806 5314 8239 340 4926 3816 11528 6814 5772 11916 2216 9881 8143 7639 11831 9006 12568 3102 6027 6748 12098 6473 12546 10346 10273 14377 13057 7771 7182 11207 3423 8352 11552 3657 2873 7296 4702 627 
5499 8834 5749 1149 2559 14259 1285 3285 8209 2435 8084 5935 4709 492 1542 11042 6767 11536 5369 336 9469 14294 4219 11036 7312 3561 5886 1637 9986 2662 3937 762 8987 3379 5629 14808 2229 2383 7458 12108 1350 13305 5638 11863 11050 12655 3738 13125 6550 9180 12580 4072 525 6075 7139 11588 11713 7591 5840 12141 11089 8156 5693 1201 9081 8366 8897 9306 8006 1770 56 8926 11953 5143 8370 2218 10290 4643 393 11195 8918 14595 5745 10190 2595 12922 6343 5653 3501 2856 2116 12853 10106 4520 14970 5478 3346 11982 13877 8848 4546 7457 7698 14077 2157 7477 4977 7927 14202 3971 14946 6157 11773 11271 10727 1452 
1299 2124 10134 1724 2024 7909 4834 2960 8484 14609 11560 4210 3835 3259 3411 9085 1660 9210 219 14717 11162 3794 10269 3219 6287 2061 8162 2736 4169 8994 5762 5079 13379 11158 12437 4729 6129 3108 783 5958 2108 7858 13213 11425 2475 9225 8330 1538 10705 4638 3925 11700 238 12355 5790 3341 1656 9343 13620 5076 14081 10378 9068 14306 5441 9090 7020 4690 9256 2081 5678 12751 4689 7866 6678 139 11226 14151 11726 4640 11616 3997 6741 11276 5072 6853 12295 14739 12570 5756 4693 14889 8016 10753 2297 3543 2373 1482 8157 6698 152 5671 10123 14302 2877 6182 7757 11357 2698 11448 8896 11102 6682 3077 8071 2582 5182 
10874 5324 5424 6034 10734 609 3959 7099 6759 3524 13259 3785 1384 8267 9067 7067 11617 5642 7767 4517 4986 8744 14069 7161 11136 3611 11887 4962 1537 7786 3429 7679 12362 13404 9729 2654 479 6404 12233 8283 3983 11683 7650 7175 11650 10825 10938 12930 13025 3705 6200 2275 10095 1747 4900 11653 4256 10293 9115 13206 5640 2253 1941 741 8822 9818 12756 3141 10943 418 6370 7803 4989 1895 6751 5581 5056 7691 7064 5676 10556 9839 13164 13095 3089 1214 3381 7103 10006 9616 9351 12203 8122 8415 966 9366 3264 2818 10073 14582 5102 13271 1148 6723 2207 3577 473 11502 12846 7448 13121 2546 4348 5821 11321 723 9877 
12899 3574 3434 8224 11309 4209 3484 3274 3984 4734 14835 12010 6292 14235 3567 13042 14842 11319 8711 8511 11836 4669 4092 69 4136 10036 836 5362 9737 14886 4094 8054 7154 6454 5229 4254 14008 5583 14908 11008 1183 8875 1275 150 8963 8388 14155 5925 1288 5305 10888 2650 4763 9197 10555 4364 4893 9116 4378 4178 13945 7701 5953 11868 1251 2990 7965 6806 14301 7243 12972 7540 2528 4965 7893 7543 981 2914 2643 10820 10791 5690 13518 13516 5747 10191 12395 14531 13315 6315 331 9201 12581 4090 14593 9428 6120 13778 3256 12096 4777 7382 5757 3073 12582 9871 4327 5648 12457 6696 7323 4021 12248 14398 8582 3221 4002 14882 
14599 9284 12099 14699 10034 12249 12434 6185 12035 12759 5635 13635 7785 14567 4942 6817 7467 1385 3011 6669 10844 12386 2169 2036 12594 3337 9711 10669 1512 14512 1462 11737 5429 7554 8779 4579 9704 558 11583 9608 14113 8375 1155 14355 6963 2163 8580 1825 5625 1400 330 6105 4080 6995 8838 12205 9681 726 2540 8490 5151 9243 9676 7672 3241 420 2566 7953 9706 7914 864 7593 13172 5270 12272 7366 11176 5241 6472 14443 3056 10226 4853 14464 1920 3306 8847 11720 5939 2581 8368 5495 2506 5215 14706 13896 1723 521 9546 4223 3923 7173 11002 9798 8482 452 12757 2773 698 6452 14 8271 8052 11446 2982 1521 
3124 3399 12174 6799 11484 14035 12159 6560 11284 6660 8235 10085 6135 5060 1642 8242 6994 1817 5094 13092 14617 12169 13811 1119 11969 4269 11587 5612 2744 6236 4562 5737 7862 3179 9879 4129 10304 10133 8979 11033 2450 8605 55 3650 5400 3988 14930 2805 7013 7655 13230 8138 3888 10950 14700 9565 9114 14076 9528 3243 7022 10814 11866 5001 2831 6901 801 4343 9378 3876 9964 9140 6515 5920 11122 3926 12856 10715 14378 8468 3518 7097 7956 10341 7620 10206 8978 11326 5318 3531 6514 8626 14890 4076 13020 5414 3232 8573 6257 2748 10852 14173 9827 14298 9577 7446 5396 7577 14198 6002 11373 13702 7427 11257 2807 5898 
3149 13309 12949 13659 7124 9684 7334 9224 10984 1459 2460 11585 12009 5810 8335 6059 4909 14749 14335 635 9967 8285 6492 5967 3742 12342 13292 12917 1960 12392 11794 12069 12736 3911 2769 14642 7444 6594 14519 13242 5061 11611 8387 5536 12087 1819 9836 3687 13504 1262 9912 687 2062 3329 804 7129 11379 2529 6529 7508 10433 5433 12383 12133 2308 6975 3000 12933 38 10880 4280 105 9038 10438 1325 14488 788 3638 5563 6088 900 12855 12190 10000 3163 781 13638 4505 10393 12990 12616 4553 8814 6656 10401 5440 9253 6495 8518 5372 4306 11343 2165 6022 5531 11964 12220 3620 2843 2106 8115 5876 3231 11006 13066 7997 3651 10740 11428 7845 12281 5664 11851 3815 14206 10678 4156 4414 13014 11770 8064 7215 11047 4966 2547 1890 9576 9416 3603 5895 5993 6314 2222 5203 540 13165 12353 10015 14428 14341 10739 2278 9615 3664 4406 1420 8665 6922 11470 11723 14895 11302 12123 14253 6296 4352 9846 1796 10871 5482 10607 11598 4407 12652 5077 8446 8302 11632 2848 3548 13073 13146 11282 5171 7171 14023 948 10257 7452 9623 10602 12923 4523 1277 10902 6721 6032 8046 3246 1052 3198 1702 12552 14732 6402 
13324 3424 3134 7259 5599 5999 10599 8799 13334 10974 8884 12060 5559 7234 859 8842 4860 12135 7435 4159 4367 6192 10585 6567 13917 12235 13011 8635 12519 286 942 9367 14667 13819 9119 7911 5394 12561 5461 4886 5594 469 3112 12544 1912 1011 6062 12794 14211 11837 3869 8237 8879 13562 12879 13529 1762 5704 329 6579 14829 14529 10704 11058 13758 8308 12333 11933 13808 9658 10308 5458 10400 2825 3563 12538 2625 1975 3230 800 9450 1430 2005 8775 10930 613 2855 9888 12800 13805 14955 12514 3600 268 13481 12322 8540 10540 10847 7795 3426 14091 10340 1906 3478 13431 7165 2145 9020 3181 5828 13451 14351 2868 4320 6264 9539 528 376 11216 1914 165 678 7539 7297 9806 14281 6147 8906 1489 14214 5222 9395 9228 9145 7289 8114 1422 6106 8328 12647 1081 6943 10053 4864 6447 6190 3606 6272 11739 7595 1997 11356 11197 13564 8643 13797 6270 2516 3801 3540 3839 9466 10951 12553 13022 3516 13015 3964 11906 7621 8846 4023 14823 10857 12007 3521 4552 13521 4498 10223 10127 9977 4802 12102 14046 2832 9673 13007 8621 457 5532 7152 9821 11227 1782 7471 1907 10552 14473 13046 1232 1073 13932 6096 3052 3546 12473 4373 10721 9898 398 1298 
11174 8024 1999 3099 13384 11999 4384 2709 8159 14899 8385 6084 6509 8184 6035 10484 8634 5135 210 2285 910 8836 9609 4067 4867 6410 1610 8861 1919 11894 444 12219 1261 6361 14094 9544 5986 13736 10044 13012 14311 3944 1469 36 3369 1362 10594 437 12436 11087 11037 13719 14894 4787 3912 12412 12129 14379 10062 404 4029 7904 2833 5333 5933 11904 3633 10508 7208 1208 5500 4063 3555 5600 5263 9688 10550 14750 9088 4163 8280 2688 2155 7688 5630 4330 6163 2938 4793 12925 7163 14914 5795 4818 9845 8290 14095 8964 6245 531 2881 8731 8541 3772 11693 8714 7476 5539 13839 8416 3803 1893 6818 10343 11981 7806 4870 1101 4651 9691 13816 11351 7789 464 8640 4540 3728 10466 7815 10065 11366 5740 1515 2647 6215 12722 11531 3928 5226 7678 1068 4741 7828 13072 11456 6331 9628 2022 11815 6266 4415 7645 3847 11828 14347 9215 5416 1270 9645 9206 1451 1965 3672 353 10743 11747 13171 9370 3407 12428 13470 1582 4323 1127 10532 8527 8123 9548 13757 4607 3248 7198 11707 3448 202 2827 11607 12327 5932 11307 13473 502 12902 14602 14296 13446 5577 5871 5373 3752 10452 13752 3602 8546 8023 9723 11146 13971 10121 10032 1446 11848 
4824 9124 4549 4899 9499 4924 8149 5284 7634 10159 5159 12384 5510 3635 8060 14910 13317 11710 14859 2035 4767 1785 6510 7567 9517 4811 12642 2836 9286 3636 2860 14594 9936 411 3817 13461 13611 861 12842 6317 12986 14936 9036 5036 2294 10519 7212 5211 2812 1037 11262 2329 11962 10119 12237 12804 429 4454 6937 6829 14504 11829 12929 13008 12058 10054 2533 1158 9333 10104 5280 5788 880 3275 10538 11 5805 4930 5680 10750 8430 6588 2430 8550 12743 1930 7063 680 1240 6645 7045 4266 7390 12522 14041 9545 9743 2745 7741 4951 14506 2391 8720 201 6020 10251 12720 13503 12770 7364 8831 2620 3065 10406 7731 7878 3889 13870 13056 490 3615 4401 264 12766 3376 12970 4622 4931 12966 2626 8845 13745 13256 4547 290 5031 1401 12091 7520 9478 2403 2166 10514 3806 8903 4522 12297 11339 1416 3081 3364 10766 5878 4970 3093 6439 12593 14597 2065 3956 870 13791 10747 6915 7843 9447 14891 1406 13357 10953 2496 3156 3721 5473 11627 1432 5823 13723 13657 1596 11973 1721 12152 3598 6527 9932 2771 9473 2007 227 7432 1207 13427 2173 327 1757 14152 4152 9482 5998 8898 10632 1977 4298 8871 8002 11823 8852 11827 9923 10007 3271 8282 
5449 11159 10724 434 14909 4034 11449 5074 8409 2034 634 13809 410 12885 4935 810 13035 8759 10410 12867 11367 4559 18 7992 12117 292 6892 3367 14586 667 5411 11511 4769 1744 7944 4944 7544 4069 636 562 9419 4619 6417 14494 1386 2861 9887 137 3269 7887 7504 13637 887 10194 9329 204 14279 5954 10679 4204 2804 2779 5833 1933 433 11783 11133 9508 5033 13880 14638 12880 5325 5980 63 6580 8900 3763 7463 8638 2000 11855 413 6663 8213 14630 12563 14925 6300 3500 2588 3305 439 8941 9126 8876 8739 8695 13545 106 11876 12268 320 4803 2543 989 6906 1022 12881 10914 701 10695 2115 5965 5172 4981 6689 4341 6115 13731 3718 2003 3066 6895 8970 13093 9781 2245 2001 14156 12489 13716 4578 3151 5156 2281 1916 13328 11803 14840 12843 10026 11820 6745 6764 1856 8470 5064 5168 10701 1115 9814 11191 12216 9739 14972 14268 2114 5068 9789 2452 1418 11556 5415 2803 6406 2191 14881 1352 2221 3452 14796 11196 13748 773 248 10807 8477 5307 7123 14371 2602 11882 3398 2527 13698 2082 5952 8048 11082 5277 257 10152 902 10102 13882 9332 13696 11923 223 6232 6427 4932 12696 6782 6298 14507 10177 7302 4682 9521 
13524 13349 11474 9524 599 3799 12034 10359 11059 6224 1235 684 5485 7859 8284 4584 5960 12985 2234 10735 14884 7142 3292 7735 510 2117 13067 569 14267 4217 10292 7494 4317 4469 13512 419 10169 169 1544 11261 6711 11561 4336 4119 2411 3619 4812 6086 11387 6037 8512 10462 10637 5687 537 5262 2412 3629 2354 8029 5154 9504 7729 1454 679 11954 12458 12808 3483 14283 13958 7758 6683 1708 13100 5530 6563 4855 9950 2200 14325 6505 8113 2555 10588 2800 8763 10500 12555 11013 11255 11643 14226 10563 10364 5647 4593 9828 10120 8939 6891 1966 7245 10801 9766 13740 10468 12403 12156 10289 5428 1003 13895 14528 10565 6568 6920 11945 6156 468 10845 4222 10841 14943 3353 6747 5065 10756 10843 10306 2156 4201 1097 14203 1091 13428 5126 7220 7826 8722 5464 5268 5053 11740 14293 6015 365 689 11590 11566 3316 1118 1868 12565 11751 14340 10001 1866 9501 9403 10018 1314 12639 5420 2522 1391 2189 14893 2957 13382 5214 3757 14221 171 9882 6023 2898 4173 13652 13352 9621 4902 5257 11521 2352 10321 198 6127 10846 7846 13307 11648 5252 2723 7882 10302 1373 396 11398 11927 1252 6246 12348 4982 3032 9771 1357 2052 5096 14132 8632 6423 
13024 10149 0 374 7599 1499 5809 11160 5384 4349 9674 359 11249 10885 4810 11660 10360 509 7910 2684 3960 3442 6260 10960 7110 14817 2817 2567 3235 5292 1760 6235 3917 835 13186 736 9944 5244 494 4961 11094 12686 14919 8361 13312 1287 2611 644 5044 8094 10311 7419 12862 4736 11286 10262 4062 6837 4286 5987 13737 2012 954 11604 5404 12329 9837 5354 9933 1054 2633 14358 7483 7433 13058 11208 14954 3208 1608 9780 4800 9288 738 13525 12663 1263 8313 13063 2280 6338 7430 3825 4955 12650 14863 13955 9655 790 5038 3103 7126 7190 14491 12863 2265 12114 11790 13106 7291 10201 5443 5488 4816 10151 9241 8989 10603 9853 1151 13947 9997 2306 7445 3866 8981 12678 1206 9331 5976 11928 1991 14068 12841 8647 13590 606 2247 10639 8664 243 4545 7441 13081 2689 2722 6520 4831 6945 11297 8622 6390 8126 13520 4416 7314 14843 14441 7706 11551 6903 10322 3418 6606 9497 13568 9415 2639 4016 3670 10020 7091 13322 9631 9422 10656 10698 1306 7 14123 4027 13598 11596 4823 1271 73 2682 4321 14752 3227 2471 13027 4957 14052 10307 11898 8521 1448 7227 5546 3071 8273 7948 882 823 4202 9346 6448 9632 14827 12046 12352 9098 771 13977 12746 13996 10702 2998 13921 9573 
9974 7349 5774 11409 13824 3049 8199 10859 14784 6699 2759 13974 6285 7685 1734 13984 9084 4060 2734 6785 11417 7385 5659 7692 14792 7017 8342 14610 7667 13542 12292 8417 7269 4285 14911 3137 13694 12136 2561 3036 7844 12269 13786 6011 8887 3169 686 12812 10362 6511 11787 5911 2886 236 5112 5312 14062 3562 8004 13054 9412 7804 1104 2679 6379 9254 529 7183 8129 13133 7333 808 4458 2433 7933 5733 3683 1905 9925 8830 8250 4708 12013 14680 11705 4100 4805 11513 10425 7450 5988 9438 5025 12288 3401 12043 8075 750 12675 5366 9595 838 11031 2981 12289 4826 72 2728 8606 13976 6001 11547 865 8801 13615 13266 4118 5091 10265 11870 12053 553 12540 6365 3216 13690 9718 7581 8545 4281 10553 11097 12541 11678 8851 5141 9745 7656 12939 4143 666 6376 2918 6947 12089 8066 7990 3239 7095 1528 3870 6468 6003 6016 10303 6095 10978 8870 7528 3303 916 1064 7070 6445 12372 11772 2851 2628 8106 14345 2822 7093 11622 7315 10720 14968 2672 9639 10972 8507 3007 923 4532 9598 5382 4746 14923 4898 5623 3907 9023 2307 9248 1802 10421 2473 3607 13096 12273 7852 8996 7121 9802 5057 5027 7482 14773 14723 8777 552 1832 6252 12357 4971 2732 8096 12748 9596 5121 2296 11557 14498 
9024 5399 12149 7199 10534 6174 11784 10649 5435 8774 3384 4984 13459 4299 59 14560 13110 12610 13834 4035 1184 11210 11734 6535 10109 8067 12217 12467 7410 12760 13735 11335 13194 8817 11760 6469 8719 5267 11369 2492 4869 9461 7294 10537 10486 10294 9237 1436 6444 6436 4236 4019 11987 2911 14762 9369 8212 6279 8636 3212 7304 14862 8704 12254 12104 13804 12183 2458 283 5608 9683 8508 3933 9008 6458 1954 11875 2658 5858 6280 3300 4880 12025 2313 9238 7805 14525 12338 5425 6738 11000 1050 14380 2363 1125 13130 14563 10851 6950 1863 2126 2451 8170 3978 881 4243 7676 14697 13264 14022 10870 1690 9843 12241 11589 7178 8101 13306 5347 8568 13953 2772 10440 8268 7478 3947 8790 13270 1176 351 12797 3765 10651 1447 6547 2791 414 8995 10947 5264 2006 10572 372 5528 14864 2415 341 14016 12968 9893 840 13293 12497 9731 5166 1645 14947 4153 3853 8645 1943 765 12243 3622 10014 14440 13570 3072 9003 3965 3097 4503 1706 2070 8641 7078 9791 13572 5397 11764 957 14257 873 5777 12423 6771 8696 10577 7573 1477 5548 7002 4882 6432 3371 14127 10282 14521 196 8707 446 6852 1546 3373 1171 14971 11127 13852 8698 13282 6546 10482 10696 6177 9096 757 7132 448 1896 3377 2357 11821 5198 
14049 2774 124 13934 474 4674 8474 10099 14009 11634 6809 7659 5584 11785 7485 10934 7560 12959 1410 9292 3809 11810 9017 535 3067 9560 8742 11161 9492 12942 8394 6261 392 819 12869 6044 3094 9136 9661 5636 12144 14269 7986 9617 13286 10511 7962 1836 8494 12369 262 10561 14362 14619 7987 2987 2829 13104 8379 12637 712 12054 5537 13954 3587 2979 10229 10629 8383 8958 8058 10908 1533 383 12658 13258 6608 58 11688 1680 12155 14550 5250 8188 5713 10575 11600 888 5838 2780 2975 9900 10763 3838 6875 6600 1830 1055 3013 2153 5095 10526 1330 12164 7951 10326 2272 13614 2716 8597 5370 9318 7553 2915 5018 10618 3016 7397 1218 10166 9268 8253 9593 14376 8868 4322 220 4247 12078 1631 939 3570 2268 8966 4956 3776 5445 6865 11541 5045 593 7443 9995 12916 2320 1901 1915 8993 4216 8465 1928 4722 9472 6268 14928 1714 1264 12228 5890 1889 6301 1841 3814 1295 6089 13872 3078 2666 7718 11890 4972 6103 14553 11918 1316 1847 14447 9515 9365 3798 9495 14032 1971 8177 2557 13377 11652 2721 6202 4296 12527 1046 11421 8257 2282 2752 13802 10523 5746 982 12896 10677 8952 798 12571 3027 9571 5807 5523 3773 298 11327 4277 5271 7398 9782 8232 10398 3973 8923 10057 1473 11877 
13124 5524 5124 13299 7799 11834 2824 5049 12185 2949 14499 8699 9334 13660 1359 4499 10634 1710 7759 6859 14135 6334 12435 7885 14635 10660 12186 9310 1417 3892 11886 2336 5910 14786 13894 7617 7042 10185 4436 3486 2444 13961 10911 13969 7394 12294 894 14162 3062 13162 1869 13337 4319 6487 9844 9754 14444 12987 13304 12454 11504 11579 13329 1129 6679 8904 13429 504 3133 7579 9079 3354 9275 2883 9429 14025 6733 11283 10800 9813 10413 188 3805 12900 10700 6375 13913 5213 925 3288 12330 12850 9538 11838 8063 1705 10988 3343 14738 12739 6305 1031 7251 13489 78 1570 5741 10126 5501 6047 13289 8741 11451 4215 4470 7247 13041 1591 9866 13753 8251 5770 9526 6551 9566 8514 9381 12065 4315 6940 10976 6564 306 8956 11497 11447 1445 6820 7822 4141 941 1341 90 2414 503 4078 12201 9393 828 1993 10114 12956 8972 7114 11239 6265 4295 11570 3320 11340 7689 13578 6601 9668 28 8420 5889 1001 9420 3514 6116 12247 10664 9506 9790 9220 14964 843 10970 4282 9903 3623 5907 427 1123 6173 7177 14352 2057 2021 11202 7307 9698 4757 14082 2727 3996 3957 582 7421 12407 5446 6727 3182 4923 1071 3857 11996 5802 4627 10748 271 12332 2571 2923 8102 852 4257 14452 2607 9371 5202 6607 
11424 5799 3374 10174 10349 13109 8124 12809 4599 4324 12909 6249 10409 5834 785 7734 4535 6934 5034 12910 5310 1210 10309 2635 2935 4510 10142 12092 4085 12717 3585 14734 14517 7144 3510 8492 7867 211 2017 10436 12119 13911 1219 9194 2161 6786 4594 13662 3936 3994 6744 719 1967 10887 8136 10087 6562 3129 10237 7437 8254 10379 2512 8833 9087 9529 904 13779 9758 1879 9629 13854 13704 6433 11483 908 7233 983 14833 13783 9675 10580 3680 9063 7588 10330 4205 13705 2205 8255 1188 3375 2930 10650 8755 10788 7414 4688 5797 3493 3438 9245 5476 13893 2078 4851 8245 7014 747 13881 5515 4751 5281 6339 2945 12101 14489 601 1170 8591 2747 9822 2168 7301 2231 3695 2622 501 9214 13320 3789 11347 6470 10168 101 9841 7931 2315 11565 5047 13751 11215 7118 6603 5656 8718 13340 3545 7470 1290 13290 9618 11901 7697 13997 1266 1589 5945 5176 1918 14865 1864 9656 8666 11395 13291 6306 2576 2593 9606 4506 12640 947 11620 9641 2293 11893 4673 10673 3327 1781 14407 12921 8921 82 13127 11798 11573 673 3902 9896 11782 707 9246 3298 2782 10477 13102 5882 7871 596 748 527 14271 7321 7977 3796 5846 12973 3432 10448 13052 13796 371 7896 7157 11352 3821 10296 14148 1457 3652 
6299 8274 7849 14024 12399 3109 874 13649 1224 12674 13684 11559 12860 9960 10759 13185 9134 4435 7985 7285 13160 14167 13435 4817 5985 7217 6110 5817 3042 2144 12692 8886 2910 5086 8292 7742 261 1486 2969 9069 4844 7286 619 2986 1444 3592 5337 1844 6336 13569 769 14112 11236 1412 8737 11362 8611 1279 13287 779 6354 4529 4429 1904 10004 7279 1779 10408 7658 12608 10983 6483 4633 5633 11383 708 7608 9580 5505 13858 4355 3280 7500 13325 2375 5605 13788 4580 11755 7900 11200 7630 10875 10089 11063 8105 11105 363 1041 1741 13455 13539 3572 889 9151 9195 5915 6516 6478 13491 4890 9765 4170 7616 8201 5078 2768 6691 9989 3715 11816 4240 7015 13193 4670 6556 5089 13251 1945 1865 9601 11539 3041 2422 5245 12431 472 10491 9965 9978 4206 189 14166 3043 13064 2731 12778 8503 11139 2368 5743 8556 3015 41 8031 6189 970 8472 8828 2418 13506 13793 872 3422 13153 10793 12566 1578 1972 3390 9889 9468 831 5389 640 1320 11745 9465 14190 6582 14102 3482 6932 10682 8623 8473 12707 9948 821 5332 11107 11746 3782 4732 11852 14307 13707 3682 8577 7273 8121 5157 11857 10271 12477 12157 1527 6007 3582 4221 1182 4198 9496 13496 10173 14073 498 3807 5132 7396 573 9946 
13949 9249 4809 13474 11049 8009 5609 6074 1084 11084 209 12584 5459 6710 1484 5259 2009 4385 14760 11592 1292 1042 12834 14935 167 5392 7917 14767 13992 4117 5592 8169 811 9736 10894 11061 2211 8794 5694 611 7386 11086 13419 86 6394 886 10494 7361 1161 11637 962 4611 1661 2437 7287 937 10037 4887 14312 487 14579 11187 1662 7329 1154 11004 9362 11729 10779 2708 2133 8258 2683 4108 12958 13833 4983 263 9150 7675 8700 8913 4550 12130 5555 350 6525 12255 12938 10238 9863 230 11575 12775 2730 9930 11930 4480 13147 4613 10376 8339 11526 1181 6801 10963 1922 10493 7890 5276 5356 8041 7465 7766 1291 2040 10270 10415 5240 2553 14515 11606 5851 4006 197 4376 7228 4114 8326 3822 12693 9740 2770 8840 1822 13906 2316 12816 10039 8028 4291 514 4297 5672 7628 8616 1953 14615 8464 5856 10043 539 4768 10301 1647 926 193 9301 9914 11841 4872 4941 2416 1303 13551 11766 8439 8068 10991 5239 10197 6345 2014 1056 5216 847 10070 10665 12602 1648 9757 1682 6627 9646 8677 12532 14682 12648 1848 5698 3177 14898 5248 9252 52 14246 13946 8548 12271 7707 5082 4798 4677 927 11157 12752 5571 6073 848 1371 1077 9396 9498 4952 2707 6871 10973 3802 9002 3023 14721 14157 
12199 799 10049 6284 14849 3749 7874 11949 334 9724 7559 134 3335 5199 9624 1559 11684 4784 13859 10685 6234 11859 4610 11759 14367 1267 6717 10017 8967 2235 4735 11910 10617 3294 10444 7344 7636 12667 1111 1561 12994 4344 14442 2462 1144 5512 11412 594 3769 7487 6169 3087 7562 5412 8619 14662 2086 661 10512 2129 1837 6479 14904 4 12854 929 14254 14304 2029 6033 14783 8108 13608 5233 6783 11708 2488 8688 7800 13813 3980 10163 3513 5288 12480 7755 8850 10225 13713 7275 5050 6825 11130 9166 14825 11151 441 1740 13425 4047 12503 11113 797 14143 7891 13541 4316 9788 13381 5565 6490 13406 891 5866 8247 8520 13268 13401 3703 14172 295 6889 6597 7989 13918 2866 11268 10578 1622 672 1628 241 13972 2766 5253 13416 12315 8945 5201 1989 5590 4293 10115 45 7666 2740 1814 3939 11814 14815 8631 8672 14240 7818 11676 914 12370 9128 2206 12397 3372 11840 14965 7365 11581 6322 13647 10670 1840 965 3520 645 1065 5391 4939 6403 10643 10077 14195 10956 2423 3265 14902 13157 11432 8152 7732 4877 12223 7727 14557 796 10021 9702 8252 10352 10157 1998 13821 8727 11182 132 5632 1202 8973 10202 2321 11957 13298 13807 6532 2102 11221 6198 5457 2921 12771 5607 352 11971 9202 13627 12146 3046 
10849 1424 13509 12924 3699 12449 774 12424 6399 3359 5709 12109 12559 12849 5984 13784 14634 335 3685 7935 3317 6009 1659 5885 2985 1242 2610 14467 860 8317 11667 14410 9294 3617 10742 3286 9011 7336 10644 1411 13144 9867 6987 13919 13069 13644 4261 2994 8594 12586 6187 5861 7619 669 8829 10437 6944 11911 11687 13262 9004 13154 6904 3729 7629 11554 9654 11354 14033 11279 4504 6329 4758 9404 12733 6558 4933 2933 12875 14800 3580 14030 1363 10900 1638 688 3050 6530 14733 14288 13413 12888 12813 13680 2630 2438 12039 12405 2138 2380 9663 6430 14676 622 5114 6026 431 12945 276 615 3039 6476 178 5816 616 1926 4393 5003 11495 2964 8343 10920 3439 4103 12920 3872 11989 2765 11081 7393 6970 12393 6303 901 7881 2764 4606 8322 8347 5997 10616 6964 1103 4303 6668 4697 10243 2789 1615 3370 11818 11045 11178 10771 13916 6239 6431 13981 11193 7814 7690 3391 11181 3356 4716 4015 14439 14264 1970 9518 11881 9918 10993 2181 13168 6416 10641 5897 7089 3522 273 4896 7746 2146 9177 11807 13507 2823 1573 4577 14523 3148 14182 5221 727 9952 14273 671 9532 11477 11171 6677 13323 10648 12852 14607 10327 12032 4423 4473 13973 1121 952 9652 12221 7996 14021 7696 4207 11846 14382 4502 12148 9973 
6999 8524 13424 3309 11524 4624 6374 11724 8034 560 284 2609 13484 10124 1509 2159 7010 14060 110 10985 14042 10510 3144 8660 8185 6617 6986 11842 3192 5742 12567 4792 7592 6142 13867 13769 10636 5119 11494 1211 7994 13269 8961 5711 11936 3312 5894 8586 737 9811 3811 4519 9794 5387 987 162 5937 10687 4686 5329 3987 11762 2287 4979 854 6704 9158 354 1233 8454 7308 1983 7558 108 2608 5908 1458 408 11833 4430 4730 10058 200 11250 11775 7963 8505 13000 2238 8980 2425 6005 4605 10005 5538 14043 5950 5755 11778 7200 7043 10 9941 778 9056 3145 9376 13366 2841 9726 13013 11493 14078 8001 1278 13665 14545 6740 14051 13314 9741 2865 10865 7516 2614 9970 2741 8381 7231 7565 13326 3826 1089 6497 12839 8389 381 6397 6451 6768 10690 2120 4501 13843 1514 2128 12864 11695 14003 4820 1968 12381 816 5764 2870 13915 6193 13522 4003 1066 5247 10706 11716 8414 8147 10645 13303 14716 1503 1881 964 3018 3389 1072 11453 1764 9015 2291 3397 8832 11922 12502 13907 3496 6946 8648 12548 13602 8057 3107 4477 2552 6877 2846 2673 9752 721 10252 1902 8502 14746 7248 7082 8927 11007 14348 12723 14927 14771 77 3457 3696 296 6282 546 5723 14282 12871 6902 3502 2502 10298 9273 12482 
13674 5624 10749 5574 4974 13724 1409 8259 13310 7834 109 14160 10609 759 13249 8784 14934 8134 13017 3360 7660 2467 11960 2535 3342 14811 13767 4967 11567 3392 7392 11394 11544 13944 11986 7211 13586 4969 10967 1736 2569 3394 13561 4144 5144 9217 11711 12411 242 10337 9261 4711 1811 112 13037 12712 512 14419 10129 13654 10329 5779 7787 13904 1629 8929 3308 14654 7008 829 6808 2579 1133 9533 9483 10375 12175 7480 5700 14000 500 7405 4980 2863 4230 12725 3713 12638 12705 6363 8813 1005 1900 3038 7488 11675 1280 14643 13275 11938 12731 2495 12728 5947 14640 9295 8578 14070 7916 2445 240 3193 11978 7647 11043 5066 920 8340 706 315 8915 7615 8039 8266 4995 7151 11143 1876 6428 1597 14772 6501 10489 4681 13170 4753 12965 14297 5822 4140 4381 7964 745 5597 2790 1897 9689 7820 13281 7120 11365 6553 7903 13439 906 13989 6240 12628 5218 8020 14228 1020 26 347 9522 14290 1765 8914 7316 7066 11895 1070 14445 643 14266 11731 12727 1789 11046 10966 12572 1652 1227 7807 11052 9527 4921 5098 12302 5702 2227 7223 2098 9257 9873 11721 3596 6082 10827 7877 5148 4782 14832 9148 12721 11332 6227 8702 13246 6632 10407 6207 12377 13502 7702 6571 12596 9402 2171 8932 1402 12623 4573 
7274 5374 13009 13549 3974 6774 7484 4359 9099 13409 7774 2259 3159 11535 14534 2210 13709 160 4960 11635 4985 7160 2510 9259 760 8910 6385 11492 4042 9642 1567 8894 6442 12894 5067 6092 7219 144 344 5294 1694 12344 5136 5437 23 3211 3894 12644 12311 12244 12512 1761 6612 7837 13887 362 14804 5462 2704 10737 13179 6087 4854 1704 14212 9479 14929 454 13508 8333 14854 3158 608 13408 1033 8933 5133 8483 3455 9725 6863 12150 405 488 10025 13450 14855 8363 7513 8163 6838 980 1805 1550 3345 280 14255 14801 4575 6639 3489 1780 14106 11997 9122 9939 7189 5553 14522 3828 11306 14114 12551 7972 14131 10864 4822 3626 11353 5364 4018 4595 11595 7391 5968 3726 11940 11272 4101 12490 12478 10566 6939 6847 8390 8778 10776 506 7668 3006 6139 931 4691 14868 14295 2781 9418 5981 7640 6914 2318 120 8231 191 6172 8070 7168 10906 11806 6728 370 13764 8090 5316 10640 14247 10672 5893 953 9440 4514 1516 11614 1753 628 14328 6415 751 13643 8532 2046 732 4252 12082 8196 11932 5602 11546 14657 1973 6821 12607 3771 946 3382 2598 4246 6352 8596 7848 11077 9077 1646 14277 2371 14373 6223 13823 9373 10782 2196 4123 13632 12396 11696 8323 14848 14427 57 10052 1777 5582 7282 
9299 10549 7949 7674 12599 2209 13799 5359 12609 674 14284 13534 4259 14384 2074 10584 4724 9049 7709 6885 5735 8684 3160 12735 1835 585 7235 7360 4842 2717 12960 6335 11267 10767 9667 1994 8467 10667 11786 4561 1686 10419 10862 11019 12719 7736 8461 5469 9561 2044 8936 7869 8712 5069 6936 10569 6311 5919 1562 3861 3887 3512 10287 12079 6779 14754 7229 3829 1204 4779 14683 7079 9233 11229 6183 6258 6958 7833 13433 10350 3725 14575 5 8200 4455 12250 11355 11025 13538 5225 12513 4138 3730 12620 11888 10038 12588 5855 2505 5880 12126 14850 1731 1838 2718 7147 10365 1241 13220 14165 14368 12422 401 3647 14828 8678 10697 2706 2928 4997 3678 2826 10420 6393 14020 6595 2703 13964 247 2041 8589 3864 1051 6503 2645 9070 13301 5472 5868 7626 6653 4645 665 3890 13706 14714 12806 195 2028 8466 1581 5465 5051 4131 4847 7351 13318 8116 11931 12903 5164 9870 14239 5190 14581 3070 10522 13515 5989 1797 7681 10220 4845 7306 2197 368 3972 11741 1791 1082 2448 1390 1831 557 14777 157 1957 6621 14948 9398 3848 5327 3277 2298 13048 8321 9823 10227 71 13023 5982 12557 857 9007 7271 2777 7298 10323 6221 1927 13948 9377 2202 6302 12971 13223 7873 6646 1548 3273 2457 1671 9323 12523 8073 
449 2299 14124 11649 1824 14199 4524 159 10399 2109 12774 3059 2509 1399 4884 12359 1109 659 9709 11460 11434 2142 5835 11392 10867 1992 6917 13710 3717 5017 9467 9769 267 9244 12442 3644 961 8044 7561 9567 9894 10567 161 14967 14417 9519 11661 4111 8694 6861 6769 6344 7062 7137 2112 2094 5012 4837 62 14237 14736 9444 8304 8429 5483 104 7454 129 3433 11079 304 7354 5783 10833 2158 14383 3338 683 3113 9208 4750 5000 4188 2230 13855 1813 8905 13200 13800 8725 2950 11380 4180 14538 8675 12950 3588 1555 8826 12189 25 878 663 6041 13820 10368 8426 8765 6043 1047 7856 7376 8478 156 12231 14651 4241 10881 153 13253 10315 8481 3045 12170 7514 12695 7918 3201 11028 4489 12276 7053 9414 11295 3440 10490 5918 13414 1540 12790 2501 10543 4647 928 4706 10040 10222 11240 4145 10615 8653 10691 1172 11756 641 6228 6518 14814 9022 2872 2631 12643 1216 12368 3022 5768 6101 14241 4843 3665 9647 2503 11768 1256 8864 9614 13703 943 10668 9915 4518 1523 14027 1196 14457 9171 9857 13021 12671 7073 1932 1982 507 9152 3571 5173 9957 2702 4482 3946 12252 12698 12907 14677 14446 11032 11677 9996 6152 10848 3998 6523 1327 1407 13873 8827 7496 13998 5498 3282 13552 1673 6146 9032 48 
8849 4374 4074 5474 11224 4874 2849 14584 9599 5759 9459 7424 3110 11809 14810 4574 7359 10910 9685 6810 9460 11234 13519 12517 14685 13511 11935 7710 5117 1217 4910 4361 11419 1067 4819 12511 14019 10592 1636 7836 12711 9186 2686 13444 4362 7119 12319 4717 842 3469 11194 3544 3404 9062 9962 8962 12836 3361 3712 5137 587 8644 4179 3612 837 4162 154 604 2087 10479 7529 7683 10954 11408 3658 1308 5183 1583 2733 12783 4308 4705 8175 6980 13150 1138 9530 2900 10925 8325 3950 588 2388 4013 3450 3114 4088 9613 10063 5738 2530 630 13963 14963 4963 6238 4070 4913 897 6856 10372 714 5714 3645 14872 4891 9251 13397 2220 14397 1526 9714 10331 251 13965 3416 4340 8047 395 14056 10145 991 1939 1616 4168 1590 12765 12940 14318 5801 6491 7928 2795 8866 5295 3989 11189 9272 3020 1493 10995 12293 12764 2018 11041 7115 13851 5928 89 4214 9670 11993 8014 14170 8853 3365 12847 5990 4928 7945 11378 14431 2801 5028 9516 11689 3843 12364 6618 14465 8453 13714 2122 13565 9916 3646 9489 9446 5973 1727 8098 5352 11273 5502 9927 602 5346 2252 10332 10171 13421 3057 14346 4427 13832 10823 8032 1223 8823 5232 12182 10671 14896 10882 8682 11298 2123 14571 14757 6602 13302 7507 7102 6846 4098 4827 2382 6148 11727 7107 
1249 2474 11124 4949 9959 12699 12509 7984 524 1909 7934 11109 3909 13517 10709 9274 8010 12710 5224 1635 2484 2584 3085 442 10810 10710 3692 12042 3336 5317 13386 10536 2042 9035 1892 6619 10394 6942 5786 12187 6719 4394 7512 6844 12044 14236 13387 12887 1786 2586 4244 7012 2594 14711 12212 13711 11336 14837 4354 7387 14537 8404 4237 8104 10186 2487 13679 13454 10029 8183 4229 6629 12629 1733 3333 1508 10008 5654 4788 4208 1225 11280 6030 1925 5775 11980 14150 12075 1988 763 14275 4130 7355 3453 8225 14915 12463 7550 12630 13555 638 11325 7420 14330 11153 12001 7481 11801 10316 6640 216 6378 6031 5326 4665 1026 43 4915 6131 7339 9597 11253 4001 4581 11601 12681 7603 7778 2616 11416 4139 10868 670 11445 1531 14006 6776 4616 11464 6897 6772 2131 1189 4128 13853 12481 7578 14695 7353 7897 7816 14822 6843 7472 9040 6340 6456 13418 10770 5591 3795 2853 2670 8639 13756 7370 147 11039 2203 11618 14456 1465 7320 845 9443 10964 12556 8443 9401 2118 6414 10981 1397 7402 8873 7371 6977 9277 4073 3648 4857 2796 11582 5323 10402 7682 702 13982 10432 10248 4232 121 11457 7777 12796 5032 6927 2798 1032 996 10898 5452 6446 13721 14852 8452 3882 5748 2746 12621 12507 1952 10198 14648 8496 6957 3252 
9774 4474 10999 4149 10299 9424 7009 14084 13010 2284 3884 12549 2874 12634 9859 485 10199 14260 1085 9185 85 4260 3136 3642 742 10917 12492 13019 5767 9142 4485 14542 2819 8217 6461 2119 10261 12019 13936 6569 13036 13211 4211 12494 586 8811 6869 9687 12444 10719 212 7337 4937 412 7912 8362 12937 6979 12587 1979 7087 12004 6237 2204 1387 12479 12904 13729 4183 1283 14633 9183 6883 1408 6833 6158 1163 9308 5438 13613 4375 480 4055 10675 7330 2750 13738 13050 13755 4905 2025 2725 7825 11630 12313 13847 12238 14230 1305 10055 8690 5103 8195 7389 10140 12068 12793 12545 9753 14765 7906 9581 10314 4447 12151 10614 3126 9626 11440 14053 806 8240 13190 656 3297 2797 990 14539 14666 13801 4165 7372 6522 6739 9043 14616 4743 2922 453 10564 13265 5665 13856 5306 14289 14222 8920 8372 6122 7590 5231 6318 13903 4203 1593 1268 11328 11615 2515 7993 7218 8093 1595 9014 2195 11681 1720 2656 7703 5320 3253 8145 13228 5991 9464 3266 2814 11372 9491 1468 12177 9603 3823 14627 11532 7007 1396 7982 4177 682 5946 7032 1732 6477 6777 10348 11673 4421 3898 5721 12702 6652 5273 6757 6827 11682 11132 4382 5927 4471 9746 14857 807 8298 598 7957 8198 11377 9427 2652 10221 14621 6248 4332 