72
10899 12624 8874 5084 7174 6649 11509 11874 1934 6259 8584 6109 9410 6585 8485 13260 3092 4635 4560 2617 11311 5192 5487 3744 11111 10619 1311 14536 3519 11436 9137 9619 11437 9929 4637 2379 3929 8279 704 3579 14204 7733 7033 2125 9783 9113 5780 14775 2455 2925 400 1175 11955 6763 14888 14031 1663 4405 813 1413 1076 5620 4056 80 10090 3566 4053 7141 5776 21 3245 14906 13478 11014 14631 6066 2601 11170 8806 715 5615 9543 1441 7970 4331 1039 7790 1614 2489 11147 520 4639 4097 3393 2653 13464 13472 10402 4848 14747 421 11227 3971 8452 6782 3498 471 
13199 4449 9234 5699 9934 6909 4859 10674 11709 1674 3060 9535 6360 13985 9034 6860 10417 3792 3842 6392 11636 7892 6342 192 4742 42 2544 9392 9569 12387 844 5219 8529 11287 13754 5912 2754 12654 7404 4858 9829 654 10758 6933 1783 14100 600 1180 1383 10288 875 12030 12475 11225 2175 4200 3088 7288 2456 12488 14430 8166 11988 14916 9405 5180 14791 14576 12726 11641 5639 2047 9297 2715 5789 1126 3901 4195 1243 14366 9164 11995 9153 3526 12676 12697 10228 13395 12918 8843 14847 11593 14620 9620 14191 9493 10965 3420 3196 8396 3164 6882 5896 11221 10071 12421 1473 
14374 14299 10424 14549 8859 1709 6874 3874 9659 8710 9510 13667 3534 7760 11092 2642 13442 4342 467 4642 7069 1711 12261 6544 14394 3986 6136 4511 9537 2612 9154 9987 9387 4054 14737 14054 6154 14404 8358 13683 10233 4683 11083 2463 3858 6333 10958 9055 12263 7375 9358 4363 700 4083 913 8455 5655 10430 9300 14200 7813 605 863 5230 14605 7555 4051 13863 7193 9876 6991 4065 7205 5564 1697 1189 14420 1497 14672 11631 3226 8191 10931 8315 4576 5413 12064 8681 13931 11522 4916 6566 668 13441 6839 3003 11543 1995 11847 9793 1378 10666 772 11878 4096 14745 8927 11728 11571 6232 6896 9832 14423 
14174 3024 9349 11299 2324 1309 9534 14309 9559 884 11035 7267 1435 10442 1860 310 2461 867 4167 2719 6536 14769 5686 10244 4692 8412 14387 6961 11612 8937 4737 12962 2887 9804 2904 13354 1654 1358 12158 14533 6133 6633 775 6475 8758 6480 1475 2613 7025 9163 6455 11205 10130 10300 313 3106 14838 5588 6325 12830 5650 11330 1693 10505 1368 13351 3963 14116 13403 2439 1239 14422 2340 13222 7039 6290 12045 6291 2440 1190 14689 8576 476 1481 8620 1166 14501 339 11668 12240 9768 6440 10795 14565 5995 14718 14173 10432 10968 12439 7081 13243 3296 10552 2323 12771 14448 1298 
3349 14774 699 12374 7959 3034 10959 8885 2799 11184 1485 9735 13560 8685 5417 1010 10467 3942 2692 1592 7417 10469 6069 12011 12286 14669 287 12669 6362 10586 6969 14637 11054 5929 1304 1962 2054 2279 1258 7133 10733 13283 11233 14858 9083 10250 1500 14900 9263 6638 50 380 13905 6730 2738 1605 9200 7338 7838 1938 6926 7363 13940 6281 4990 2113 9328 7403 4778 14641 5365 6180 10591 9425 2026 2995 4270 4878 12989 3388 5631 4776 12926 7266 3597 11443 8745 5547 6797 12868 12897 11228 9776 9016 10193 11714 14703 2523 3270 13707 12777 4852 13246 6648 8307 2177 9902 
7699 8724 3284 1124 14949 9574 13159 6849 10459 10335 7084 6309 5492 5209 13817 4684 7311 11942 11411 14492 6036 11242 4461 14867 944 14511 3669 44 8986 7162 8487 11879 6412 4629 3879 10579 6008 2854 9383 4283 7783 14450 12833 4625 5533 6755 4025 2105 14513 8013 8925 3130 3813 9013 5730 8738 5663 7140 1743 11066 12195 7313 10381 5641 4272 10926 8764 2603 13672 14653 9868 2043 6489 11872 11172 13391 1191 3589 5956 4116 7545 7864 9831 9872 11506 9390 8440 6616 9364 8865 9372 12373 14178 3781 11472 11527 7652 3773 12971 12596 10298 14748 
6574 11574 274 13174 14324 2634 4174 4024 9060 10385 12635 1685 34 8792 10869 13267 14819 892 12767 5794 4536 13044 994 11361 5269 9269 2962 4862 1162 4587 5604 5104 8762 12229 8604 7029 4679 10033 9033 9750 6855 7975 8983 8633 13900 4488 7388 9625 5658 13363 1580 7738 8650 13563 10100 11825 2655 4713 2850 1576 1763 6289 6706 1713 1664 3339 5506 2951 1147 9291 7143 9764 1028 6590 12306 8803 5720 1951 13131 10266 2570 14314 7556 8168 9076 11293 11968 2845 8715 8091 14820 2064 5393 5490 9073 9873 1470 132 7527 8896 6332 14696 12821 11848 
12049 11499 1549 13774 8499 4099 9059 6024 13634 12210 14449 1735 935 4585 3810 10267 4369 13842 11192 12542 2592 12792 8419 13494 7894 11694 10192 12761 13062 9086 6419 5504 8179 3237 8612 13204 3554 3454 14158 14258 2483 2033 11780 11650 1213 10183 10088 4263 2705 6850 7075 2338 12955 4300 10530 12905 10980 13388 10013 2663 5601 9193 14356 13941 1818 11051 5703 301 7347 13372 14645 2356 7765 4353 13664 6978 9851 9270 9931 4120 9940 13426 7240 13178 2839 11990 5847 2568 9315 13720 2589 10520 14953 14589 12443 3571 12023 5978 5171 12723 6523 5657 6098 9877 
10174 6099 7684 5949 13849 1259 13749 7960 10209 2835 2099 4885 1009 7342 9910 12017 7167 6286 11142 12242 1369 7261 10786 7244 8561 2019 8486 12969 5712 187 2912 11429 10504 2729 2479 9733 9958 8583 10179 780 3630 12125 833 12050 9375 13938 13655 7155 4538 13605 2888 5188 3955 7563 16 13850 1670 3189 9505 10050 12745 9540 1370 13201 7191 6056 5901 13051 6631 5097 11926 7201 4795 7239 8855 10455 170 14372 14353 6072 11247 6466 7568 14018 2941 14806 12016 2940 3053 10016 9139 5395 1722 6832 4846 8377 5282 3857 14973 4971 1823 627 
14024 11899 12649 8059 6449 13759 2499 12799 13335 6834 60 8110 5035 10935 9892 2317 3311 10217 744 436 4017 1767 2811 4492 8919 11869 4662 2286 2486 4112 1679 6804 14412 4604 5254 1604 4279 12908 6533 458 33 9530 1730 3583 288 3180 3930 12755 5850 12825 4380 7830 14600 8238 13225 13288 4276 14455 164 11165 12031 13176 5643 3915 11645 5116 5238 14793 10541 4370 497 11072 9947 945 2447 6201 1439 12465 5093 3447 13415 6695 6815 10495 6778 14951 9316 2164 214 9131 3616 4552 10277 3172 11722 3577 5048 921 4627 3882 14848 12807 
12924 12059 6484 14059 1599 1209 10084 8535 2810 10785 14434 3509 1185 2392 3760 2085 10942 10136 2242 8119 3711 9042 11767 5811 3511 11769 1112 9611 14961 3079 14629 5754 2879 10554 9204 14879 4408 1833 4908 4483 12450 13675 4888 1958 9713 14650 10108 6905 3005 14788 11413 1913 5200 11830 2466 180 10663 4700 9 10389 13005 12178 13743 14639 3405 13463 8528 9976 4372 1428 12301 5570 3451 1668 4570 6726 13045 8293 12147 2965 2270 7265 5951 1564 3770 11415 14153 2793 10839 3403 10503 7322 10745 9907 9246 13102 5406 6773 1395 5871 1577 14021 2802 9521 
11649 7824 13510 734 13034 6784 11349 2934 1260 249 9335 960 1510 3659 4699 8442 1692 6842 2992 9694 8092 11742 6269 5261 3267 8219 6519 2419 11244 12037 3662 3837 10354 4487 14129 6504 4004 9604 12 508 583 308 3608 2083 6308 9408 13480 3238 1200 4125 6130 13338 8380 650 6488 3363 4413 14028 9075 988 1728 1255 10180 7406 12981 8438 11905 14526 13365 1478 743 1043 12251 1313 6816 6626 12131 4676 14320 6766 8495 6591 11264 11516 5722 12391 13968 13920 5147 11564 866 3082 2427 3153 4246 1106 9021 7346 3727 9082 11146 1402 
8399 4949 7974 12024 12709 3184 13874 8624 9584 4360 2309 12234 4210 13135 2859 13860 6667 10092 3436 12835 14469 14569 4961 8142 936 1036 9144 2837 461 12936 186 5544 6787 4387 5587 14679 8329 9179 4879 14479 2404 6729 12558 14758 4783 4008 658 6233 13205 1655 438 10280 13400 2263 12105 10888 6775 10838 7888 7380 9825 8355 88 5313 9963 1000 7788 8680 14776 14789 895 9703 11628 451 6720 8405 1651 7041 740 13145 3441 2893 4641 11220 1490 3922 12140 14415 13097 6206 6126 7756 3278 818 1566 13991 10231 7164 3891 8270 7368 10945 2103 6953 2778 190 14272 10515 9203 8527 9218 13352 3771 10427 3682 11048 14421 12732 6452 11102 13152 5707 57 3873 
5349 11024 11099 12574 12884 2749 7059 3410 8574 6910 10659 13559 14409 13192 6760 11642 11135 3535 14044 8985 13217 6067 7686 9385 9744 14037 6486 12394 519 10319 10711 1669 10286 5162 6687 279 12604 10079 4104 3904 10304 4304 208 1083 12858 7858 14225 6108 9338 9800 10113 12230 9175 12455 8955 7525 13180 6725 1063 5763 5830 3118 1676 440 11318 4075 4368 1040 11431 3456 7728 6595 5626 11501 1955 2426 9091 14414 13490 243 6628 12118 11972 5340 11439 13828 6222 1178 3203 4220 2428 270 12401 8651 8218 11943 14520 8740 14926 2072 3576 4718 6243 1381 4940 5348 3653 4948 10171 3057 13832 11307 6998 11123 3998 1121 5423 9771 10121 5182 
12074 12824 149 11534 8835 12324 12084 4609 12484 8999 12460 1310 4660 1917 14185 4335 710 9592 5436 5210 4592 12461 7061 9092 2111 4994 69 2192 7536 14217 10387 11154 8469 9662 3162 13087 6962 13362 5579 6312 7704 9379 1829 12983 3058 1883 4813 6025 7125 12788 8000 5275 14375 9938 13430 7180 12413 4305 2130 3055 5930 9850 12625 6039 7680 11463 3491 1228 4938 415 5618 3340 13215 11639 5118 4903 13890 7340 6703 12143 3655 3293 7343 2256 4726 9847 9945 11540 7895 13926 9397 14495 4603 13393 703 11991 6614 11265 13715 7793 13114 9968 14591 3578 3966 5303 1318 14470 2066 2932 9520 3073 13421 2877 14798 5532 7577 8557 4523 8523 2873 8627 8207 6423 
13399 3724 2274 624 11974 10824 259 84 9984 5059 135 9635 5560 10635 14017 14209 10310 4192 2585 5660 10110 8942 8567 6217 4242 5011 2269 1461 6794 12636 2786 3187 6111 2919 10937 8087 12787 4712 12554 12954 8554 4758 2908 5258 3833 11333 14913 11030 13105 1008 14733 13138 13075 1875 5113 10755 13088 10625 10555 6188 2500 1113 12876 13663 14901 9293 14805 12451 14039 14880 14251 7401 8701 13891 4181 7968 10076 11670 12145 5251 481 5520 7772 13678 3993 10818 3128 2739 11256 6664 8226 6822 64 11478 6366 6831 9351 11545 620 10831 13089 4618 2966 10066 13245 11465 9890 10596 3977 2977 9921 3557 7848 11057 11248 9332 11296 6721 2852 3821 9071 
11399 349 12124 1149 10274 9824 399 12259 5409 3209 8035 1935 7517 13610 1810 2184 7642 13617 2167 5511 14242 5867 2644 7486 1936 3667 7469 13112 13061 3919 6019 9319 9044 14187 2869 9262 6637 2187 11029 11854 5879 879 10187 8654 12208 14658 8233 8150 9738 14138 5688 2713 11655 2905 1025 4663 375 11788 9155 5863 3788 9980 13630 11530 7031 3564 14647 1505 4356 5525 12047 3903 12106 3431 2847 7572 7489 2876 13606 14670 2343 9488 14693 2481 8316 2051 215 3976 4339 8476 5015 8314 14326 3701 13822 318 3215 6353 10472 2372 14291 3406 11116 11591 10456 10997 12390 12290 3820 10046 4296 13498 14127 10471 452 12757 12721 5782 14546 3877 13998 4032 4796 
11549 8174 2134 14159 13884 4799 2334 1134 6185 4184 8434 2710 8310 12285 9135 14117 7610 3460 2336 1442 2517 10361 12469 2067 10086 4061 2792 1094 10936 8569 13436 10987 3536 11562 13369 1787 312 6762 9212 2154 4287 11179 12008 7158 3758 7383 13633 7083 8458 2858 75 1300 555 13025 14350 8880 13688 8530 12305 1238 14188 2575 12516 5463 10097 938 563 151 12166 2470 14950 14120 2264 2240 14778 14540 9181 11016 4551 9840 6770 4231 6681 6803 5368 4781 10856 12165 11665 7495 5514 2531 5578 8676 203 12266 4901 9991 11865 12470 7797 253 8364 4403 11826 9481 7106 5378 13006 11777 1421 3627 9952 2157 11282 4782 7352 6002 10632 5682 7052 2457 11507 
14924 7024 499 1034 13224 5274 5684 2249 10324 4509 5859 1684 13959 8410 2385 385 8935 9761 2910 11717 14692 2844 11461 7367 7569 5286 9267 3517 386 6144 5562 14912 11812 8787 13236 10404 8954 237 1079 8637 2229 4704 6229 1108 1858 8608 12533 14675 425 6425 5825 2763 12325 5975 14938 11338 12005 5125 2225 7988 5913 8130 12139 9350 4040 11238 12515 3101 9189 7418 11666 2341 8264 8770 8318 4164 13951 12340 4791 2226 13806 7743 4740 5715 11966 10531 12943 11222 13039 5831 14390 13995 13939 13443 5691 7006 9089 526 12689 1220 10778 11243 4420 1272 13297 8670 12215 1221 5493 4227 11707 14077 12327 6677 8248 7482 11402 2196 4657 13348 1623 973 
4074 11799 2049 5509 11659 8949 9924 1834 6134 14460 5010 4234 2409 13692 9067 217 2767 9286 542 3019 3542 3467 6061 2436 5944 9586 12769 14194 9861 2794 13869 7094 14611 9219 4512 6162 13712 11479 1429 4687 5054 158 6929 6508 10783 11758 4508 1355 11908 14780 7700 5130 9325 6550 14480 5900 238 13505 13113 3380 6230 11156 3255 13151 13497 1678 6070 11056 3481 12076 13001 3751 3556 9695 1139 10397 5681 12518 3195 4251 6368 231 3641 597 1806 13140 11664 3940 5026 12056 11201 328 13214 5864 3756 13868 12203 4397 13553 12906 3315 10916 756 753 6918 14402 1464 9271 5257 14298 6127 12907 9852 7977 12982 2202 6021 12873 1807 7832 
6724 13499 6749 1349 4534 10474 12334 14334 11885 934 49 2199 3610 5342 660 1317 5486 5910 92 14317 786 9917 10336 2386 14694 12111 3786 3186 2712 2362 7044 4762 8687 6887 8462 5379 1812 3862 7429 3229 2504 14233 11633 2058 14308 4583 7038 2583 14075 11313 8338 13475 8613 13875 9855 12138 7938 13038 12525 14263 10513 12618 6276 4176 5778 6997 9051 538 11070 13618 7253 6065 11164 9693 12703 14403 8891 13126 166 5622 6372 4543 13818 12331 2331 8203 10878 13591 5940 1195 1820 12265 1701 2726 91 11128 5941 12947 4943 2895 1120 2147 8795 9897 356 1956 5552 10527 1296 9957 9577 457 623 648 5998 10482 5071 7057 13552 827 
12524 11374 5434 8384 10774 1574 8924 9449 1035 5924 6974 10160 2660 7967 1110 4484 417 13142 11860 7117 11735 2185 6194 1361 13544 2394 986 2936 10811 8194 1344 9311 10412 9587 87 10111 10154 11912 12729 10112 14962 10158 5008 7633 9908 12308 3330 6083 9280 6800 6038 8588 14050 14905 300 5430 4463 7200 255 3800 2330 338 7055 3472 11301 3863 10830 10676 3328 8815 14401 8395 10256 12651 9601 2993 9064 8172 13390 6139 290 10272 3568 2389 11068 4668 13420 256 8241 10689 8743 3851 13090 10264 9031 691 6870 4993 3220 1766 2890 6178 8856 4840 9622 10181 3396 14731 12052 13027 2771 8521 1223 10423 12157 2121 14852 13123 11271 10002 7821 
12149 10374 8324 10859 14559 10499 1174 2074 3142 12284 6384 3417 5534 7492 2310 1160 12535 14917 13967 11967 6692 10067 4944 1419 12036 2961 10819 6894 1861 9869 8437 6244 244 8769 1762 10662 11337 6879 9437 1804 5708 6304 10583 2283 3358 11525 10325 12633 11605 155 2838 9875 6138 13825 14813 14755 11275 580 7350 11303 1088 3468 14626 13155 14555 14725 4126 3918 7195 793 13897 4906 3920 6697 9070 8531 8655 4043 2241 7345 6893 5341 7016 10128 13422 1105 7776 5388 518 6676 14622 618 9672 6514 5815 6670 10176 8565 940 13566 13120 2597 8120 2816 1389 2898 14752 13048 3348 8502 8221 3352 4307 12923 14 5848 14698 4827 6498 
424 13074 7074 11359 8299 13534 2899 11609 9809 9359 8609 13734 8360 10342 3935 10642 9835 9435 10544 2785 1192 12161 7011 2219 23 11342 10219 14344 5994 13094 1019 13612 8187 5637 13379 14744 7654 11254 6429 579 10729 3529 4333 2258 2108 7908 4233 12613 14883 11800 7625 8513 14175 9705 10255 14413 7863 2075 10355 4155 7005 10630 2405 355 7416 9278 1364 1380 2991 406 11505 8251 9651 8539 9331 14628 314 8726 1445 5841 9326 9981 12893 12015 1426 5297 7870 12120 491 6956 7515 12406 1947 10101 589 2590 11515 397 12416 541 7641 8103 11103 7090 3268 6698 9431 6171 4902 4671 71 7523 9077 11698 396 24 13932 10082 3807 1898 
1299 5099 824 13149 2459 5384 4199 974 12984 4959 1199 14424 11984 13685 6 210 14484 11134 13359 3985 2160 817 10992 9785 267 3967 3660 12069 8386 8544 11994 6167 1511 10794 9886 5667 5111 13986 12462 8086 4736 12786 4486 12961 9394 9487 14487 4954 13129 3362 1404 5179 6954 10654 5383 7808 3254 7708 11358 7533 12730 4588 12605 7150 15 4555 13530 2005 14080 4338 1150 12100 2050 9525 8600 13280 8888 1800 8450 12741 12603 3575 2055 12501 3 13616 14416 9176 6989 11647 8693 3120 4122 6913 3290 9701 10578 4366 10589 12931 6793 4922 12526 6751 8026 13843 3140 2441 716 11797 7506 12339 3990 4590 4920 7395 13445 8893 10141 9265 6464 12791 6166 4918 3501 10064 14816 8716 8122 9803 5228 8141 10772 1964 1053 11391 11703 11052 14873 9321 12857 9248 2282 10598 10802 6652 7171 7532 11957 14473 896 6121 371 13977 746 3357 5202 
3124 3309 11324 10884 7209 4459 1984 2699 9324 435 12734 1059 1159 5235 9309 3910 1560 6292 8742 13085 10184 5519 5592 9610 7867 1986 5569 5561 5542 13742 11719 13844 7769 14244 9919 5586 7719 1886 8112 13412 9512 14337 10529 7712 13862 11104 6379 8804 7379 3504 9029 4533 108 6708 10483 9708 3708 12500 758 325 3105 12075 12655 6555 6388 7663 4563 9180 6750 6055 9975 750 6938 10105 11900 11316 12601 1231 9106 5205 8189 9101 7726 8705 4466 11964 9690 4539 8178 13378 6722 7901 1672 12993 11251 14418 13189 12315 7745 3139 12716 2901 10222 13343 9905 7341 2276 7966 9966 128 11965 7268 2539 10416 6540 5020 566 14826 291 3443 2406 547 5668 7653 10022 14468 14939 14472 13781 8841 14197 5422 12447 10923 3107 13371 5077 11002 2902 6352 7421 13432 12846 7473 12277 11923 10896 12107 10098 146 9202 1521 
9249 8834 10699 3409 6549 6149 484 7434 5734 13099 11774 10384 9409 8160 9460 9485 5585 8785 4785 6042 9710 2084 8135 14885 2267 8592 6742 517 5619 1694 14919 2092 4936 13486 1586 7369 2011 1987 3836 5787 6761 11212 13687 5812 2037 8429 12837 10829 3154 1554 5662 11754 5204 5408 2079 5358 10658 14408 14625 3125 9000 8538 6050 6538 10275 2100 12700 13250 213 9650 2255 2400 13925 2605 5813 1388 11580 14118 11763 14026 13930 14918 6576 12040 7040 1739 5693 5616 3326 10726 5845 11793 11064 7256 5976 10566 3464 603 6053 5791 2491 9978 4468 14201 11291 470 10897 7080 10426 5115 3251 978 13776 2889 10403 1214 8043 10816 141 4865 5728 3018 6381 8056 5739 10789 2068 10915 12645 3614 81 839 3547 9426 6257 4196 1507 9157 3473 2407 3898 473 13396 5207 2302 5927 13046 952 5321 7627 6471 5296 6371 
5624 6924 12699 1724 9874 8334 9749 8309 13284 2809 2534 12985 3710 3735 5184 834 1335 3411 367 9769 5185 14435 13186 35 5267 10185 4567 12344 10611 10019 3386 644 8294 7687 13086 11744 8312 12112 11344 11012 4137 6862 8704 9712 1329 6004 504 1029 1754 11329 12508 9558 358 7883 12708 13650 725 5100 14363 13600 6630 13263 10405 463 450 5938 7750 7413 12963 6625 5155 30 14530 3613 7088 8197 4351 4526 1245 13128 1131 11320 10590 3076 5628 3281 295 12665 14065 8051 13353 4365 10895 11791 5081 5516 13876 8747 4156 13103 11576 13428 8216 6578 6826 7618 7851 4591 12116 12014 5331 12889 11095 993 4747 4991 14145 9041 8118 3047 7439 1018 690 10641 8916 10003 13722 13641 6097 11743 14741 3666 7796 10653 657 12152 6777 10282 332 10846 13473 8246 2371 9298 2123 10448 3852 3052 6102 10198 9421 9046 
5374 6674 9949 13049 1324 9109 4409 1449 11209 5085 11924 5360 1635 12485 13810 14959 9660 9360 460 7035 4361 5942 4617 7319 592 6911 12187 1017 8992 14442 11917 13219 5644 4569 2761 13587 14687 10969 912 9187 4037 10379 6212 2737 4829 4554 9554 13979 2004 14429 8433 13158 11033 7983 14038 9633 12758 4255 10363 12433 5550 10613 4163 4005 8550 8800 2875 4275 7138 12980 7225 475 12055 125 3250 9005 276 14903 3465 7047 428 2676 13493 3476 551 706 9072 6715 10278 9926 13622 6297 4245 2031 6526 4615 722 2840 11541 9240 6668 10247 997 4820 1568 12264 12776 3291 6220 11266 595 2615 12895 9231 14730 8978 13970 265 7270 12020 9239 6951 5972 5651 2691 10568 3095 1716 13778 3968 10718 11891 1957 4371 13648 1177 707 14082 4396 577 1246 7152 148 12032 5373 11148 4402 13496 8096 3146 14252 12146 
2224 13509 6899 3049 13909 14349 7309 14459 9184 8809 3599 10234 1535 10035 7409 3859 6435 8167 13835 967 13542 13642 4010 13661 3069 12094 8336 13169 294 13919 2742 3086 3312 8262 10036 13761 10137 2511 11512 1611 10854 11662 3594 14937 7612 5887 10562 6179 14887 12883 1854 12529 2579 1633 10708 14604 5058 530 1275 8730 805 1725 8155 10475 3188 11055 6813 10813 675 655 9563 10155 7600 3350 8463 11188 10205 10955 11315 14922 9531 11538 4988 7026 9191 7131 14122 5576 2490 4190 13139 12995 7197 5351 7920 14481 7751 5614 4731 3551 13181 1145 6251 2903 8756 1816 13328 10240 11441 13028 10297 9172 11951 422 6890 12845 5193 7940 13241 8451 9143 3520 10815 1981 8703 11690 2664 7116 11289 3831 12206 14015 1414 8656 1790 13927 14352 2021 7377 946 14357 2007 7921 1607 14832 14396 13077 677 1598 5052 7873 6298 10177 1846 
5524 11074 6824 4274 999 4599 809 9235 7135 3435 5549 2834 4649 9734 1959 4835 12784 8892 8267 11517 4042 9742 8085 13235 10817 5167 7242 2211 6517 317 3044 511 12336 8694 14844 1237 7744 13744 4744 14869 9279 612 12287 14554 10712 6029 7254 3262 5229 10704 11883 11308 3854 5283 3558 2983 883 7950 6980 14505 9238 13488 14475 13355 12080 4475 10725 12575 1575 5613 11375 12380 2963 6688 4975 14180 1476 9463 5781 3331 14790 426 2551 7176 10175 12701 1045 3116 4228 13190 6545 9756 5480 13047 10595 3570 8278 172 3628 7570 11026 11018 11176 341 10820 393 14426 8153 3190 6016 13747 6145 2541 4872 2376 14531 7922 6165 5931 10941 3841 11414 8566 391 10501 8706 11115 1331 2668 5243 1315 11920 2232 5627 8877 4821 5248 10352 13682 5798 12402 502 7973 6152 13696 1752 6132 4952 7157 4548 12798 12148 
11849 5324 1649 5649 5484 1224 4934 14649 5874 11259 7159 9799 5674 13834 6859 13285 13460 3485 7460 5242 7192 3860 6010 12167 14860 9336 7194 235 8192 1736 7286 2986 9442 5469 8642 13569 3761 319 4187 14287 862 4494 1462 6012 12662 3104 254 8904 14229 12204 12404 14633 2558 11808 10683 2008 10283 6758 7583 5105 7855 6700 7255 2525 9250 4905 3025 13830 9025 7238 1650 6605 8975 12675 5450 2775 2464 14013 10078 5551 12606 11306 6051 7422 4191 3470 1247 8481 9103 12814 11656 4789 4568 12453 12103 1141 2339 9066 7866 10143 5343 5556 6364 4589 10451 7897 11795 7018 5697 9839 13741 5666 8515 10356 10122 922 1545 5289 8497 2720 331 4678 12495 570 3991 11697 8572 7597 8441 766 856 14556 11190 7303 13016 7998 5381 4546 4882 423 2752 10457 1448 13307 13398 7298 5727 9746 1182 6482 8023 7373 2652 10921 6848 
6049 9284 9474 774 6559 9149 11884 5634 4134 4249 11149 1910 3010 2110 3674 9784 3210 11985 11317 8717 7085 1742 12267 12742 3260 9161 12086 7019 11469 3767 8917 13069 8111 11819 11269 9012 4036 14587 11444 12012 8994 2186 2894 1187 9812 2629 6337 14104 5004 354 8883 4833 7333 3783 10558 3458 13083 13375 5075 1230 4030 14663 3463 7905 4580 175 2880 1613 3625 3200 13055 6105 10905 10055 10230 3341 825 10638 1665 6438 14795 3478 10147 8697 1726 3126 5606 739 10476 2614 14090 14753 1691 4464 7241 2476 13368 8614 2245 10047 4501 9272 1493 4115 8595 226 7381 14218 4976 12464 6341 5278 2366 2314 6168 12547 10622 13053 5853 11131 13593 12347 1878 6465 972 6078 12597 2289 12445 2818 8872 14331 1321 2748 10852 1046 2182 2727 3471 12273 5546 12898 1032 13273 12952 1077 3846 12696 6346 8946 13452 7721 
14799 12474 5174 2624 6599 6274 6884 10334 10509 14509 9160 6324 9399 7185 11334 5517 4417 14467 142 10060 561 642 13792 6867 12811 13336 10242 1536 9842 2417 919 9536 869 4292 10519 4919 8136 4987 14742 2537 9211 1961 2787 4612 10062 629 11929 7754 3008 12779 12354 5758 9458 7408 6208 2183 13888 7250 11625 12550 6213 5705 7913 12680 7230 12650 9755 1963 2480 7780 730 10913 7980 2955 13780 10093 4264 9205 11166 14114 3663 7766 4491 3313 1128 3143 676 6795 6572 4566 8193 4168 11214 10366 5801 9568 5872 14126 13697 8818 2701 6531 12303 8306 1164 4653 12472 4453 10928 6581 2714 1776 10206 347 14764 6076 5014 3714 653 7153 5766 12953 803 2214 1768 4701 764 13468 9368 3503 13871 12223 14557 2896 8321 2648 196 7952 373 1646 11121 13857 1346 1157 12246 2746 1357 5096 4873 
10449 5249 2524 12274 13999 14809 6659 3684 12934 5884 2924 2335 14659 12085 2142 685 309 5160 9342 5717 7942 1517 4485 4710 3061 11692 12619 7669 12144 2694 12494 7436 7361 3769 7012 14644 7812 12262 10812 4719 10512 4237 14354 10429 5954 3479 11129 1254 10279 3804 14108 10883 6383 11183 1758 233 14708 11300 14250 6780 1525 3475 2425 2305 11038 12950 1750 11263 13255 8988 3700 10950 1950 11613 3001 9763 855 776 5793 9340 10188 4268 10780 4189 11203 9830 12026 12531 11789 8493 8320 13726 14497 6497 13547 13526 6451 10593 12456 14751 3147 14695 11531 9097 11270 8601 9826 6216 9722 13691 6765 516 4481 12666 8570 93 2095 3445 5272 3218 12914 3753 6565 8415 7206 13156 2864 8053 7714 9922 3656 6373 13657 11973 7307 4771 10157 11623 5882 8996 6696 2952 8498 9732 296 3832 3032 6107 11752 6307 12298 
5824 13549 8074 11824 549 7724 7774 12684 3474 7109 7310 4060 14010 1210 14510 4185 13785 8210 11161 11435 12785 8019 11217 7767 14717 8344 6117 5844 7811 536 5936 842 6886 1392 6912 1619 7086 11919 9786 6812 637 11737 7087 9787 12279 8354 662 5904 4808 4154 7779 8208 13229 183 8683 8133 950 9680 14208 3258 8005 10200 11230 505 7925 10875 2730 6150 14958 5800 13775 1080 5955 13513 12205 9138 7028 9230 4178 8501 9630 7001 7105 6481 4066 11440 14541 12539 5843 9678 4490 14666 4165 11091 12376 8881 14665 2556 13745 7145 5603 13666 10431 9689 14822 590 12022 12115 12426 11022 5518 14128 5964 2606 7589 2943 12239 5322 7981 14215 12941 11568 14701 11747 3366 12356 3868 9503 1843 8573 6621 4173 3907 2471 11521 14377 6182 12557 13427 14057 7471 9346 10782 6246 5923 7102 4207 2696 8282 
12874 2449 7674 7449 14274 9649 1074 949 13684 1699 6349 10074 324 3784 10360 13060 7759 3035 9585 13635 3117 8435 8017 234 2685 4160 11042 14960 5494 13394 8292 9019 8711 14361 3686 8744 1667 7994 3969 13686 2337 2892 1436 6967 10961 4537 4319 14486 12337 7786 5237 13262 9562 6437 37 12054 7479 7054 7204 4204 5129 7854 9683 13554 6058 2308 4883 7833 1058 14933 12358 6288 4188 480 14388 1100 550 3905 8850 250 12888 1488 2638 10000 13313 8805 12238 13555 8055 1450 8526 12506 13588 6981 2 1351 3263 12913 11651 8190 9766 12028 10378 12826 6064 12316 12997 13331 14351 2093 7947 7872 10447 7953 13216 7868 3643 7501 14941 56 8816 13501 1540 5868 5943 4140 493 10528 14151 12089 9815 4218 7640 7590 8239 13966 2578 8564 1266 7956 5168 1920 10465 8615 10889 11039 126 118 8243 9147 7456 5197 12364 7753 1753 5128 11403 2178 3778 10051 12626 14231 3166 1015 5881 12423 9906 1796 9382 2682 4102 796 9977 5196 13623 302 4232 8332 12657 8171 9007 327 2482 10882 14723 9727 298 8448 8902 3077 11482 12823 14048 2277 5477 11452 
3449 10749 3199 1099 1284 14724 9159 8734 7559 8099 12584 5199 6359 1484 1874 14110 6209 260 6992 4310 6085 14792 5260 8610 7817 13311 9236 13111 5467 14561 3011 5611 4986 1519 10011 6017 8211 12719 5217 2137 1569 3012 12419 8144 4519 10669 2194 162 1137 14262 1337 1062 8154 9037 14779 6254 9729 1454 3754 7604 304 9108 229 13333 13358 10008 4133 12738 3533 4158 4325 9100 7325 8863 8563 8388 7930 13233 7880 7538 9305 7630 12775 10038 3938 2650 14338 7763 225 11288 830 12181 2453 1276 11672 6990 6976 4039 13381 13943 8289 10395 4889 4790 10291 14365 1495 3916 4620 495 7926 6365 13043 4876 9706 12314 3689 14516 322 2813 591 12320 3676 6690 12939 7978 7290 9995 14289 9589 12293 11814 14493 2239 5689 12420 13072 13689 7168 5745 2401 6731 11340 6231 2176 11481 12468 11326 1541 7281 4020 13581 11141 2172 9653 2970 10041 10703 11372 4278 11120 3856 5390 10781 2146 10857 14582 11652 13639 571 4946 6857 10982 10273 10348 10557 13846 8757 7846 10723 4696 9148 9182 5571 11398 9377 2421 3657 5723 7923 1021 1852 14382 1827 9573 
7149 174 1234 10624 5999 9759 14784 5109 12459 12109 9484 3285 2659 11959 4784 567 13535 14224 610 792 10610 12410 13342 7710 10560 2367 2667 11235 917 14142 9169 12367 11292 10169 7944 269 10411 13211 8186 8369 11619 2944 1786 4861 11011 10719 7794 11761 5962 6537 6387 9912 8912 14411 7587 6479 2954 6454 10004 13429 1054 12579 13854 4558 7058 11858 5983 7108 7608 6988 6275 2325 9313 1130 10675 10380 2163 8950 6588 10238 9900 8555 2438 13955 8275 3688 12925 1863 12430 14738 12350 4064 14045 6656 8376 6045 7801 3553 14765 9765 5120 14364 8678 4822 7339 2526 14766 2828 12053 7889 14322 6551 9266 890 2041 13695 11445 10976 2528 8389 8401 11953 10103 7822 12328 6170 9993 2647 5914 3351 7566 7076 12291 9040 11820 10226 13339 6328 5747 7706 13197 14865 1020 5316 7493 11381 4147 10620 10991 645 12351 947 7915 95 14243 14722 8097 1095 8628 5170 13765 3168 4022 5996 9646 13021 4877 11897 8802 3902 2227 6477 8302 11632 10548 13023 10796 6823 13402 14446 11207 13446 13321 9373 6396 1407 3602 13196 8198 12746 3802 11902 5877 14498 
6624 3374 11409 10299 3334 14699 74 10949 6424 1459 10609 2960 6485 14634 6434 3560 14760 7810 4610 1835 7110 12067 10392 2442 9692 13467 6994 9260 9667 11644 10369 13594 5836 4436 3736 12386 13811 11686 13794 586 9494 2069 12911 8537 4586 11236 1687 13887 3869 8237 7387 6137 7954 5779 12537 11804 14437 1579 13108 6983 13279 6404 9058 12133 3183 4433 8558 3508 11283 7800 2675 14305 1138 9080 8300 13450 6375 14125 12513 6363 9805 8713 8263 7955 2275 1600 1438 8230 6380 4313 2580 7455 1356 6718 10391 7189 795 443 1353 951 13495 10601 14651 5003 4597 2926 9989 13965 9045 4347 6389 10545 7806 5716 247 4247 3690 14518 9964 10156 13272 820 506 6868 47 9228 7964 14490 10290 5126 345 7470 10803 6943 10026 14089 13439 10303 689 2206 2545 10701 1165 7689 581 9739 12566 10840 10551 9820 10989 3514 11020 5731 13864 6841 1522 2820 7716 841 5070 13978 4289 8403 1453 8177 9857 877 73 8807 12546 8202 3598 14302 14146 12021 13848 13248 7227 8982 2173 14277 12677 14771 6448 13721 246 6682 13502 11732 10948 13673 8932 14727 11877 
3649 13009 9899 3899 4874 8199 8509 12674 3009 1 2599 11385 14360 9760 7359 7985 2684 12335 8559 5935 11542 9259 11067 12467 12660 2060 3492 8417 1067 8692 3344 7211 13536 8319 14686 9461 13036 13969 544 10686 12569 5087 4911 8062 6219 13537 3461 13937 3787 5187 10212 13737 6512 10979 6737 5212 6704 8204 14033 12979 5083 3979 11458 3658 4458 8733 2733 14833 12505 9125 6408 4355 6900 11863 6650 4600 13800 14930 12705 11850 5050 10138 2088 9413 6263 13838 9913 2513 11938 1755 10730 1372 6856 12520 1241 12545 789 8689 401 13928 14797 13389 14545 12976 6413 8822 3295 1681 12656 6589 3720 2939 9168 13191 3639 14601 893 3376 8820 13416 7931 6678 10678 13265 7264 4578 45 6215 4093 1626 11245 5256 3015 8918 6228 14940 1264 2872 11701 6570 40 14389 7791 6101 70 1606 5653 9591 7101 13631 7065 8665 12853 10790 13015 3091 3543 1265 770 3272 3378 7027 13003 898 3621 1573 5757 8782 10021 2548 12073 2198 9473 8482 5952 1207 1546 14023 9057 12752 5832 382 1496 1382 3827 12496 3402 1132 3323 496 9502 5948 
4399 13599 10924 649 11584 6799 8649 11309 10249 7534 8709 11034 4659 6124 6759 6634 11460 5710 3442 11909 2535 2909 11935 13960 12117 7542 3444 11267 2042 8269 14192 10592 9717 2492 9867 6369 8969 11086 5711 2661 2917 3994 11961 5861 7861 9062 10087 5287 7912 13787 687 14537 4804 11404 5404 5279 7454 2104 379 13729 8158 8058 12429 11133 14183 1379 11733 4258 1808 8425 4438 12780 11450 12975 9550 13200 13000 8788 2680 2025 11138 6680 3138 11013 280 2530 2588 5088 11325 513 4830 14700 12747 1656 11713 7328 9115 6295 14705 13945 8297 11053 10872 278 9716 6791 8618 9772 12051 6701 9553 3141 456 3581 4114 13693 264 14770 2431 5918 4541 1489 5920 5822 7170 8397 3768 2415 9264 12543 3928 8265 816 5453 8947 6193 14595 193 12318 2418 5345 14239 1864 8345 6445 14606 12672 8439 8015 4693 3764 7431 10570 7293 8991 1006 3395 6326 11839 1343 1703 9920 1715 1582 8648 8657 12098 11198 4452 13827 5046 2098 4621 14273 4377 13096 12271 12927 4998 7271 14607 5427 12227 14821 14707 14398 8771 3002 3221 6273 346 3173 9627 8721 
2149 11474 3574 4424 10524 8124 3135 13310 1974 10409 12434 10259 10535 9049 1985 5785 11434 1434 10085 4284 1384 7217 14235 14092 1217 4235 14517 9210 392 9686 6092 12061 10386 13144 8411 6836 6586 5236 14812 94 13294 10769 2867 4236 10061 6936 7562 14087 4636 10487 14137 487 954 8504 9087 9504 2087 11704 4329 10383 10808 9233 11983 11483 3383 12108 4733 13733 8083 4175 8180 10805 4113 1813 11430 1205 4863 5580 6450 11075 10650 14613 14400 11063 5855 8630 9663 525 2180 1788 12197 2472 1375 11963 11426 755 4556 11976 6031 156 614 2478 14656 4497 6666 1156 2565 3439 4240 7181 6806 6556 5541 4528 10828 4441 12820 11097 10489 8491 4540 10947 8281 8845 13814 11226 5266 2414 14216 9856 2028 10345 5695 10441 12414 3640 7114 9747 14691 7740 2776 12256 281 7378 14503 3093 14072 14290 4531 10139 8106 2365 10197 11422 11556 5191 11514 10106 568 7695 11906 13993 13247 4089 6401 6027 7807 11273 2823 6418 13182 5698 10657 10473 12102 14046 1921 121 13252 6802 5357 5232 2698 10102 9582 13948 6382 14757 6427 5821 12446 12748 3502 2632 1452 6607 
2974 13424 374 5749 6609 11724 12134 10974 11559 4984 3084 12510 13385 7010 14585 14085 11560 11417 2260 14535 13392 2117 1942 9384 6210 8117 3111 14161 8492 14019 10144 336 10986 6561 2686 5761 4336 2462 5736 12644 14144 2236 13861 5069 9962 236 11262 14837 3861 8379 12412 5862 1612 4 8779 9254 13583 12704 1683 9133 783 9008 1408 5654 13458 5458 6713 2508 2550 14405 705 9225 8938 4425 4950 11513 4130 2930 3900 7605 11363 9655 4725 5888 25 3355 6100 6613 12740 12622 7481 10655 6278 9290 6400 13141 5380 9118 10581 6647 4915 3497 876 10295 10276 720 10414 6218 12006 3216 13270 8206 12065 11928 11539 6665 306 4616 7526 12790 2390 8018 941 6241 8164 7643 5870 195 8990 1290 14391 12497 3228 13418 13668 6256 1443 12397 13195 11106 12368 13914 11378 11720 1503 9570 6916 2856 8143 5447 3878 13022 9816 2056 968 14706 4715 2193 1506 13157 11982 10532 13723 4898 4107 3148 7198 10446 4521 11771 13727 8346 7502 1152 5032 1171 10257 4382 5846 10996 10748 13032 5302 8052 14702 5773 3332 12646 1302 3573 
9699 13924 7649 8349 10799 1799 99 9099 8159 8959 7659 11360 909 4574 4309 11310 3524 2484 13084 910 10260 12892 8867 6060 8317 7442 5567 9192 2942 14342 10492 8217 10667 7836 8444 10836 5311 13786 9519 12319 3944 4269 14544 12512 11787 8512 7662 5412 12737 3429 10912 14436 3512 14862 9283 10804 2204 2304 10754 10629 5333 5854 4479 1733 6258 14058 2808 11558 8483 430 10150 5013 7300 2988 6063 11600 10338 13625 138 8100 10775 1805 5875 9930 9475 13950 3605 6513 3505 13425 6888 4530 12863 797 14103 8272 6640 9801 1653 5372 6040 14547 489 9053 8543 4026 2572 3722 2831 10865 13101 5970 8790 4881 7243 1616 3731 10651 9901 10490 8391 14616 472 6772 10539 12753 8365 9341 8040 503 7541 9093 11140 5268 11970 6468 14278 6518 1222 2151 5195 13728 7216 297 8553 10793 14614 1720 5039 1016 3601 10178 6618 5818 4756 10164 943 5439 7715 3528 6120 5491 6320 3953 4182 3668 14532 1677 7073 8477 1532 14182 8446 4596 2207 14521 13073 8577 6852 10677 9821 10146 14927 4432 6421 14671 10902 8971 12682 3246 971 723 11348 11407 10496 
4774 9174 224 10134 1524 11784 2559 11059 10009 3884 14834 2424 5934 10860 10634 10809 459 384 11610 11392 13942 12834 8460 9542 6685 7067 4142 8886 7969 14542 736 7694 4411 8837 4194 12169 1617 12486 10486 8887 886 2061 11144 7869 1967 6161 9719 10012 3962 7237 9361 1394 3762 12879 5429 9054 1729 3779 10858 4087 9979 9629 6104 10908 3333 3033 9258 6608 4308 9833 14508 11975 13708 9838 13325 3325 5605 5005 3738 11175 6925 12163 2150 12388 3225 6330 2380 5030 11180 3525 7575 113 14830 963 4256 9120 6043 3155 2788 5353 5370 12172 7022 13476 10697 9697 2328 5364 206 14551 6901 9547 3695 9566 4451 6970 9691 1618 11003 12541 4681 13356 7468 2795 731 11122 4303 6693 6947 2781 1940 8993 10791 8468 11776 5926 3240 6172 13981 1553 10478 6716 1918 9389 3622 5820 11001 13815 10116 2920 5756 9445 9201 12831 814 13866 5178 2522 2672 9439 5903 11345 13645 1340 543 14566 4357 8445 4777 2871 11546 4652 12527 9971 1323 9252 2646 1902 8548 7971 12457 5157 10382 7802 13852 173 6532 14548 12046 8732 7202 14073 5977 13523 7648 11998 
7224 12724 2349 9074 5899 7374 10399 1084 5134 8699 899 5984 12810 485 3685 7285 3385 11859 442 1992 14935 6617 11467 9085 11017 185 4992 8261 10717 6186 10886 969 12711 13886 6569 5419 7986 86 3886 1069 1194 10761 6511 4011 9094 7937 13037 2562 8362 14237 462 6319 712 6087 10904 14079 8662 14254 12929 2179 7354 13208 808 13183 13983 3883 408 1225 7030 5355 10080 14130 12200 8905 11005 2913 10588 2155 6155 5625 12713 955 1700 1563 6113 7100 388 14850 4900 8838 12425 9480 4045 9281 726 14500 9528 10713 8895 7553 1695 5122 9676 10390 4997 3914 4595 6214 7878 2301 2622 13251 1914 7914 10822 1531 12940 8390 9170 13906 2247 53 5581 12081 7289 10243 14222 1801 12201 8722 5839 5690 2931 8228 7351 13989 1565 2016 1943 1153 8090 1551 13276 13226 10714 2639 4081 3389 8522 7841 7664 6866 14141 10070 10764 3318 10990 10318 4014 1093 8406 1723 157 1396 12671 1403 9552 5702 221 9721 3448 202 10546 11427 5648 8227 13257 6757 2773 10302 13221 6446 13923 807 12348 12498 8146 11352 3948 14327 5898 3652 
7524 14124 8899 9199 1749 7009 2434 7934 134 1884 11585 3774 12309 13110 8735 10559 11110 1460 3785 12517 1242 10367 6935 4967 11992 10692 12567 11817 6542 12317 14794 2017 12136 14286 119 7294 4344 12986 2261 10511 10494 14562 10311 1011 194 13137 10837 6587 10661 2086 8661 10312 8812 8137 12029 13604 12154 9479 1204 1879 5729 5558 3733 12733 3908 9483 5733 14638 8525 14030 12600 11488 10125 6963 6705 7580 9600 14608 5905 900 12530 1930 1900 11088 6125 14688 5055 3530 2188 12191 6313 4150 14047 1666 9195 1226 2266 6293 6028 9928 6426 6851 8201 12156 6756 1140 11253 9943 4766 12653 9556 9972 6689 11216 7565 13801 10876 11428 6847 8951 13345 5431 12866 2989 851 9145 9990 14295 5751 1603 8878 8466 7120 10043 8928 4301 13997 12690 7768 8728 10203 2815 9303 3745 2203 12840 8341 10453 7718 13922 11853 8078 8641 6928 3014 9220 11397 853 3797 5670 10966 3256 14823 5418 10377 8382 9927 821 871 9152 4802 4907 3257 13802 13007 14746 12896 5446 12902 4973 11332 13148 13346 123 1073 12232 11773 3546 10977 4002 8082 8798 
6999 1424 8249 11524 11049 1849 10599 159 9374 7634 5009 7424 6084 10709 8459 14684 5110 160 12759 10059 4135 9209 12435 4260 10810 6492 2784 8560 7842 67 2469 3119 14169 5344 942 13344 8719 14369 11786 1319 1719 3036 10236 10911 14061 12044 14236 4794 1844 6417 10117 3544 2736 1769 11062 112 9986 11037 10787 5137 587 12237 2512 12079 7787 2254 1504 14612 10204 4254 6854 9704 10133 5783 5308 1533 2883 6958 10850 14113 9308 5208 8480 6013 7730 2313 930 455 350 8025 8930 10263 5925 10705 1425 8038 12555 7775 12405 14463 3850 14230 1305 6830 447 1780 9545 12001 14640 9295 9343 4951 13614 11876 13206 8478 8041 11978 11089 12403 8156 6740 6528 9626 12226 2990 14515 13116 6128 395 7939 5089 13076 220 12072 12478 10901 11295 6522 12970 416 13590 13878 5906 5143 2097 13766 145 14203 8295 14276 6876 6106 9451 3706 11297 8622 14466 3518 6745 6431 11476 8014 12343 5247 2393 12847 14572 2640 4716 9522 14831 6306 2216 1078 9878 4514 1706 2116 12641 13231 14891 1406 2297 13795 14578 13456 5478 9895 14270 777 427 5481 8623 773 7177 4177 5873 5548 11202 7457 14477 3371 9257 14432 9448 14007 846 7552 12407 13327 652 798 11677 823 9623 13121 13973 2152 1002 4346 8882 7427 7607 1548 9402 2857 14107 14732 12623 
13674 4474 5974 12999 13824 1499 5809 14584 8534 14674 7184 8385 7584 7685 7099 8284 8909 7335 4385 2884 2584 6260 4817 9942 7585 5060 6717 6635 14485 617 7511 1092 14842 13567 5067 1167 5386 6669 11162 2561 11494 5986 4761 6844 5594 1061 8236 14861 9337 9994 5869 311 6262 1737 10262 3487 7887 11937 14219 13004 9444 9229 2587 3054 3379 13829 129 4579 2779 10083 1283 10608 9404 1308 8908 2358 6858 14433 4079 8605 4430 5150 3750 2230 10075 4738 13500 4288 10938 3638 12988 12275 6955 850 7013 8225 4675 12588 2288 5755 6225 3600 10738 663 6238 10081 11653 9775 9122 9939 3830 13541 14522 10370 13491 5565 9345 8001 478 12101 7476 12326 12003 7672 3715 3241 4581 4340 8220 3845 3131 6753 10943 7393 4651 6428 14603 11114 2953 6747 5315 14618 4743 5270 10606 14856 4414 1341 14868 6743 5241 7520 12789 4640 12715 1978 11365 3997 7818 6189 7314 11364 9578 8853 6853 1253 9216 2641 4720 10522 13453 6081 5889 7722 3068 9918 7306 11622 4968 12366 14851 2665 826 9490 8422 2290 11915 8447 3970 1971 9982 13018 12007 407 5502 13477 14321 14523 507 10332 6432 8257 9282 2702 348 10523 232 7477 1257 5407 13423 6807 7671 14373 6227 13282 6502 2546 2402 6157 98 8002 6746 5498 14427 8948 3152 398 5582 
7274 2574 10024 13659 7474 7549 724 8474 1624 8449 9459 2259 10885 12009 1359 2159 11934 2435 5685 3885 6009 12260 7317 2967 7860 13592 10917 12235 11567 1760 1294 4117 992 9035 2819 261 7561 9567 7886 3486 13936 13619 7512 4219 14892 3844 9669 12236 11537 13411 9811 4644 14719 9887 7411 6311 4161 10237 4354 8587 13287 762 11762 8987 6237 79 7229 4729 7529 3083 6033 7308 958 5158 1133 9508 9608 8933 4238 9150 10800 4730 500 3650 12013 14680 13975 5750 9450 3080 2038 2805 9255 13680 5175 10089 13130 5950 4500 10095 7163 1405 8663 10 12614 4028 881 4893 4031 9178 1922 14066 2728 10870 10801 9251 12231 2497 5866 115 2706 9853 7397 3703 315 9165 11601 12476 7603 3726 2972 4341 490 1622 670 10841 7297 2897 2764 101 5141 4745 10445 10616 5814 593 143 1514 2128 12591 12722 8581 1953 31 6965 11368 10114 4947 12070 1641 11276 9128 3816 2631 3320 7620 9814 8768 1539 14428 181 13872 3072 5939 1001 10220 14256 1640 12581 11947 8453 11118 9790 1791 751 10953 9366 14102 10506 1682 14782 13466 5352 14652 4271 10371 9557 13202 6057 14071 2307 6348 4957 2332 9798 13732 6082 8596 7852 596 2246 6927 7546 14152 10757 5507 8773 9682 1277 13771 13277 12396 7723 932 7582 3527 10052 1777 5198 
9299 8524 8424 4849 5024 11274 13184 8149 5784 4434 7909 3249 2509 9509 11785 13885 8209 13609 810 13760 3317 9909 10309 5885 12010 3136 510 8517 8342 3235 12194 13735 1660 8760 4792 7592 219 9736 10894 11061 3817 12119 3794 10919 619 14519 10211 14136 6287 7312 11412 3561 10337 9711 6662 3087 6119 987 8619 1087 512 7537 12312 8054 3612 1662 7329 9579 7729 12479 14929 5029 14683 4958 11508 8979 8825 12258 14954 9983 1708 9858 13213 4388 1250 11080 7725 10438 12900 10605 7755 10305 7113 10975 9638 4000 14300 6255 4925 7713 3975 12750 1338 13550 11640 3213 12522 11555 11438 889 6801 11801 10293 4253 3176 6478 5501 4751 4326 9430 10418 7739 7606 10806 3191 13041 403 3906 2891 10440 13115 12540 7918 13870 4870 4476 2081 12797 3826 1991 7789 11597 5245 13239 8347 5445 11691 14168 13595 4293 7441 1091 8766 7628 9728 10615 10797 1903 976 1990 13803 7903 13091 9778 8131 4295 5890 11528 11716 4941 2143 13153 13840 122 12828 4866 5028 965 11689 9206 6103 815 343 12093 13703 2122 5897 8076 14881 1345 3790 13772 1390 4703 5073 11432 11715 7023 13877 10577 7573 5496 12302 7048 1148 9232 7571 4632 2352 4157 14482 11396 10827 11027 11502 11648 6898 2627 13448 6196 6007 2127 11907 10407 9357 13227 3021 12632 11257 9407 9923 9777 9323 1632 
449 8049 6499 4149 14399 9424 7984 2359 9724 2135 3059 12559 3609 4810 5385 8784 335 4410 7935 7535 360 10410 12735 3292 10542 14817 2817 12186 14610 5292 2235 12917 9142 9992 10517 14111 717 4661 10994 8736 1686 7919 11044 5186 13312 1336 9287 3661 12586 1836 11312 12369 6037 6736 6462 2387 13711 13487 8287 13637 5329 9862 1837 837 1529 10879 7929 12183 10029 14654 733 3604 14458 11229 6483 12958 12658 13933 10633 13783 275 13305 9050 1075 4708 2250 12663 10825 10700 1513 8500 1538 2388 2755 9388 1530 975 8575 10030 1980 7550 9455 5675 3347 12400 12731 11680 7139 12193 12164 11781 12041 13366 14920 9720 13013 8691 5326 8181 10253 12781 4241 5078 153 741 578 10914 3045 8965 11606 556 7989 8981 4343 378 9381 165 4390 1631 14943 14220 11678 8926 11497 5472 10466 2681 6964 7166 7276 572 4297 12864 2753 7222 7551 14853 12795 1528 5051 41 2591 9670 5993 12768 5072 6840 6864 10768 14945 1826 12218 2195 14193 4839 10339 1203 9881 4845 6116 12247 3791 4090 2803 6406 6090 12595 10628 3798 9640 2053 1652 4352 11718 7007 1821 11748 5482 2032 5432 7752 10396 11782 8432 9132 2973 2848 3548 13107 5982 7871 5082 1146 2223 7548 11127 3921 13773 8398 14802 1232 6327 5573 13223 12577 11321 13173 3777 1671 6146 14177 
8849 14099 7574 12859 12224 2209 409 12034 2549 1534 10984 13434 10784 5459 8109 11199 8335 2384 12959 285 12685 3234 4110 9017 9167 13511 11169 5392 7292 8011 692 13360 6592 10344 14786 4469 10161 13694 2969 9069 1544 1561 911 2161 4211 9911 394 4136 6861 13261 14494 1869 1937 7637 1412 14762 9386 6837 7737 11962 387 2129 10329 4012 5537 12329 9879 14829 5304 12904 10358 9779 2133 8308 5529 3158 8754 6583 1208 10525 12408 2783 4750 8830 8658 2538 405 2200 10025 11213 14855 2555 12930 10425 413 1288 980 5305 9700 3038 12463 5063 13638 3013 4630 11563 14588 12616 778 9056 12945 9363 11738 12793 6643 9788 5515 6068 9843 445 1926 14176 10481 1526 14306 14393 5001 4001 4764 4439 7747 7478 10428 2765 4376 13540 1931 8326 3864 7547 3041 464 5865 13170 6397 1639 10306 2156 5590 11290 1326 12278 10216 2740 9441 13990 14378 7564 1928 8276 14240 4847 2651 365 9590 1589 12214 14381 5593 8072 7531 2170 3214 116 12570 3078 2656 9615 2420 4953 10964 5456 9666 12365 3322 14720 9006 966 1789 4282 3007 732 14221 171 9882 10932 7982 7146 1596 1982 2252 1732 11421 4757 11548 14346 12002 3957 12996 7446 11371 8907 7071 4721 632 10323 6223 5523 5652 10777 998 13702 12202 757 7632 6846 3273 4927 12552 1446 12523 
1249 4374 2124 5724 434 14199 7484 7334 11459 5074 3949 14874 5834 12849 7884 8359 8842 12610 8934 5735 9292 7660 2035 1885 7785 3067 7017 5692 10042 6310 13167 13386 3617 6267 1236 2711 5369 10394 3412 344 7092 14642 861 7386 5744 9617 14936 9237 13636 4386 14012 10069 962 4437 12137 12612 9754 9112 9462 8562 2762 4694 11504 14154 8029 5154 13029 2429 7279 13254 11954 13308 9304 8508 9183 2158 11150 9658 6683 1608 7480 7675 9725 6863 3430 10463 8188 14088 5680 8330 14155 5225 7513 13725 13175 5630 9955 14063 4250 12088 8413 1055 13763 9197 10376 13539 1031 13 7389 6993 7976 714 6516 3565 5106 7326 5281 8301 1026 2915 9068 6131 2997 10415 1591 14093 10853 6506 6018 9476 3026 11940 6176 1945 12490 8089 218 12766 7845 8506 9043 13514 8945 2626 7543 9395 666 4691 5306 2395 10995 4695 5981 5226 1114 12843 7781 9731 191 103 13318 4091 9301 12928 39 8020 515 1841 10045 6601 14347 4828 5139 3368 9789 8997 3170 1256 11620 13168 13714 2118 1718 4076 11765 140 8507 14564 14956 4023 6627 9102 3307 2148 248 2796 7727 5307 3098 13471 9221 14846 3702 2527 3996 4507 227 11182 11082 5632 3373 948 1782 5732 8723 11298 102 11671 10521 9648 9207 7221 7046 7357 3048 10702 8021 12398 9946 
3324 10874 3074 8974 7599 14909 4124 2824 11484 3224 8884 4209 2460 2874 9624 735 8860 5335 13859 6684 9885 8684 5835 14385 6535 8285 10142 12217 860 7410 1286 9642 3319 7467 5642 7186 1342 2311 14942 7636 14617 10567 9961 7661 14735 4886 13836 7236 8767 11711 6869 11861 8494 1894 2637 5362 12536 3261 6236 5669 13762 5462 12562 14004 13579 11454 11158 4429 2604 2979 7904 8183 479 14008 9808 10054 2758 4608 333 1954 11638 1183 11683 10600 3075 9288 11155 8050 13405 14150 11355 8505 888 2280 13413 13713 5363 5988 575 1013 6805 330 11550 8125 3103 3438 3115 6075 6405 4553 13700 11588 14101 9116 2564 7291 3645 14668 168 6490 3647 7616 8714 9078 12891 13253 3743 5441 14053 10695 2168 6968 2566 3178 10245 11420 7231 1876 13739 6303 956 10118 2645 8489 13172 11418 10165 453 5041 12378 4547 514 13706 14714 8066 6441 11553 228 11616 2318 4131 6456 13440 1803 11993 11193 12628 5189 9870 6301 12870 7503 10922 8643 12493 6114 2576 1116 9606 3843 7991 6164 10664 5526 14870 903 10731 6181 10981 1795 1648 5414 1415 7371 13598 11596 4823 6052 13671 2477 1477 5346 7032 2398 9698 8252 12121 11673 4048 13821 1307 7432 7148 5621 11073 9223 2677 996 6221 5802 6496 2521 1571 4298 13332 7398 7646 12507 3282 5223 9898 4682 9032 
3424 11674 3399 3699 3499 12349 8374 12809 13059 9999 5959 4749 11249 7624 3959 6560 1559 3549 6059 11485 9834 7609 12110 2059 11960 14310 1785 3017 6160 3419 1492 3392 12292 9244 10767 12819 2860 14594 211 7042 1411 14094 4917 161 3242 5719 14086 486 3961 3169 12594 8586 6386 9819 769 4019 8037 4169 3586 412 5937 6411 12937 13244 11137 7304 11187 3729 7412 4404 12854 7979 2862 454 12754 3704 258 11608 6183 5233 5883 11708 2408 12180 3580 5600 8913 3100 7475 2213 14655 7400 7613 3775 12938 6463 7450 14380 4638 14863 5025 2938 8063 1880 6205 14580 9276 8750 4047 14040 838 897 8739 10401 13901 14406 531 3301 11065 4891 4197 5151 2326 4447 8989 12770 5568 8343 10920 9997 4914 7965 5965 656 3741 564 8514 10681 10868 4391 1628 939 9806 6739 4622 9841 7928 2303 7815 2089 8370 9564 5056 10040 2514 7353 13278 11818 14815 14840 14768 65 12956 14293 1593 13956 7995 5503 7814 7720 14543 11356 11191 4765 11751 11903 6270 1972 7320 870 13791 8516 12878 14465 5916 4418 10753 14245 5181 11331 9365 2423 9757 3346 4532 9598 5382 9523 9327 10807 6202 5946 3132 13527 9702 727 14573 10182 4046 9532 8421 446 11098 4977 10373 6798 11246 8007 10898 13807 8457 1877 7798 6177 8871 2923 7657 11377 4098 14227 10032 8632 11727 
574 12899 7999 7199 14074 3634 2674 1274 13624 3359 10909 9884 1285 3484 5510 13249 13585 11060 14609 11085 1759 9767 1135 12160 6467 3342 4467 342 885 2717 1610 5535 11886 12442 4285 811 8869 7344 8036 1944 3694 6719 9762 2669 14417 1119 6811 11136 1594 8387 8094 8786 836 13337 4962 10462 12179 1512 5919 2454 4337 13437 8644 1979 5554 10454 11654 11629 14329 979 3433 13629 5608 10333 4058 6433 1158 11208 7233 3208 3683 11688 5700 1738 7188 6355 11305 2080 625 2030 11475 13913 2950 5350 3413 12855 11400 5538 6875 12288 5163 14255 7213 13963 11913 4963 1731 12503 1330 431 7147 8695 4041 5553 1966 2445 1745 7906 12128 7465 14131 10864 4739 10289 7651 13401 13947 2826 222 12890 7865 10497 528 2947 4322 468 4601 13681 1601 12718 6470 2697 6143 8906 11956 5264 2001 6931 3989 366 7601 4226 2689 7122 14845 6493 8653 828 13293 9018 13518 12097 3691 3606 3795 14170 10341 10706 1778 13078 3031 11581 9668 13291 4172 10328 3945 2581 13790 8368 10918 1056 5543 353 3516 8839 8081 1376 1828 9489 10516 9495 14897 5907 11152 6748 12832 10871 7382 9398 4477 5671 7123 7898 702 13982 3157 2948 1871 12346 5696 7777 6923 5002 9848 14602 7277 9571 4021 8777 3752 2102 13752 8271 4773 8046 9723 498 3198 4702 14882 5673 
8024 3299 9009 5149 5424 3624 4524 10434 199 3999 8234 3909 9334 13935 7859 849 6934 6460 10435 14285 8235 5442 7385 2935 5367 13117 742 9860 11492 5842 4910 5767 2292 9817 7961 961 8044 6494 136 2369 5294 13911 1219 12919 4362 12967 3211 5337 686 12361 4836 12661 14944 761 5837 2312 10569 5687 4837 1487 12487 3937 12587 554 11579 3179 329 9837 14504 7104 283 14583 4658 12629 11433 3958 14083 9583 10104 4788 1350 4825 11163 14575 5638 7405 5805 4930 10925 6530 4450 8580 2013 8775 10930 10855 6825 1550 10213 13230 12838 13980 4225 12355 11663 7420 3855 4364 12615 791 4797 9114 12991 747 14315 8547 11493 5470 5301 2253 10576 7156 4614 3181 13839 12270 9741 9818 4103 6818 9593 6878 11945 11081 1101 4656 7051 11520 11347 316 14281 4868 8995 9572 6714 6865 1989 1103 13716 11939 3020 7691 8789 1293 1968 2091 14443 5231 2870 4814 4214 9156 11239 8470 7451 2022 10218 540 681 7370 14147 3070 3541 11681 4166 5466 3951 1339 14140 10018 8145 2181 368 1316 3397 1853 1281 1306 11046 9406 10728 3232 12921 8921 82 3521 12127 9948 2057 7748 3127 11173 5221 5173 646 2657 14527 3946 6377 982 12773 5396 13577 6796 2671 14921 4127 4473 10798 10582 32 4277 9096 2921 14248 10773 1952 1773 7302 13921 6957 
10149 1049 4549 14149 10349 3434 10834 5609 12974 2109 13274 9010 9960 7210 11167 13984 4435 5224 1609 8084 14167 11734 11367 9810 10710 11285 10167 5117 292 5317 6235 3992 6792 11536 8069 3137 11519 2119 3867 11836 5969 14294 8361 13644 3437 11036 3894 5769 12812 737 7711 1362 3287 1811 6644 2262 11911 5312 7504 4262 7362 13654 12129 2287 4379 9954 14212 6604 5454 4779 8383 5933 11904 14704 11583 1558 1583 6158 13433 6655 7358 5325 7000 14550 5775 12130 7805 13750 12725 3713 12225 2688 2975 7688 9355 7825 2350 11805 14438 11725 4072 9988 4080 7043 6995 6305 13893 1365 13576 9190 12068 5376 7591 6539 5090 4895 3193 12978 7165 8940 8801 13615 8393 9597 1201 701 9081 14476 8366 10347 5022 4728 14001 1143 7997 12972 13816 7540 3206 2201 5253 4956 13118 12389 7626 10039 3995 4445 8140 5031 5656 995 6520 6351 4966 5314 11195 11756 641 9320 7097 6095 9141 2853 8256 12643 4151 8414 147 11603 14972 28 8420 5803 964 5043 2822 1547 2014 7639 12090 2293 1756 5489 3964 1845 12177 3314 5497 3757 1227 9353 4121 12321 7207 8123 10877 11952 2023 6873 14898 3671 9146 14171 2832 9673 12307 11457 7707 5148 3171 3202 13457 3027 14673 10602 10998 11577 10452 4077 12173 5748 2596 12957 8402 3732 1673 6148 5377 
3149 11599 3134 2724 5299 559 6984 13699 299 4974 12174 3109 11999 13799 4674 11699 12499 13334 9224 5759 1774 14134 12249 5159 6734 3824 8659 7260 7734 5810 3834 14560 10934 14910 2560 13317 13035 9242 3360 5760 8392 14884 12867 5659 5092 1060 14367 13892 10460 6510 9560 13917 10861 4442 5017 13011 13292 6817 14734 11617 11394 1919 8817 5086 3510 11594 6142 6469 6619 9936 4186 10644 6942 10636 7936 13461 13717 4444 2444 6987 3394 1494 11019 12694 3219 7119 4594 14186 2411 4717 8811 4619 3469 6336 242 812 6344 7212 262 3737 5911 2112 1712 1537 4086 12836 3269 12712 12912 13719 6279 5987 4787 5079 3912 1437 779 13179 1862 1354 13329 13404 14279 404 2679 9612 13454 3679 8679 9758 8479 10408 29 8454 5433 1933 12383 433 2683 9275 8033 6558 7208 9429 1033 14025 5280 2658 483 11833 4705 1680 3275 163 13300 105 11 9950 7500 10330 688 5288 2375 12480 8488 1038 13788 14288 6738 6338 11855 8163 4180 12743 3453 12190 11888 11630 9513 9166 13805 8826 6645 3500 14226 8075 11480 10563 4068 439 5095 8170 9941 13820 6026 11031 9743 1620 2745 9289 7741 14697 4564 3426 9253 216 6495 6378 8303 4801 8590 14078 4626 5826 11547 1278 11489 2145 13503 10881 5066 13306 6691 5828 176 1003 10265 3803 2843 8915 2115 7615 8047 5770 2251 14376 7778 8868 2866 6151 9718 11143 9378 6140 12393 4440 13031 12772 12693 14772 3066 3353 289 303 8640 8956 381 822 9781 12965 2315 7656 5222 6653 8664 5540 12095 1097 697 2228 1014 4290 12856 5672 8064 2756 1897 12664 12968 8372 9893 2403 2547 7428 5293 5726 12803 9576 3793 6340 8903 6453 6195 4395 11456 7068 1122 7203 9628 11590 9914 5176 10191 3365 3303 14228 12865 14965 11843 13578 9891 8666 10056 12372 14439 13515 364 1393 2516 1840 1090 953 9889 9403 3839 9443 1072 12640 11389 10951 12564 3672 5420 6403 847 14966 2814 8832 12727 13643 11302 7621 4896 14123 5891 3623 557 14796 4323 12082 282 6707 14596 8473 7857 14232 14923 207 3871 4577 11598 5332 13177 2273 12652 7407 7223 6507 11423 7946 12132 4571 2971 14307 2827 1998 11607 14502 6071 8707 8602 11171 7877 8121 5123 13323 8977 5177 257 3182 10152 5007 14296 1071 14207 5527 1907 9482 6073 4471 11871 13232 11927 177 1327 2002 6252 12332 12352 5271 4557 7996 771 7677 6871 907 10973 12057 13596 11896 8957 2582 14132 3271 11557 17 6248 14157 
13324 6299 4049 0 14824 12184 7259 1824 14524 924 4924 2399 4384 10649 10359 10034 6699 7284 2759 12060 14759 7809 12159 3734 13209 7234 6710 8184 4535 4724 6035 4935 7560 4334 12659 110 1584 10010 6785 10285 11592 10510 13519 3144 3835 4709 10109 3642 1267 3692 10842 13767 5817 9310 5792 7667 13019 4667 2410 11335 9417 1367 12417 1817 6960 3294 1994 12886 13867 11511 6461 14210 12611 4969 9894 1644 12019 9186 5636 7544 14069 6594 10537 4092 8012 6242 2036 8461 13387 3112 9561 8819 5536 1161 12244 11587 711 1819 6062 669 1637 8829 12212 1037 13962 362 1262 8611 1562 14894 13104 2412 10129 8404 5037 9436 11529 6354 11237 4529 5483 11979 12104 12437 1387 2929 9158 4129 8579 8229 3133 4504 13508 13533 14783 2383 3354 3933 4108 10458 608 8283 1483 5033 2933 5500 3113 11958 10350 6280 5438 12063 14000 5980 4855 10900 6000 13525 3805 8963 5713 14750 3763 800 4400 13063 12255 1430 1850 2780 11000 4138 1050 13350 6663 3705 1005 2855 11130 3925 14163 1775 1240 781 6675 2505 5330 8625 13438 11950 2126 268 7190 22 13651 10091 9845 4913 8540 8814 9339 8426 76 8245 8578 5440 13264 72 12822 10201 14872 5276 240 3243 9318 4816 6339 10151 2945 43 5953 6906 4495 10603 11866 13268 12881 8831 13451 13953 13895 3416 806 13753 553 12681 13193 5172 9526 9953 565 14301 12678 501 11268 9214 8006 1865 4222 3747 10740 14681 241 14803 9740 2422 14303 4689 8840 8778 1822 6515 9028 8953 5997 6820 10639 3006 11126 13826 13751 4381 4328 5740 6091 90 8045 8114 10215 2320 11695 14016 4643 3545 14818 12647 10626 840 1581 13290 7356 5053 120 539 13520 3603 7693 6190 906 970 6331 14843 13295 1066 11615 5218 7595 13506 370 2806 5990 5190 1064 1595 10015 5768 9497 13556 14247 11766 1578 10072 1970 1866 3801 7840 3531 3670 4503 10020 1472 1314 6915 5495 7843 8443 9447 1320 11393 10643 11468 1793 13357 11764 10972 273 4248 13896 9903 1781 3721 4027 14457 14777 10073 647 11807 8677 2623 9807 10096 10048 2721 1398 10873 14657 4623 3923 6971 11107 14096 14957 8423 3748 11523 6577 10646 3123 14052 10023 4148 3982 9707 10946 8357 5677 5857 7773 1198 6921 5521 12207 3071 8952 3207 96 2777 10671 2946 14932 3423 13646 8857 5902 1857 12973 1621 9696 8407 14623 223 14907 4348 3698 5596 4707 5752 7232 12573 11832 12627 13082 6902 11827 323 3632 10746 2982 2998 11821 1457 9452 10652 3046 
11174 13949 6199 4809 124 14034 4999 2999 13384 7124 6174 4759 7749 4034 8034 11449 10684 14109 284 14899 3384 609 7049 13484 12384 5485 14534 10584 11660 4499 11684 9084 5034 8634 6660 4734 14749 1085 14135 14859 635 12560 8836 4542 8660 6567 8042 9117 6110 13067 3717 12717 12342 4811 5444 1467 12692 3167 1960 14586 13161 667 2542 11319 7742 9344 12736 7219 1261 4769 8617 1744 8794 111 369 9111 7444 361 10269 8686 6317 9511 7394 8911 10294 2611 9036 5894 14319 12411 6187 10362 11637 5886 14112 7262 4611 12794 2886 11112 137 6944 13462 11362 8 14662 14512 5262 3304 3562 2704 12762 3329 11304 12804 3462 429 4162 5062 7554 1104 854 1904 5679 5354 10533 9904 7508 13658 8079 13008 8958 12058 11408 1004 3633 7558 13058 8808 9883 6975 11008 3488 983 533 58 5788 9208 14313 10880 9813 1155 4050 10058 5963 5250 4455 713 11775 14325 10680 2750 12338 3950 8638 5838 5563 1188 2300 2800 13125 8763 3030 12620 2363 7063 4088 7655 9538 3345 11255 3401 11105 9575 363 14801 12763 1855 4613 1747 9605 622 8339 2495 9126 8195 2078 9828 12114 78 10963 10316 13106 5741 10493 14091 9753 7245 8606 1906 5816 4897 9001 4170 10251 7647 12720 7178 1941 9020 10241 7247 14051 4118 8340 5091 1218 9541 11870 2868 12168 4426 7015 7020 6264 7665 4006 6651 4995 2616 13690 13056 11272 12345 7581 12066 4628 4281 3822 2039 2020 7464 3197 13972 6872 2695 5328 5065 13414 11518 10765 5426 9664 10491 8791 14097 2131 139 4647 4128 11278 4545 3890 11941 5040 11770 8781 2789 11240 9418 1916 4831 12764 11803 2397 7678 1081 1068 2140 13851 6318 6553 11901 6447 6741 13164 1645 13068 1268 4153 11328 1416 10470 6620 389 2378 3364 765 1216 4515 8093 3381 9656 10903 7945 6322 11390 13551 14241 14716 10670 9314 5318 2628 3956 7839 3540 5239 11914 9453 14715 1070 11370 5389 5991 9631 9015 6416 14328 11741 13572 13171 9428 12602 957 7 639 13907 3265 1870 14902 13071 6932 12371 9277 9846 6702 3321 13602 10732 10107 11798 46 12323 1932 4498 2552 8796 182 10127 14371 9998 4723 6723 2532 13607 9173 2348 10252 10321 671 198 14496 6048 5746 5971 12698 11252 7082 5557 14677 6982 14871 5252 8973 2723 2621 902 2321 11657 9302 5577 8698 77 4457 802 1332 9632 2096 14571 14632 13052 6198 12357 2571 8582 7496 2732 10132 12871 11177 8173 1896 11646 10502 10727 10007 2296 10057 573 13798 14877 9973 
4824 10849 14599 8549 6474 14474 13299 9959 7399 12449 13724 7874 6184 3849 6399 5284 9849 13010 7834 8409 9285 7384 12549 13134 7510 9935 4884 4460 2210 14234 12035 7709 8260 6885 4960 7635 10985 8759 2760 9434 7160 9985 10960 12310 10760 535 14635 3259 14592 10660 7567 11185 14067 569 12760 12142 6892 13992 3367 3917 7494 12392 4317 11794 9367 9944 7336 1486 13586 9792 9119 5786 5119 6661 11486 5394 9317 7844 5136 8244 12744 1086 6819 6786 13367 5169 14836 6394 9419 3619 12887 7611 2294 11194 12087 7419 7619 8337 10594 9836 8669 5387 14211 14619 12844 4062 3387 12687 2937 4286 7437 661 8254 11712 3004 1887 10194 9679 3537 6112 14379 14712 154 11379 10929 4929 13929 3029 13237 1479 14529 2833 7183 2633 4183 14358 9079 7483 5583 8008 8783 6883 6358 13958 13808 5683 7933 3000 4850 263 5475 13558 9675 5375 8350 5000 4880 4375 12538 4780 1638 3513 2863 3205 9555 11705 9088 8113 7438 8363 8305 13755 11380 13030 11200 3288 230 7263 8755 4330 2465 9888 905 14763 9730 4793 9880 5038 9030 3493 4266 13275 1741 4755 12990 4818 5647 4070 4593 7251 11314 9565 2981 326 8765 7764 3490 6245 4378 13601 7856 4106 5076 8720 1690 201 5966 6020 12241 6781 11589 989 4215 12151 8101 10618 601 920 5428 12220 8568 3678 13845 2772 9026 10826 10420 420 7731 6568 3872 801 4690 13918 2741 13889 11040 11101 4489 13543 4101 7491 5401 12078 3765 1770 14514 918 7426 7881 10422 2791 9140 4606 8772 12431 4753 7453 10866 2316 5201 2006 3040 12272 4143 11366 11281 7443 13014 2076 1556 12916 3865 2790 2743 1901 4078 8503 7990 7820 3222 11045 8465 5464 10514 7214 10053 9416 3414 3593 5166 10170 1643 10770 4853 11339 13095 245 10978 2222 3089 10172 2381 8639 97 13756 9222 1872 3356 3022 4714 13564 3539 3881 13647 13797 14264 10006 2065 5893 3965 868 14345 2452 9795 831 11453 5391 8668 7315 628 2291 2506 1391 6415 6347 2191 14895 1397 13020 11466 2448 14027 13628 2295 14253 3823 14323 4171 9177 12027 521 12548 5823 6023 9546 12707 1098 11573 13373 3848 1427 4407 13482 6877 1023 10346 9657 11921 7698 2132 4727 3121 10421 2927 13746 1873 3532 10927 6457 1498 5852 7823 12877 6907 8821 5146 7121 6727 8182 7598 2798 11682 7323 12673 11448 3927 11946 13782 5796 3582 6552 10907 2107 1502 1252 2048 9296 6557 5598 12282 5771 11802 2577 9773 6671 6077 6948 10398 4598 3673 2807 2357 14148 9371 14721 6657 9477 12482 
5449 13309 2299 5124 12949 3099 3974 784 4624 6774 8009 6709 14359 524 10099 5435 14009 8774 2284 5234 12209 12860 5559 634 1399 13660 410 959 13784 7784 12409 5259 4860 5960 12135 2360 5135 11635 10735 13259 12585 3809 6334 85 8810 2985 7692 3759 14660 18 5860 7992 12042 1585 2217 8967 2485 13669 13042 4735 10292 13194 5892 11544 5042 13944 819 5411 14119 2361 10461 14761 5992 6361 10261 6642 8667 9544 14661 611 10862 12269 13736 636 4144 11944 5194 13286 1144 894 14462 7962 3611 6094 2619 11462 1386 9411 3404 5479 7137 9794 6487 8862 10637 3037 7287 3361 537 2329 2829 1279 8636 7679 3212 2012 1969 12362 6904 11604 1929 10186 4454 1129 11554 3408 13479 13779 8729 9933 11829 5508 6754 10433 12458 6329 8333 10983 8108 2958 10933 14908 13908 6458 9333 13833 13258 7283 708 12783 6733 13575 9780 8875 3725 8700 3563 10538 738 3280 7588 13855 488 12688 4105 3050 7963 7130 7463 6500 763 2238 2000 8980 12280 925 9863 10450 7850 613 8213 10788 9500 6163 14043 6600 13847 5455 12043 4763 10988 11750 3343 12126 6639 5366 8941 14491 3978 6080 11113 5947 10540 14095 10847 8964 1366 5915 6891 14076 4465 10126 2540 178 5706 8490 5566 4193 616 13406 10314 865 13665 10814 651 2040 9770 10270 2928 5347 5339 8416 3620 2553 2370 14528 2306 4320 7445 7490 8753 2351 11981 14056 2703 10145 8381 991 1206 1939 418 8545 13326 4401 3681 10547 2003 1518 6593 6501 3276 10168 5265 114 4964 8322 11851 3740 12966 6897 2922 2520 9965 10028 10572 12489 1193 931 11206 13831 7118 2914 8456 14678 12589 1422 2281 12806 4145 3939 8931 7816 2018 11376 5743 8631 5856 1772 6390 12915 2968 12951 9956 13718 7697 8431 6191 14947 6265 6240 10906 14464 11806 2670 6728 11841 13793 7218 6197 916 11197 12415 5772 7070 10068 7103 13303 14431 14597 1765 6315 8914 1797 9864 7681 7066 11881 3618 4972 9797 6316 14743 1891 8626 3893 640 7056 14266 14839 1847 13565 14570 5215 9639 843 11922 10970 14728 3407 9446 3264 10716 6420 7746 2432 6946 12096 8748 1127 1423 13548 11932 12977 1746 14682 8107 6473 602 13757 1973 4273 12452 3248 11746 11346 6521 3427 12948 9198 13621 9871 2598 10307 4482 11898 9607 8371 582 5957 8032 7673 11077 14646 8823 12827 1798 8273 12852 7948 11277 7882 10327 5127 6123 13882 5807 8702 4007 11873 1248 552 3677 14857 10752 4198 9652 13796 5457 6032 7507 7896 2757 5246 8852 482 6398 9427 4373 3377 5121 2382 7077 8496 6407 10207 10952 4573 
13524 9774 5799 749 2374 6284 13474 1899 5599 13109 12509 6374 11624 6034 6459 5049 1949 1634 3310 11634 10159 2609 3335 2984 984 10124 13809 14810 3635 584 9134 14785 14934 659 1710 3934 14260 6810 3960 14042 14835 3584 11810 6735 4767 10585 9609 760 4067 5617 2567 2010 8844 12492 9492 14767 12942 12642 9294 11419 6261 6294 1911 3644 14392 12511 14011 4544 4517 13769 144 494 12861 2769 9469 7136 13611 12686 3569 13444 14269 61 11811 5819 562 11661 7169 13662 9644 3936 14336 1186 10744 6086 8162 12444 7487 7062 6169 2594 4412 2911 2687 10437 2494 3236 7462 14444 8212 62 13987 7179 14312 2062 729 4654 4912 10287 9312 12504 9104 5704 7629 6054 11204 13879 6579 4029 929 11354 179 1779 13079 7683 7008 10954 7258 12283 6808 5108 13883 13608 858 5183 5633 3400 7758 11875 10375 1163 12933 5858 9580 3455 5505 8175 4280 5263 5 188 200 3913 10480 12250 4205 4213 13705 8325 2205 6880 14055 8280 5138 11755 8205 3375 6005 7275 8813 2725 3114 13080 1125 4680 7414 12580 14563 1830 5797 12514 5880 6430 878 14676 5795 12739 6041 9595 4265 10313 1181 8290 3145 10140 10365 10326 1570 4443 2841 4316 14022 2347 11168 8597 6047 320 12551 4565 13431 11343 2220 9241 1291 6022 4493 5531 13266 8593 1170 12253 5016 13341 10239 11816 9039 8943 2353 7514 12756 466 3866 8266 3051 3201 8215 7151 14713 9715 7278 12276 8551 3651 5678 9414 11572 901 12751 6503 6895 2693 12281 13597 13653 13301 10756 3815 7893 2916 6768 2364 10690 10543 5045 4201 4428 665 7366 4706 12481 6615 5597 12670 6845 12901 11401 13340 7220 5806 3289 3697 6945 5676 8464 10691 5465 11241 11503 9618 11740 13915 6003 8776 5895 14928 13070 1714 3941 9022 3693 5064 2015 5203 10693 4978 11840 10464 13065 12243 7645 3422 8147 12216 1303 6089 14568 13568 6118 10001 2114 9003 2593 1270 9643 3097 5206 3253 9356 6345 1420 14553 1764 9614 5216 3972 3165 11893 6414 631 9915 1082 14970 1352 3327 2046 9603 6422 1196 6277 4252 8296 10821 8157 13207 10196 3648 1696 1027 4921 152 4223 682 13652 5327 8571 5023 9621 2846 2327 10148 11323 12946 4602 4832 3398 10227 2473 4427 3607 13898 6598 8727 8607 12702 7902 857 277 5273 12432 8998 9802 11032 5057 1757 882 9996 14202 9307 1373 11996 13823 4448 5298 10621 3432 5421 1102 832 9396 13873 9496 12221 6096 7957 10173 6996 14952 448 7296 12998 4082 13971 3973 10296 14648 782 14621 5402 11757 10957 7282 
13024 12199 7499 11159 11124 10724 4899 11224 9499 2649 7899 12749 2959 13649 334 12609 1909 14624 3709 3559 14035 11749 10284 4834 3159 13459 4760 10759 7459 59 9859 8010 4584 13910 10199 9709 11835 2234 11710 4159 5635 4367 13435 5909 11759 11892 6135 7735 10235 13210 6835 12092 10892 12992 10017 1717 11117 1417 14267 10792 4217 8394 6767 13319 7269 835 11760 2344 444 5094 8467 6044 13092 13819 11369 9136 9969 5161 11094 13469 11261 13961 4669 9194 13561 10694 1136 14261 4119 12294 469 9217 787 2519 1469 12544 6444 11186 6436 14636 3811 2861 5211 11987 14711 14362 3819 4937 13504 3129 11336 2987 10687 13212 8879 9004 8761 3629 14969 7004 8304 3279 8833 7037 12254 4754 13954 14754 3587 14179 9362 7879 10229 679 8533 14558 4229 2333 754 6908 13704 8408 14729 12233 8858 11933 5958 10258 6783 3338 2450 12483 1658 12175 8688 3555 5530 4800 13613 12155 9588 12025 4550 205 4055 11250 2900 11100 11050 1888 6505 11025 788 13538 8255 2600 1625 6930 14213 7430 12813 6838 10863 3150 2630 9438 8088 680 3163 8105 11700 14955 1705 7045 630 1041 638 10393 14963 2451 3489 1689 5114 3572 1480 3716 8876 4243 5645 9376 8351 2493 7014 3039 14506 9726 14370 10340 12268 5701 13976 8378 4770 13740 14316 7622 14139 11626 14397 1815 10597 2768 9714 7364 11353 1251 8591 2620 9551 7331 12153 13531 10406 8240 8268 7301 8039 6920 8897 3231 8214 11006 9306 13066 9226 14539 9347 13320 12491 3876 7497 12818 1089 6939 3440 7670 2770 5006 6147 8095 4772 10776 12706 4856 14214 14206 522 8222 10564 9095 4206 4389 928 11215 6376 2976 1515 3151 6941 13064 14756 13626 12578 12778 1915 3943 1751 3239 1347 11406 14866 1890 1993 14931 3056 9472 8231 8972 4522 8065 13516 926 8116 6314 11931 13865 11739 5164 10190 3372 7993 10766 12295 6814 1868 3418 13465 3739 11828 3895 695 11916 13701 14456 10672 9322 2278 8068 9501 845 3664 13640 4406 1451 1418 7614 14445 12553 5415 9506 1322 10656 11723 10320 2189 14964 14190 2957 12502 2373 8873 12572 873 923 1727 6732 11196 10647 1432 8196 8696 1271 13957 8057 2498 12648 402 11582 13271 10223 1721 6821 432 10123 9677 548 9827 4748 9227 3096 3298 2396 4146 4327 14471 8471 12382 8746 977 7771 6752 12848 12196 5021 748 1202 377 7557 7521 7782 10027 7448 698 3932 27 12296 1946 848 8898 9796 5646 14946 14827 1057 4496 9671 5152 4698 13532 8077 7827 12448 11023 7096 107 4257 10627 9507 1702 8923 7396 13627 9273 6357 8148 8073 
9974 9124 7349 5774 5474 9524 12599 599 7134 3799 2849 2174 8799 9549 4059 10574 12185 9674 5709 359 8599 11410 10224 6534 14974 11535 759 1734 1784 12359 14184 11284 3984 8134 5610 12910 4035 7060 1184 4985 12935 3160 2635 9967 1360 4634 4510 10485 6959 8585 8910 167 4085 2842 1542 7917 3042 9467 12960 8861 1567 5142 8894 8367 10617 11386 3286 8536 1792 12869 4419 11442 1867 411 6919 5361 1044 19 9661 4894 2569 1211 14967 5461 13269 5319 10044 13242 13012 13994 14311 4111 11736 7761 3637 3062 6744 3369 14787 7586 12062 4711 337 437 1661 2744 10612 2094 11837 5112 1212 11687 4562 4212 2162 14419 5661 14736 8004 2237 7862 1012 9329 9412 11779 7804 6654 9529 104 904 2529 8929 6554 10479 3308 10779 9854 11058 4904 7579 829 558 1983 14854 10833 14133 14483 83 14333 2608 1433 11383 4983 683 133 5133 14800 12583 12880 9925 3300 2700 1363 7175 12150 10163 6580 14280 14205 1325 4230 14488 10750 11500 100 3550 12638 5213 12113 4775 4013 7355 3450 5513 4955 7280 3838 12300 11813 3588 12805 11838 790 14825 1588 11151 2468 14643 14914 11730 12176 10364 5790 14664 20 11526 9751 3538 10368 1168 7951 10372 12438 13040 4431 1047 6141 7916 2391 14875 8518 5443 3495 5488 4306 4665 7972 11693 891 4393 8890 6247 266 10614 3626 3428 10331 12341 11076 5131 3981 14172 4672 4478 9268 5718 8253 7391 12695 4670 6881 4981 197 376 13964 990 1197 6115 13203 8603 678 3718 1851 6940 1051 12765 131 10353 2766 6776 8922 8353 4931 1895 8331 4806 10153 14297 11565 2141 5047 8028 9247 5665 4345 13856 10115 5765 13081 1401 7666 6395 2722 13589 10715 1297 12801 7826 6122 12381 11041 11178 1172 13347 2139 6622 5928 4864 89 8031 4203 8751 8976 1647 3415 4003 6272 6226 4314 12228 11566 7690 7003 1997 10195 3306 4415 7847 2416 14739 9014 6439 11395 11889 12851 12440 5989 1465 2666 7316 9647 11890 11895 9456 1466 7091 2070 2197 7447 4939 9464 9401 11831 10743 11731 10077 5397 14893 4518 10673 8532 12123 9470 14189 13166 14740 3452 1482 14807 9171 8673 6771 4073 13377 4746 3552 5602 5102 5098 10571 1948 11977 4607 7002 3277 477 7173 10498 1348 6527 11621 1802 9932 52 2907 9423 13698 3523 13057 8373 8752 7602 7757 523 1173 1657 5277 4798 10648 3223 7927 9048 9127 7332 7452 4152 8552 11948 10832 6271 3457 6546 12248 10971 11373 1832 2346 4446 6673 13296 5921 13198 14121 10246 8127 11021 1007 8348 352 13777 4071 10721 2607 3023 4502 11471 1996 11071 48 
9024 799 5399 10049 13899 14574 5574 12399 10534 1374 8824 11834 12424 5359 8259 13584 11009 560 12909 14259 6249 13574 13974 684 534 13374 14709 12634 9274 1809 6610 8484 13709 509 2009 12192 2734 7435 5285 6234 14335 2285 13410 1292 13485 2510 12817 5985 5460 7235 8067 492 7360 12617 1642 6410 6367 8242 1117 3892 2735 13417 3217 10536 4267 10742 11894 12894 8061 767 11986 13512 5244 419 11867 7644 12667 10967 1111 4844 2319 4394 6711 8286 5437 11669 1444 1287 5061 2536 4786 14162 3161 5036 12311 6769 8936 13162 11887 9261 9937 7036 6612 2812 3687 13812 11087 9369 11487 3244 2662 12987 4887 13304 5737 1229 12637 14579 2354 10587 9129 3812 204 4979 1154 604 11004 13804 7829 4358 3204 529 13383 1233 6204 5833 13758 12808 8708 11258 11108 12333 12083 383 908 13483 1908 6833 5808 13880 1030 4063 38 1675 3425 7650 55 3680 9105 9063 5300 9038 13188 4980 11125 3175 1263 14525 3988 4100 13738 4805 4875 588 1630 5338 8030 9433 3730 3825 14425 12330 11575 2355 14630 12039 9613 1455 7488 12363 11675 6300 1280 8138 11880 441 7126 3888 7390 11322 9400 13528 12322 12728 8165 11997 14451 13676 10120 12289 7795 13545 14070 293 11578 2716 14368 5522 1501 4890 8541 6001 4803 8741 6789 1440 4456 4239 10890 2345 10939 11868 2964 3931 10315 13314 11218 10214 3065 4666 8968 10565 6393 8115 14020 10351 3947 3297 66 2797 12122 7295 7228 4139 13603 10891 8589 13670 3766 7539 6972 7372 11015 14068 6547 12841 10268 8970 6153 5664 5140 718 1572 606 10843 8793 626 728 14156 2120 68 981 189 13853 14166 2918 11341 13841 4422 2443 12091 11726 1814 8616 13316 6472 4216 2368 1456 2166 8556 8672 4722 8128 7876 13916 3595 6268 9391 9665 4926 14814 6093 14690 3840 14441 8870 2515 11815 1889 6266 8003 2595 10322 14581 4970 3847 10014 4015 10518 14341 11772 9215 2851 2215 3665 9518 3506 9645 3064 4506 11768 8418 1516 12691 11614 8864 12631 11918 13768 9422 14890 14593 11845 10698 14447 7089 14195 12441 1523 13382 2221 13770 5403 13470 3482 5473 1282 8098 8671 2557 4807 6173 13127 1771 4857 7098 5827 10607 12071 4321 5323 5371 1096 3227 12607 7246 12582 621 9748 14598 9196 11852 10248 2782 4421 10477 3707 6596 11477 532 7348 12521 12796 1707 11496 2257 12171 527 12182 14271 14971 5027 14896 14198 3896 4202 13298 1927 127 12932 6323 4221 3446 2271 1977 6282 6602 9498 8827 8546 2882 2707 11823 6571 8232 8071 8652 9432 14507 14452 5132 11382 2507 10623 2073 4871 13002 7107 
14049 10549 2774 1999 8749 5849 13934 3924 7799 3749 7509 8674 5334 11949 4359 2709 12299 10734 2949 12774 5309 109 6809 14160 6285 5584 4109 6509 859 3274 8510 8060 6584 4084 14060 4909 6409 1410 7835 7034 3459 184 11234 2467 7142 1042 8984 13234 4559 6917 2610 5967 10210 6385 6986 4942 3336 3585 4892 14410 5742 12519 794 7144 5336 3636 14461 1244 1892 13894 12219 6611 9061 1636 7717 8511 4561 169 10094 3719 7461 11569 5961 12994 3494 694 4044 6011 10944 5144 11936 13187 5512 9486 6694 1169 9162 594 2586 6211 4244 1761 12862 212 11294 13361 12436 9844 6562 5012 1587 937 3712 10037 7112 11862 9637 7762 13562 13154 14454 10962 804 3654 12004 14904 10604 13904 13679 6829 10679 10254 5629 11679 2458 14304 6129 54 6283 8129 7079 13133 12033 633 1333 2533 11658 7458 1508 8629 2433 5908 4033 12188 2488 4208 2980 14105 8375 4525 10580 4650 13858 10413 1925 9688 2475 5575 11980 5400 6575 10488 7050 2830 8313 6525 9380 305 8725 9188 9330 7425 6088 7900 12375 11925 7705 6788 10500 8675 4838 14915 3875 7638 1555 4688 5725 2138 4480 8475 13147 14238 7530 13988 1740 3063 13455 8690 14330 5103 1838 13163 6641 2265 9151 14781 9681 8151 1463 615 2272 106 9213 13881 3828 5291 8176 5405 14081 9130 9581 13397 2543 11451 2165 11043 9065 14489 2045 1022 5545 10439 915 251 10281 693 10166 9090 1893 11595 6203 6966 5851 2231 9539 11989 12418 12576 3780 5572 11416 1176 1976 351 10893 576 4315 6370 1597 864 1491 7803 7853 2268 2690 8966 8851 12245 6491 11864 3728 9745 10131 5922 10189 8889 8291 5295 4141 372 13240 3926 2956 14864 6603 7578 12872 8797 7631 1615 14003 3370 7518 11047 14064 11822 13281 6843 6914 14590 10556 3870 8126 7831 13903 6253 4416 2751 11490 12297 12370 14878 7466 3853 12903 8645 14343 3316 8022 1115 13165 12395 12353 7365 26 12922 1520 10640 10722 12593 13570 10739 9415 2190 1881 9516 9616 9420 2503 11753 768 14889 7093 13228 12556 8016 643 13789 3266 14841 11745 8428 5220 4673 3522 12568 10956 6582 9514 4052 12428 3515 14726 3496 5777 7127 11532 9123 1123 307 7732 12532 13582 9052 5107 1923 9548 11473 5623 8598 12048 252 9023 2298 7498 2602 3421 11882 4752 13546 721 10232 14246 13677 13946 9027 6573 12252 13146 8048 11232 9107 10707 13407 8132 1107 11857 6827 10271 12571 7321 11132 8027 12077 14773 4423 5452 1882 4646 6321 1371 14002 11602 10696 6207 8298 546 13302 4932 11796 14282 7132 8323 852 11446 8646 3302 2052 11971 9002 12427 2446 14552 5471 14223 6973 3252 
13124 13349 8274 7849 10999 7924 1474 7324 3174 474 7249 11384 9684 8224 14249 2024 9599 4349 13409 14284 11084 1235 209 2034 3110 9634 10135 4299 13185 10835 6159 12885 1109 12710 11510 7910 9685 10685 5310 11010 12534 11260 9185 3085 4009 12385 1859 11792 585 11685 12360 14811 13710 8542 4842 9517 3567 14292 2144 7519 4392 6335 12592 2836 2885 286 13119 4819 2136 14911 10444 8161 7617 2636 3094 11069 1269 12211 10844 4869 11119 7819 12561 3194 8436 12842 11561 11219 8311 7161 4261 11211 10736 11969 8594 6686 7111 5044 2044 9687 3337 7594 11387 2244 4311 5612 2212 10162 12162 11286 6636 8962 9737 13912 7987 1312 13837 14804 14062 4094 6979 10119 12454 3987 5829 13529 8104 4312 7129 4854 2487 6937 6679 9454 5804 5979 12679 2654 1179 11279 7958 2708 7658 6629 12608 12829 11533 6658 2208 11783 10508 13033 9533 13408 10208 933 3233 10308 12875 10388 13100 10400 880 11280 13813 13380 11425 8250 63 8200 13330 10550 1975 5555 3230 10575 13730 1988 4655 5425 13050 6175 10225 2430 14005 12213 3880 4605 11405 10005 7875 4038 6200 12563 12313 10063 8288 5738 10851 12630 11778 7505 4575 2153 14115 7415 13481 2618 14041 11153 7305 13580 2718 13489 4851 7128 11790 8939 5101 4826 5714 13620 4572 6476 2881 13218 8731 3466 13289 9047 3772 7701 10468 2878 9243 5018 8247 11495 5539 3016 13026 7941 1151 5240 2747 9866 9822 4815 2101 6889 7516 6014 10343 5876 9970 51 6391 6543 9256 12528 4472 12466 2090 3615 7053 664 12018 10553 11231 1447 3028 6564 7593 6790 4989 414 13093 11464 3776 3591 5451 465 7668 12816 9865 10065 4645 11093 13256 4291 5528 1543 4697 10031 5156 5165 8718 2322 8920 7064 11491 11139 9393 14615 11145 6828 7115 10771 4741 2978 7828 340 6239 10301 6764 914 1856 5591 8139 8356 3897 8828 11570 14339 11551 4631 1118 11181 872 4928 12565 6606 1295 14440 6343 11618 12815 10741 4843 545 5416 3390 4016 7072 9440 3590 9468 14181 10747 10993 7318 12639 7576 9641 6922 10720 11470 14968 14453 10665 4520 9916 9491 9370 1468 7402 14257 8846 1831 14032 14407 14627 12882 10682 4516 8152 3477 13507 9527 1273 1048 8848 9121 607 1471 673 9471 4527 12598 9896 7682 7252 3782 8277 4732 13571 4582 3382 14332 11721 9348 3596 2077 8327 10823 8621 7273 7623 12802 1602 1552 7182 7021 4677 1698 927 4923 12477 12471 14196 696 3796 10848 11498 4302 3507 13902 3696 357 10507 11327 4123 6623 12377 598 4982 7196 7702 9782 6646 5607 1052 8427 14577 13996 11846 2502 11702 2821 10573 9602 1557 12782 4332 
11424 2474 5499 7949 1924 4224 7299 13449 14849 12099 6524 874 6949 1409 11160 14084 6074 4324 674 6224 11109 14499 6985 4259 13517 14384 785 11809 1509 7485 1334 9110 1024 10484 10910 3185 709 13017 8960 13160 5410 11210 1659 985 6192 10867 7885 14685 2342 14710 8185 14567 4867 3742 117 11842 11667 3192 8635 7392 1842 14036 11910 1142 6442 8169 1385 11586 13492 9011 7792 14667 10317 8519 3911 10436 4685 7911 9594 5694 10419 13136 14386 11844 4069 2169 5019 8961 13419 7736 5917 3592 2994 9636 11611 12944 7187 4812 36 1794 1912 719 8944 8712 4462 10887 10561 7337 7837 2437 8737 14029 6712 14886 5762 4294 4686 10762 3887 887 10737 4179 13054 12379 3954 7154 2554 6779 1704 8854 1629 9654 6529 3829 11729 2804 14808 11079 2029 12304 3283 3108 4383 8258 6079 3483 7433 14283 4633 12038 14383 4933 9354 1458 3983 12683 2233 1905 4350 12000 3808 2825 6563 6030 3980 13150 150 14355 2625 3480 8900 1688 7330 6350 8400 130 11350 8430 6250 5080 14275 2413 1825 10688 5255 14538 10763 8780 12850 1400 3675 11455 12800 14925 11930 11643 12189 6950 8080 4505 3305 11388 4513 9245 13376 5476 3755 10526 14106 3122 2063 2563 3631 14143 7676 7891 1301 4664 13220 3247 14165 7890 7376 5840 12422 5356 5640 12141 5290 6356 14828 2906 14478 13143 7522 4470 8520 7272 14014 14395 13364 13447 11090 4018 9951 2865 12170 2106 12920 12964 6597 5968 3889 7770 13122 8901 11028 6156 13656 5595 13370 10845 13731 672 3789 1590 11351 12668 11078 14006 12839 14318 8647 4965 5145 6541 11447 272 6006 2243 2501 8866 14164 7226 5589 1215 239 11189 1431 2218 745 3043 2678 12714 2643 2731 10443 7215 9478 8328 7440 13238 7095 1328 7472 5764 10751 3806 7943 11856 4768 4318 11676 6015 13522 8070 1289 8472 5753 3818 5945 3081 11706 7528 3391 6903 13764 5878 1839 3814 8847 10645 6672 13315 14340 14268 2801 5153 5468 5068 7172 7703 3090 5320 4095 4841 9466 1065 10940 1965 13322 10631 12590 390 7078 14265 9791 10668 12222 2518 9465 9515 3646 6443 14876 2496 3102 3156 5214 4945 5973 6296 6977 11627 12257 12198 13748 4057 2071 4648 7327 14948 13521 5398 4132 1848 13132 2027 11096 3177 321 7257 2673 7932 9752 13573 10357 9823 2573 9457 4398 13952 2082 6548 5721 5932 7248 7907 6952 5448 4996 11357 2248 11007 8223 14348 10202 11157 2996 2377 13098 1527 8682 6046 8352 1627 3723 6632 1748 11552 271 6302 3746 13632 5227 9098 14098 11696 8102 12621 7696 12473 7423 752 9596 2171 13557 10221 11223 1377 3952 7596 6402 9352 