144
14624 7074 849 4524 2084 15485 10110 15760 13259 10835 17785 6511 7144 12517 17242 17169 244 14692 3337 4987 6469 137 17429 14154 11729 9929 15879 6783 5483 5658 12763 4050 3488 6280 2375 12830 10488 8950 4388 7500 15838 4330 16905 9905 476 9700 12765 9372 4920 14647 16589 13866 14722 4616 6641 10691 5255 7626 6631 10972 4047 14776 4345 2420 1001 8589 16598 14921 24 8752 9373 
14324 374 7109 6009 10134 13760 3534 5709 11409 16459 2342 6092 10086 14769 15369 11794 14744 6619 14686 10787 16069 11662 1262 16054 5358 4408 533 16458 7700 3288 6600 125 4775 8325 11705 14938 15713 12130 7543 10522 5330 4441 9090 901 14397 6740 5956 14889 4764 2247 11666 11406 17915 9270 1053 8978 1426 12489 11976 15797 13003 3766 11071 17093 15489 3502 2202 2373 1573 
12774 9974 14449 9999 9874 2984 3485 2209 3735 235 10492 14319 7869 3867 17319 7836 9844 4837 9036 5687 4012 2929 13804 10133 11283 8658 4733 17205 17830 8150 5038 17655 6705 6530 288 13700 6630 4880 14481 6301 2590 17563 9650 10081 14603 14018 3866 15222 16276 2039 12045 10781 245 895 16739 14343 4191 14926 11356 14790 16190 13877 9257 7296 17673 9527 8827 
17474 16624 17359 2849 3559 60 885 2509 5235 10510 16685 1367 15969 17669 936 3344 12136 1711 13136 3186 2212 13679 14787 13758 12008 4058 10763 5580 2558 9450 14000 1725 9900 15825 2700 3463 2838 9863 4025 13530 14740 14615 5513 4465 11831 14828 5845 7239 15564 803 17451 14395 397 12153 6647 12720 10128 15865 8568 10670 9723 10341 12453 17448 17957 16307 5598 
13849 4674 12649 8584 2284 12274 11610 15160 1534 6159 10919 4992 10561 8936 14142 2244 12269 13837 13104 14212 5779 16062 1029 17358 3929 15083 3933 1258 14738 4700 9263 16780 8163 805 7363 3355 488 17730 1013 2606 7180 6793 12663 11088 3918 17178 16926 4080 5420 12895 9091 16520 17489 10578 13215 8647 6370 15370 10445 2997 13956 6343 12470 12873 8796 9782 2052 10032 14927 
16924 4649 10149 6674 17734 4860 5510 134 9692 10319 15544 12336 10936 12369 7986 2469 12662 1837 4962 2537 2304 17229 13308 17955 3875 12058 14500 10613 75 12330 11855 8125 11240 10230 16630 17375 10965 9016 10093 12415 5968 9853 7441 2690 16943 7545 13328 8318 5780 15295 10322 9195 5468 7145 4343 5781 12945 3795 2407 7757 8323 16477 14273 13477 
1499 17499 11235 7974 15384 14009 5609 15960 16074 16435 2142 736 13267 1811 3894 9144 8436 937 16312 1462 10037 12129 8354 11304 11958 4083 3300 4913 9583 7113 250 6313 1850 15330 15813 9788 11391 16675 11101 3505 10113 16138 15 1456 2953 8722 164 14518 9097 2906 4251 91 7440 17790 8018 17818 9740 16239 5666 11498 3765 3682 10423 7977 1082 
17824 8599 17649 13684 9609 17610 8885 13560 12492 13635 16160 15911 4342 8319 1994 13861 3287 2186 14694 9429 1629 11554 11404 4833 17079 1925 913 15530 2613 2605 3480 3525 13150 7238 13313 16813 6425 280 1028 13120 4631 11443 7478 5403 15978 3751 10176 15426 4943 17926 12215 13178 11891 16664 15141 14228 9770 14981 5448 646 13172 13957 702 9052 8577 
15924 1574 10624 13899 6309 14385 3285 2235 9860 14442 7992 13544 17886 14886 2287 9219 11669 11062 912 11579 5604 33 2733 4638 11238 17083 1550 15130 5550 450 10588 17075 10813 16855 12925 13103 12288 12595 14841 9351 11926 8966 9015 17222 1425 14493 16728 16965 3351 15940 17843 3714 13572 5116 5393 5516 16916 12856 13271 1966 10347 15902 7157 17091 12696 
12474 1384 7649 1234 10849 7524 810 2892 6710 17667 15919 7019 5042 2411 12669 9437 9044 15312 17854 14404 14479 3783 12958 4133 13080 17505 5500 538 405 1988 3830 1913 17964 5813 14675 10095 6150 5966 2968 4378 4472 14390 17501 7228 17616 9945 13893 1240 16393 1568 4314 8201 1256 6547 5256 8943 17097 8595 17246 3721 12598 16548 13152 
6274 4209 6959 14909 13559 5674 5685 2267 16442 15569 11811 10892 9142 4594 10412 8537 6762 2187 11904 12354 14129 16029 12608 7358 13830 17950 1638 8705 1605 9025 10050 10888 13488 12026 9325 16030 5388 10738 9388 12364 9678 8728 4901 7828 13651 4916 3222 12770 11355 17026 8268 5528 1370 7381 5131 3568 71 16702 16028 1546 252 13802 
14174 1024 12084 14274 4885 4635 9484 12259 8910 4135 3592 4617 4735 15411 7419 7844 5286 7837 12069 17204 6679 1512 17858 11179 10958 15033 3900 8108 17263 14505 11708 3805 10825 14430 10388 138 14755 2378 11376 10506 17439 6601 14606 3388 3672 12406 16203 8701 3690 1151 15991 2526 8026 9964 4156 13093 7415 11720 9556 13822 8097 8845 9843 132 11277 1507 6471 15171 
16599 14874 13174 16184 16374 1660 11010 14335 8085 2860 17567 2594 344 5744 13236 2111 3244 1961 2969 919 962 7937 1779 1529 1254 14083 13383 7630 9908 6880 625 17463 10130 17188 3305 14105 5988 2150 8715 4681 6795 1647 10376 11688 12726 1401 7291 10314 14153 8047 16826 13878 15197 468 4070 15915 1181 2766 14993 13470 3698 17146 8277 6221 17407 
13224 3299 8059 13999 8860 2834 6235 11760 14317 9335 17117 14185 6442 292 15419 16786 9894 3669 16229 10187 9104 16462 13904 6579 11408 9933 2083 1700 3705 14983 6158 3063 6075 5325 705 17953 12105 14563 11245 8700 16980 17928 8755 16447 7066 2938 4640 16278 3856 17043 306 15191 1168 5626 8247 5193 16665 7690 12195 9378 12573 13127 11323 12846 6432 13527 
3124 13399 5024 6109 15109 9049 1242 3335 12167 15117 7861 12169 8161 14536 17186 9211 11862 10062 4604 5029 10583 433 16258 10400 13508 4430 13380 11505 3055 17105 16838 14050 9575 14788 14745 6563 9630 13538 11813 2695 4626 14418 8101 2781 3251 4576 17253 10818 15501 9947 17003 13606 9820 17166 10247 5347 10648 17089 8839 2046 9752 12248 
11699 15274 15949 10109 10659 4385 12860 5335 15667 8917 8619 13142 7911 6961 12261 6844 3137 437 11037 6104 10829 3354 14779 5258 9483 17408 12833 10225 12625 8688 4925 1363 7013 14588 11538 2397 15215 14628 13463 16215 5951 17441 6203 13106 2478 16591 7740 8990 16093 12703 17276 4939 16118 3990 8816 3091 7823 14957 11316 4298 1498 8098 3623 
5199 9699 13534 1874 16985 9160 8185 9985 15167 10592 10911 11985 9544 13661 11387 14537 16686 8529 5379 13833 4558 2308 15858 4383 7900 16330 4675 9050 14880 14313 10730 5850 8488 17941 11080 10678 10964 11431 13280 7176 6731 8776 8731 5297 68 13990 301 16151 11893 4547 2547 2365 4001 4581 1248 17496 13547 15748 6223 11671 
14774 5699 1209 6234 1859 16109 835 11367 12617 2942 9261 9492 7935 17819 1486 8886 16936 2219 3712 12962 10604 10154 16154 4129 4708 4755 9000 17875 17000 8663 4405 10475 15805 14741 9780 14088 4155 2318 3066 916 3993 9614 10516 5893 7872 8951 10041 2951 453 13597 10790 3331 10703 1297 13666 1945 10331 632 8089 14947 8052 15082 4482 
1774 10359 1009 1709 10034 12834 5192 15010 2185 8967 6219 7517 13669 9042 16411 8344 4537 17179 6587 7179 4729 2554 3658 13050 6400 4650 17255 7305 7688 2550 15505 6700 7845 3451 3414 9030 8040 5091 14626 14215 7215 3406 10803 16201 1045 12172 14816 15303 445 1770 12395 11172 3753 17307 12207 11207 16047 9921 4357 
8724 10385 13159 13149 7760 3334 310 5710 960 10544 17036 5467 5836 1569 11861 14636 11319 3162 6462 3229 8654 4758 17600 5855 16750 16125 3633 14555 13255 238 2475 12805 16305 5663 11381 638 13088 3915 5422 15026 1089 17031 16343 5416 4566 3256 10881 17190 9868 15365 12141 12665 2070 9572 5906 15002 7471 6802 13357 7857 11307 
7874 9549 6409 17284 1459 7484 8267 8617 9385 3935 3092 17561 1986 12611 12294 17287 4019 9819 1912 954 8129 1933 13033 11508 7080 7308 2400 7830 7063 2238 16550 9800 9538 11428 6515 8045 7276 76 9022 14890 8126 3040 14715 5731 6741 8351 7589 2515 5691 1745 15506 3116 715 17078 12152 1782 8382 1098 4471 6907 
5074 3409 12399 1924 1235 2617 6 6642 1386 3517 12060 17019 1619 13594 5019 11462 7944 1604 9812 79 4858 3883 6833 14458 10988 11650 7550 5938 11100 230 1413 16650 8013 3013 12578 1670 11339 5681 11176 2243 13076 12591 11347 10941 14466 10701 6451 2476 9453 12418 15341 945 9766 8091 15573 12421 946 12482 6971 4107 
7599 16149 2759 11534 7559 12135 924 13217 13285 14311 561 517 10594 3192 12019 13887 11994 7054 11412 13554 14254 14558 12283 11108 11055 12355 5750 13855 2975 5430 15925 4280 9051 14038 5251 10980 3056 16055 13638 10814 1639 9676 11390 14814 9315 7095 8603 9665 10026 6065 14901 5090 4414 11370 1122 3746 2598 4321 17582 16977 13823 
3999 8899 6359 14034 14259 7735 3949 17185 5742 6392 16267 14761 3111 13836 12211 7636 6719 12936 6161 14729 3362 11254 15658 5008 1880 1508 5563 9313 2788 11330 6850 14175 17355 7375 7826 2578 10416 7801 11988 10620 7068 922 10151 16578 10303 10316 7114 10503 7366 2751 16720 15366 6195 714 15965 8466 15103 9639 14578 10181 1473 4148 1252 8457 4621 
13474 2174 3684 11684 9009 11434 13335 1060 12010 6067 135 2535 8844 2587 8194 3269 9061 6036 7587 16137 7287 8562 7104 13579 14554 7233 11808 17958 10058 11225 1080 11388 15705 1788 8000 10438 3405 13975 4863 3689 5301 12175 4164 7251 15931 14716 17445 17220 14264 3989 4101 618 8431 17847 3991 11572 14665 5993 215 13591 2328 15406 1753 6378 5328 14973 16077 3252 8021 5123 13032 607 15982 13496 
10874 8074 5985 9574 1309 9149 8284 8560 1592 16410 12542 5417 6411 2644 17361 9742 4669 10444 17812 1412 4612 3704 6529 479 10933 17379 8358 16933 10800 155 688 4505 1938 11438 7813 11530 17225 6514 14930 8740 12764 3678 4601 7526 1039 10589 4565 5853 72 7928 1241 3576 9966 16772 17318 8622 16431 17314 9651 9265 6528 17891 11170 3572 4081 16873 4857 11157 5157 8273 12652 15827 9073 
16349 17224 16849 17209 4509 210 7910 5085 12610 10142 13692 5442 1669 1142 16919 9942 14669 17969 14086 17212 16812 3644 15279 3204 6954 5879 14358 17508 2058 2000 3905 6055 16950 14630 338 11630 5955 1513 17951 1963 17918 2678 12422 2591 3328 9555 11340 489 2541 11128 4556 2745 7770 14126 4295 14389 16614 15056 4828 10676 5151 8066 1272 8570 5331 11007 7498 14802 12352 12396 10657 5071 15377 3896 
8874 8749 15174 12809 17099 17134 10010 2835 13284 16660 3085 15092 7694 7061 16692 2967 17069 4786 16819 15362 17137 8254 5662 14029 14579 9283 4308 12483 8955 13580 7480 8375 13625 5105 12975 3980 6863 2650 17405 678 7051 3625 4691 17341 8665 11901 7247 17781 9851 3418 1731 1156 13341 4076 5489 12341 4515 2341 2 10845 2641 16056 12018 4968 4521 4571 6348 11798 11532 8048 3557 12232 1871 
9199 384 6510 15184 9924 13909 8084 13960 12535 15967 9360 4886 14344 3167 4586 16986 13186 16636 17762 14829 6837 1679 16037 9054 883 7304 15608 14808 200 11913 7938 1555 6975 12055 11780 963 12680 5315 11280 3906 10338 6739 3472 8476 4693 7831 5476 6770 65 14831 5201 10716 10603 10043 139 1876 9656 17406 15014 7297 9701 11766 6814 10841 10656 1589 14031 4027 707 10496 8590 13423 13523 5802 12257 16027 
1649 3849 10309 5534 2259 1274 6884 6709 16684 9967 7017 6292 4542 7392 5492 4111 14894 1419 16694 6387 15894 9387 5079 11479 11029 3179 1908 2775 16033 10000 15980 12905 12980 6905 17155 16688 14641 4440 8088 8601 1105 3826 15028 14338 14381 16297 4989 8190 1826 6131 14165 7765 8997 3953 7653 10315 6040 7941 13976 17645 6178 13772 4022 1022 10182 7477 16973 7798 12632 10673 9482 15652 1073 
1049 2749 6449 10334 2884 1059 15385 9610 10285 15192 3317 3142 17536 11067 11694 16144 17286 3744 2194 7737 4412 2762 9604 16004 13933 9558 9308 13483 17413 16658 6363 8613 17305 17480 10255 5730 16555 10753 2322 16988 17051 4768 9368 8526 11826 17431 9089 9322 17528 15203 17576 8439 2026 9193 2520 8666 7456 7906 6251 4490 10978 11045 9640 4090 12472 5407 9902 16146 16877 14352 7148 9552 16252 
5799 12174 6299 6124 3784 5535 3659 14510 4867 6085 15494 10094 8611 13419 3067 944 519 16294 3069 5894 7186 2512 879 3079 6454 12458 12054 9383 16325 12750 7055 2450 16400 5475 13688 1538 5538 11975 12593 4963 16291 12028 11914 10655 11389 6781 10953 4570 5913 2020 13218 8739 78 13620 12347 6143 1441 15293 9031 1803 13643 8928 16995 14093 17702 16221 16871 1827 12023 8948 2557 1177 4248 
11399 10949 2149 1799 8259 8534 2435 14560 11342 13467 16717 9992 6817 667 16536 737 1036 16119 6167 6711 9012 7487 2561 2029 9108 529 2758 550 8333 1030 9225 10688 11138 3038 6963 13205 6438 9725 15463 12113 9830 2697 776 17468 3281 1172 6418 814 14356 11001 12166 9247 14222 17543 14256 2197 5651 4176 10447 7445 7070 3176 1820 9478 5916 11023 11698 14182 15621 12782 2232 5021 9777 13973 
8249 14524 2674 7299 3674 5559 3760 1392 17660 5385 1692 11310 8367 13042 17686 15094 12986 11517 1761 3194 5669 7004 9737 5504 654 15908 358 9208 3608 7930 10625 15763 17180 10313 13175 14850 2155 16455 830 17680 4431 14030 1626 11440 8426 9520 13853 3490 7380 17326 13978 6901 7731 1295 15239 3376 17041 14415 5228 8147 2640 6718 6806 12456 2302 16921 10252 12407 12332 7846 3082 573 7898 
1199 5774 14834 7084 16049 12410 3692 10235 8285 8017 1509 11211 8994 2269 13894 2869 8411 17861 6287 16637 1762 16804 2804 7033 6308 17708 14908 17330 575 10305 15050 15000 8138 650 11463 113 6789 13851 15113 16514 6520 13365 8039 4840 15976 3831 4706 11451 16443 3326 6468 14253 17115 3140 9726 6045 291 114 4189 5647 1103 16820 4271 4946 4873 127 14396 1752 12707 4632 2682 
16974 12909 16334 17534 2685 7959 1409 9209 6885 692 5942 1892 5660 15161 17494 14069 2119 1786 4512 237 2604 1579 14204 12104 11083 16333 9858 14008 12433 15205 1055 17700 8475 9480 4655 2905 17313 5418 14878 9018 4553 11551 14631 64 7172 14156 4338 12216 6372 15153 5595 7364 15228 4715 1339 5493 13747 17045 2339 8631 7015 6720 4239 11220 14591 5082 14098 5577 14073 9698 2096 6232 11302 11521 
15999 15459 15774 13624 6735 4835 15584 14535 3310 10917 16285 8167 42 8244 13411 9186 2717 6611 12786 1544 6461 8829 17129 8479 13129 15183 2233 708 8758 7330 4030 15250 15638 4488 305 10430 5150 11700 1631 11378 9370 5322 4697 16581 15176 17470 5981 7115 13870 9920 14980 14164 2881 6766 8301 9266 2828 17393 1447 8451 4253 8814 10831 12465 1027 9273 5573 11898 13507 13923 6252 11077 17473 
15224 7249 8374 324 5834 7060 1185 13710 8135 6267 13944 10967 5987 12536 17136 17194 10462 969 5387 6112 16162 8079 17087 9804 13808 10283 5405 11230 9230 7250 4375 15300 3005 10705 4203 16350 11805 6250 14520 16126 10618 8664 4689 7243 10422 5115 14140 2190 5064 7041 12001 4316 2193 13743 2843 17376 6701 672 16026 11993 13 15666 3093 17921 407 5521 13489 7252 6373 9896 2927 17077 
11924 12124 949 8734 2659 4259 12210 6692 11509 8542 15711 13667 10369 17569 17769 6986 16467 3312 9944 8962 14087 15354 11429 10254 14229 11504 6154 14233 380 7163 1613 7313 10525 4313 3138 4055 13288 6791 17216 6776 7647 8747 16445 16791 3041 2014 16076 14076 16165 5551 7065 3593 89 8689 3520 12553 16351 2189 3506 15547 10989 340 3895 13352 6927 1246 15696 11223 898 13171 8082 1273 
5924 10224 8474 3499 10609 884 534 6084 14935 6417 13617 7934 4417 15186 13244 1369 7994 3811 12067 10069 7936 637 9037 11879 15654 17629 1504 14108 15883 15888 7555 950 17063 7988 17555 9638 12263 14975 5338 17939 5565 693 7566 3563 1255 17214 11426 5991 6931 14476 1043 16164 8588 2916 4720 7401 15545 3239 16378 9201 9615 6589 1389 8416 3178 1595 747 5207 11332 9298 12002 8848 14277 17257 73 
12324 11849 3599 1109 3874 11424 485 17010 417 16035 9542 12392 14242 17469 13969 11094 1469 4761 9312 9594 10354 9004 4737 8608 1983 8558 2383 16738 7075 9355 4730 11905 12080 8100 12825 6180 11313 51 17518 5401 17943 3526 12906 2876 1495 10947 9353 8395 2297 13078 6365 15695 15328 3468 17066 1481 16670 6340 17015 12391 7514 15490 14152 4602 2382 7373 10957 8007 2307 7382 4073 
13249 7024 12374 7584 299 10735 2559 14960 6660 909 7360 12094 7036 9619 17661 13194 17736 13261 10712 10237 14012 2129 3937 1904 4633 14883 15808 12580 675 8455 15100 12705 15413 12775 8400 4250 13663 2593 1643 9306 906 15193 15291 506 1528 12376 4501 12951 4526 10441 1506 8938 10591 7040 9928 17814 17776 12115 8922 3081 9641 17848 4607 98 7371 3748 8002 57 8477 8107 
4699 17574 10734 15734 14124 2610 12460 7560 35 7242 3160 5194 17792 10361 4067 12361 10236 6786 4069 3812 37 13287 2004 13629 9029 10983 2358 2388 14950 1075 13600 8175 16075 14213 16105 8750 13505 15351 14151 3495 10090 15006 6356 3839 3215 5263 12318 16726 4045 7439 7343 5553 6181 6768 7803 7778 2293 497 6716 2222 3556 14221 3398 4948 9221 3098 1346 12771 9202 3446 
16324 17449 6324 15634 5634 2384 5334 15035 3184 3510 8092 5485 3386 17417 15712 6386 5111 13386 11537 17386 10662 1537 9554 4754 5058 3008 5208 8408 4200 15625 10163 9925 12200 11263 1175 2525 10675 2595 10806 53 5556 4456 14220 1466 1040 3453 6940 14818 13176 2691 8314 1872 5606 8266 10739 17465 5022 12801 5841 12440 15393 16678 1948 16798 6107 9307 11952 1657 1721 7377 8121 
10349 17549 13834 16449 14534 6909 5917 13134 17110 2292 7510 14836 9769 13011 9217 6636 4719 17912 15936 612 9362 13512 3779 14679 13008 4958 11658 4808 14805 2708 8963 850 1900 12163 5275 7925 13405 16180 4466 9055 8838 10091 16426 10928 17931 426 151 5964 7216 3206 4615 15020 12718 16741 5740 989 14226 7751 8103 4990 1981 6426 6265 14528 14314 14357 3132 15352 3952 12473 12896 11202 8877 4957 
1299 13974 6774 10524 5734 3010 8334 7960 7442 1767 6585 9969 4286 2261 10994 4436 8294 444 15587 17862 7337 154 8112 12629 8104 13083 2958 16538 14700 775 4113 4605 16763 14800 513 7300 17013 5113 2376 11395 6728 7641 7156 13455 11920 15256 5176 8670 14503 16740 17301 10720 2047 12564 1715 12495 16347 5866 5103 6651 778 6666 5672 13298 7727 471 1427 12448 13196 12502 14671 173 
12724 8199 17749 10460 6809 17535 4892 8810 3634 13260 13817 6211 15017 3486 13719 1542 6769 5044 17236 3944 10887 13854 2454 5329 8033 8733 13983 7100 14200 12738 8405 5450 11830 6580 17925 7888 6790 10816 8953 7843 3851 9666 6968 7766 8718 14653 5970 12631 1126 368 3726 503 2289 13653 13991 9716 1797 10453 1864 8539 17766 14597 16532 9602 9948 14648 4146 5623 277 13482 14257 
5374 13724 13110 17309 3099 7085 4034 15992 5317 4517 6042 10517 4636 17061 16136 15086 2361 14594 4036 7854 2962 629 17104 13733 16583 3558 16525 1650 15350 13525 8075 15725 900 8205 16038 13038 2601 4568 17614 13370 5415 9316 6851 170 9501 697 17841 7601 4281 10590 7578 9116 6145 7072 615 8906 5543 606 1501 11618 5801 16689 2403 11822 3198 4646 17057 4402 423 10827 8332 11802 
17699 16724 8799 13434 359 9260 14199 2109 509 2810 12785 7985 16967 12059 16842 7292 5167 9119 8919 4261 14944 12744 2394 16537 14194 4787 6562 15529 7362 15779 4254 5454 15433 1408 8250 7633 11325 16575 17530 15188 1330 8355 14625 7175 1763 8338 15055 13163 6516 6401 17206 17447 14522 11343 9503 5690 1890 9078 17403 12315 17639 2176 1843 13193 5901 5891 6765 4993 15320 12368 2340 10456 12164 6918 8065 13740 15147 10378 14290 8770 9564 3973 17548 15446 8623 16857 9746 11098 1352 2982 6598 7557 4007 
2924 17584 7849 15399 4274 3685 16634 14934 1210 1010 14410 7635 8042 15367 8110 12442 8142 14217 3761 7569 11761 4911 5169 5211 286 9586 2362 9212 10104 17254 4179 2562 11558 9983 308 10300 2280 7205 14650 7230 14075 5238 14250 7400 13200 4201 3163 14618 11239 11345 9356 6626 15253 4426 6872 6966 10366 11556 13615 247 7915 11503 15290 16928 7747 10597 15622 6678 14706 17903 10728 11965 9906 2851 8931 10540 1766 13531 13541 13465 17 27 273 11507 1848 12052 7502 16698 14071 14777 4882 17746 
11349 2624 17324 1249 14949 7999 17159 11459 9510 15135 4185 15660 8360 6342 12594 3185 14711 7236 3986 1311 5136 11536 6669 16737 6637 11912 13387 5954 7729 12254 7479 17608 4208 7258 13133 13425 10450 2688 4600 11788 1350 9805 5875 11175 6888 8313 12903 9172 4903 1640 8968 2972 17947 822 11668 3068 2401 11293 1741 5218 7370 17726 14420 128 7340 15926 15272 16966 8989 7656 13731 3522 15522 15745 13716 5541 5265 2078 9528 8768 11932 2773 11502 14857 5796 3346 5073 2571 14482 10523 15348 2573 
7699 5124 17174 11649 124 17484 1934 12085 4084 7235 12592 10585 14110 2510 15719 17192 4569 9035 986 5511 11042 7192 9162 17419 536 1712 15787 14487 7279 2254 1154 16533 13908 5758 15450 14613 2483 4300 1863 1405 3988 8055 1505 3530 2038 16463 2581 5618 2956 876 10520 816 9041 11141 8606 15516 7606 1239 15031 9420 5281 9922 17478 14131 651 15528 4718 16 1372 14401 6053 16626 12545 4868 11691 5266 1940 9397 15478 17823 17698 10596 2171 17846 17298 9246 5473 13557 14682 16896 8671 
13074 12024 11209 15684 14159 8935 16699 8835 11535 6935 67 11392 17042 17492 16617 12419 16744 11642 15294 5017 15261 4944 6919 16887 512 2737 3862 662 7079 604 4654 5383 17258 1533 13458 3863 16288 7155 3200 175 6825 11755 16438 11750 15875 2055 17970 14739 11228 6414 5620 4468 1090 13331 2231 14876 9689 2506 1153 6140 6906 5876 316 5570 451 16345 10915 13347 6472 11493 11501 11022 7743 7947 13501 17131 7951 2940 6847 17565 223 8581 7707 12202 5496 9127 11796 8598 13107 7182 7571 17882 3777 
9474 7799 5849 7859 4684 17334 1959 2224 11524 5034 14485 16860 17836 9117 10060 13492 7711 14961 16367 1719 17392 3011 12969 5619 5861 7154 1079 9779 9712 4704 15208 8404 483 16858 12783 16800 10788 555 3538 7405 17900 16788 12700 16163 9763 2389 10764 3053 12772 16518 516 14489 3001 9506 15995 4981 14845 13443 16845 5239 6001 2991 16756 7351 16389 3203 17839 15570 12731 11601 12876 9131 22 10276 4226 2066 15639 14772 5715 11998 7998 11648 2477 2502 6932 321 13173 2148 5652 16227 17632 
5974 16759 11574 2324 17835 10409 12035 259 309 12042 12342 15542 13792 6217 11467 2317 6686 15386 994 4919 11417 10511 14712 7912 9919 1137 16362 679 11929 10654 1854 10679 3858 16158 11075 12150 4275 8800 4688 5480 2175 1750 17725 12875 13813 14255 15105 6420 15201 3920 13872 881 6640 9515 1072 11876 6743 12965 8356 4776 15890 11915 16765 2701 12701 4151 15326 5693 3272 1916 7966 14141 17670 1203 1772 8528 4591 5518 16868 16264 12746 4396 11446 16373 7121 3823 6702 16652 11002 4046 3377 7598 
16399 11374 10459 15909 8974 7334 3884 1449 8134 12284 3917 17960 9034 11917 17867 4267 17544 14444 10167 6944 9294 5244 7286 10169 15611 7087 17962 3087 4037 4087 7979 3654 12258 8083 12 25 4105 5288 3680 9080 655 17938 4538 1280 3250 7263 7901 11613 4690 251 17547 3051 12589 1081 7166 8114 7122 56 17801 15214 4831 5741 11341 7865 17603 7315 10697 5222 15093 7945 2178 10466 11403 4381 10440 866 1690 6840 9340 4095 9682 8593 4721 8573 16777 12327 3148 1623 12807 11257 14821 15096 13698 
15549 1334 14349 7259 6824 1659 15359 6759 5360 12485 6210 17635 14684 16059 15592 6892 14719 10811 15336 8444 6811 5811 17612 5494 7662 9237 4762 5887 16379 2504 2654 14383 7558 283 12883 7825 1855 15180 813 9755 14855 2455 13730 2138 7905 7625 14895 4676 15445 10076 10089 15440 3668 4276 14881 1476 7222 2018 17303 15316 10364 2306 5428 2826 1051 14853 13241 16851 2990 15514 4026 13595 190 5172 17391 11281 265 5341 3790 3498 1757 14796 14423 2873 3657 4432 2596 13221 5777 13471 3471 
15524 11159 11974 12309 8984 16134 3234 1984 6310 9310 1685 17844 817 9935 7136 4717 8417 142 3844 1936 12994 15661 269 9861 8037 11437 5762 6354 9229 6979 15533 13058 12829 7483 14258 4533 9255 16000 6188 630 15005 2338 1805 13238 5888 17388 5488 14130 11106 10931 7206 12040 7847 15945 3478 8645 501 5603 17676 13143 14703 5739 3840 3964 2740 7218 15876 5001 16945 7795 3443 668 17395 4415 12022 3626 4366 11216 15381 4093 7848 8591 1446 8832 5427 16046 12146 1502 1671 4877 921 7521 5332 
11949 15074 17909 17809 9959 9899 2034 17959 284 6635 2709 16317 5885 4169 7417 9511 1586 886 2836 16386 17144 10562 7494 12812 6812 9154 12679 17237 7187 933 14104 4079 12533 8783 1733 7383 3183 10950 2230 3400 4705 2425 16925 3180 16430 1955 14640 13116 9020 15447 614 7918 3847 13828 13926 14172 1231 1293 10518 16078 13931 11518 16964 4766 3722 518 13628 3951 1853 1543 10715 2181 9838 13316 12940 4243 16631 2165 6153 9541 11882 846 12323 14373 14402 12548 16082 10782 17421 4498 1157 5421 
10824 9124 14499 10934 6924 8299 17034 6599 2885 11285 15260 9517 10417 5842 11035 2294 3294 4092 12144 7819 14561 14044 10836 9386 16067 1962 10162 15204 11054 12729 14629 2933 15133 10858 5458 9808 14350 9930 2680 5755 16250 6800 12605 7325 7738 11243 16025 10001 16595 3426 14001 9301 6322 7056 5847 7103 5276 16391 15431 13889 14416 12203 6106 14139 1353 10372 13043 13056 2531 7689 9414 15068 10539 14956 10153 16143 268 2943 16989 14939 4973 8252 13782 8696 2648 8182 15507 6171 13252 4346 7896 1007 
6549 6974 8934 10124 3109 12559 934 9785 1909 17784 15810 15767 15292 7967 11092 5717 5969 3119 11717 6936 3519 2736 3869 16437 4912 14994 9954 14654 11779 16104 904 4983 6483 13333 3258 8825 3313 12933 11938 88 2130 12363 2500 11713 15605 11118 11155 7226 4695 6853 12722 17443 3476 8189 5178 10368 7414 16941 12343 14464 5601 15997 7591 8716 6126 5006 4297 12426 2043 666 14014 10290 4665 12441 1706 6843 3378 1968 7346 1970 6146 10896 1023 14707 12371 9702 5373 17321 4232 5327 4832 
13199 12499 14709 3899 2334 2785 15685 5110 5384 3084 1524 5267 842 5767 11819 6144 10736 14519 8719 13169 8786 7519 4969 14136 11112 1162 14954 12204 10879 8933 7354 12858 8030 5858 6725 7088 4563 10363 13680 1838 17030 16975 17230 14580 9288 4214 2597 13868 6797 11906 5881 3853 13364 10690 11903 17515 12897 3464 17101 6366 10501 9751 3028 5641 17295 15593 10606 12428 1395 7916 14920 15468 12143 793 216 5653 7890 16045 12402 17902 11552 10198 13132 14757 3696 5882 2473 6427 2182 3482 
16024 17024 10199 16760 735 13609 3484 7435 16359 367 16517 14342 17342 10160 16486 13892 10419 12292 7367 12719 13494 14337 1212 3112 13962 6887 4187 13729 14187 12408 17704 1283 5583 2208 11308 1630 15675 2513 9363 9955 7963 9713 3130 6955 17855 3500 12751 3755 3481 3914 3220 4915 5491 7240 10791 1165 1565 1345 93 97 3415 9003 17897 5120 7326 66 5026 390 2493 7572 12991 4126 5789 2845 9997 11990 12672 3115 16491 4793 16848 17946 9048 2198 457 3848 9421 10223 13621 15627 17752 2273 
13324 8774 16949 16099 16299 17910 4609 14234 15210 15835 8109 10260 15884 13761 910 542 6061 14469 5069 3561 6436 5336 2837 3887 14362 15837 12154 5404 7008 14158 6908 7208 6033 5158 10480 10963 16375 10930 5830 16080 7605 16355 3955 1950 12413 10418 11231 12031 10078 10940 6518 6403 4788 2228 12414 6645 12366 3489 2489 3615 14406 15947 17495 5772 10293 4618 6026 11520 6081 12218 8941 14114 1697 440 1301 10020 1964 15373 10096 3907 8646 17252 11946 12457 8973 12927 9477 8348 14027 
10324 13699 7884 16984 1834 6334 10935 9760 10410 935 3135 10017 11617 11967 10792 5392 7185 15169 3594 12661 9561 4619 7486 3837 6504 6662 14604 10779 6904 5754 17658 12158 12929 11833 16730 14375 6775 7538 3000 4980 7188 2505 11863 17538 12425 9888 16405 12914 10943 893 15247 1026 8653 7076 3539 16972 7753 10622 15218 4847 8293 2101 9103 13095 13566 3026 12501 9376 3589 4066 10906 14147 16645 3431 2214 14276 3114 13797 3928 17327 8373 12532 6202 12898 9546 3048 1071 3107 16396 7957 8871 
13349 7159 3274 5109 9109 5509 12784 9884 7210 4467 13660 17692 8817 5692 15867 12311 6319 15744 3367 3136 7237 16369 15212 187 7454 13037 16304 5054 10429 1208 16679 2458 13838 7105 6708 15013 6413 16588 1288 3105 16275 5930 2713 13500 2965 2080 4628 17195 13155 15443 16597 2226 10615 4639 2895 15090 4118 15368 16503 1664 16620 7764 8370 3226 12926 9620 17328 16715 12528 16451 16070 12439 766 2653 11641 15389 745 17177 6021 11652 3096 1052 2048 11857 5927 14177 5648 13777 8246 
9099 15049 5224 14299 5359 4909 9284 9417 7335 4110 1460 4442 3567 14844 12086 14619 14436 6861 6486 6819 9592 12386 13644 1517 16612 10962 4062 8337 3854 9204 4483 14033 3233 16833 3688 2988 7913 1063 1025 9175 1038 16155 14413 3380 3188 1563 5990 915 3493 3088 9626 9006 1041 17415 9697 3268 8614 1281 9972 15053 12843 8778 3864 8295 5070 13041 14670 16103 10714 12741 7718 2347 16365 15781 15841 4147 17681 13790 12373 857 9748 6198 16596 8157 4448 5871 3496 16607 9873 16552 
2649 16999 4799 1699 17299 8424 2585 8060 4184 9809 2285 5735 7142 13542 8192 9086 9735 12911 594 4211 11086 15269 10336 15019 3086 7112 14287 16187 1519 3804 13254 17729 17779 14208 3083 17633 10033 15150 13850 2638 4455 7413 7600 4800 1355 2780 13180 16088 16576 15428 15990 4115 8116 9076 7372 8264 15251 15220 7640 815 15878 17620 10826 356 16522 10490 14176 3047 13901 15681 6693 11514 3595 6293 16703 4241 12668 2064 8893 2853 14543 9946 6166 7052 13307 9996 9457 5152 996 16657 11021 1202 16946 2746 
2424 11024 13409 16384 5859 14884 15934 12710 11835 12360 9167 3934 4734 3686 2867 8261 11144 486 6294 14911 6111 6062 11269 16587 16862 1436 16704 1704 3004 14854 16808 2808 9183 9400 6183 13430 15400 5300 7280 5805 17100 363 4663 4206 4525 2813 12151 2795 4551 9872 14214 9028 12306 5972 12841 15891 4031 13339 726 3972 16939 9239 7741 12601 5426 12964 2465 6478 10072 17664 9693 2664 5343 931 16243 2120 11318 9598 11148 17198 6257 2957 7746 3073 15996 12923 9473 15923 2507 
8624 8174 3824 49 1474 7734 12609 15635 14460 12185 14660 4292 11842 3817 2042 242 16117 3319 14936 13486 2787 4336 4244 9987 15062 14412 287 15754 13354 4954 6358 3983 16183 12383 9033 14205 6300 2225 16425 4063 15588 7663 13788 11063 11188 3916 16216 10356 2015 17714 16593 13865 7197 8668 1889 4114 12365 8389 15356 15097 14840 13739 13895 7203 16081 16843 701 5470 6891 11897 12370 15818 12740 1603 5818 8815 12689 2268 8841 3998 1327 15457 2482 6046 4421 4477 10407 398 5646 9607 8682 
10474 17624 17874 3049 13209 5584 9349 17409 8260 10834 5835 11960 14717 6992 15742 6792 3342 4644 10219 10067 5519 4419 436 5469 11762 10512 9862 9487 4104 5629 15854 5854 11633 13208 1429 5313 17455 7838 17430 12650 3650 10855 13213 17138 12938 12901 3788 14601 5953 8830 11439 14495 15156 4753 3543 12314 7289 13989 17722 11553 593 1793 4120 6697 8656 10789 5366 17193 1865 1514 628 6003 5126 11741 6540 7503 9772 2703 3789 4023 2782 12498 2496 13202 11557 3021 10421 2152 6602 14077 14623 
4299 3224 5959 14924 14224 15335 10710 15435 9909 6459 16835 4817 3992 12242 8492 16567 9242 15885 14969 16394 3044 7386 9369 7336 11087 2462 17937 754 7879 9633 11654 11058 8433 12633 17783 17425 2955 11663 5588 17300 10425 11825 2330 180 6175 4588 4914 9522 12455 3903 3681 1878 2303 3241 17906 14378 12847 976 515 2522 6066 1851 5226 17540 141 3266 13201 15518 14872 1451 10220 4015 15347 9801 9578 293 10868 9647 12176 802 16807 3923 14852 12932 4082 4348 1723 1482 7071 11527 3552 
1349 11149 1674 2074 16824 14384 14459 11324 8434 9185 2260 7785 4660 11817 9485 992 4010 11792 15686 3311 2436 7594 12561 3736 16811 8211 14286 12961 6337 8587 712 13262 7512 17054 4137 10504 6208 16783 1708 7983 3733 17933 7508 6513 400 12880 7430 100 13325 14450 15955 12530 14138 12050 2603 11226 7840 17940 14515 4088 10970 1343 17189 1790 17491 4991 17845 17322 11626 14815 7593 9915 8365 2741 9465 10740 5640 10203 15806 7301 6565 11645 9764 4143 12443 168 17139 12531 289 13181 14541 1131 12265 16993 103 10118 739 8578 740 6727 2923 2248 7357 12596 3832 12823 8923 15721 1296 198 14327 12677 5846 11421 10948 10398 
574 3699 11124 12899 0 759 4149 10074 10184 4285 4059 2735 17560 15110 16017 8592 7469 17942 1211 1361 12267 7492 8819 1561 16111 644 6212 14992 4061 9736 6612 8229 10454 16429 1054 9879 10358 683 9758 8583 1158 15525 5333 8975 9505 17675 5250 9500 15255 17280 4905 12613 1930 17400 6430 11103 2395 4443 7839 1326 4641 3872 17581 7528 13928 16747 2503 1656 17466 15418 7691 7522 5597 1420 17641 15791 5456 12947 8806 11272 1465 3515 5041 231 9206 7728 17856 15315 17868 12372 6715 17764 6815 16468 1703 10639 13168 9428 1932 8732 14377 17707 5396 15207 6677 10746 3571 12477 17123 14032 13007 1957 10282 14823 323 882 
15474 774 5874 15374 6624 11859 13959 13384 1810 6659 16659 17285 6285 1610 16110 3860 3842 9636 6736 6069 1611 10869 16619 3219 8219 1861 7394 987 6012 13862 3279 929 10929 9504 9279 5254 16554 2054 4908 10258 3033 11125 5375 13355 12030 11255 14605 16705 14830 15963 188 2405 2050 8413 8450 7750 17215 7118 17718 13426 14893 13431 4168 7241 12220 1847 8322 12747 17343 9668 2889 40 5490 10256 9826 16618 1526 11928 5545 16068 5747 7570 2431 2040 6939 6364 11528 4065 15776 12972 15693 220 10565 15641 6620 13303 10326 17366 17697 2952 14657 5382 17027 11573 302 11448 16602 7677 5171 7207 7802 16382 2332 8552 7621 10357 16298 
2024 6074 9259 11749 12759 16209 10784 8884 1784 9960 17335 9060 12660 7835 3292 4335 11442 12192 5342 8686 7919 6269 12244 8036 10519 11111 11069 669 15637 1112 13187 5712 11154 7654 6304 5929 5554 11383 4283 13558 9155 6505 7855 3450 4450 12025 2725 2163 9775 13388 6830 4216 17688 3763 17863 11116 16188 201 4445 6351 10968 41 6041 7165 1564 8391 13439 6464 13001 3997 11495 9418 1065 13147 7016 10731 5539 6345 3343 16116 8115 2439 4397 6943 8791 14797 13741 12328 12231 15820 10741 10016 16789 15728 6816 12097 12464 17081 3078 7032 5977 6102 7523 14252 196 11232 7971 4496 14398 8773 15057 14498 6296 771 10971 16423 
3624 15234 12449 5524 15534 4784 10984 634 12184 8510 185 14910 1860 767 17467 10242 4917 10769 15536 9367 1742 7794 7886 19 16094 16944 17636 13036 5461 15262 13162 3062 2569 11987 6604 13079 5129 11979 17183 17458 9358 16058 9275 15230 600 11950 8638 1905 7275 17780 6480 16930 15600 12375 2705 9001 11247 11122 14538 6856 10695 3403 14391 3401 16001 8672 14270 8176 11145 9139 801 14403 6953 17070 10168 4326 3547 10493 3968 5128 10706 6566 11628 13693 6951 116 16168 6006 266 17626 8751 17890 2628 6270 10651 4139 6841 9295 13006 13795 12398 3596 10952 4057 9027 8698 14323 15823 15677 1123 7496 8857 6321 5252 827 6332 4673 14121 
9274 17884 8684 13359 10559 6134 2734 13484 10560 8659 16434 16034 2792 10685 17217 7310 8644 11592 761 15317 16417 1886 10986 7969 14837 14361 14219 12794 9112 16169 10404 11562 462 14137 12304 7804 15829 12879 2333 3583 11704 5133 4933 12888 5205 3050 225 8875 15355 14575 5163 763 6663 9988 12915 4413 5306 11922 15439 16515 16506 10097 3603 5290 7540 13576 9866 8239 13326 1443 7768 1331 17290 8303 964 15065 2139 12776 14245 968 15753 17114 9203 6691 15420 3306 6526 4014 7722 2920 8690 14770 7131 4789 2068 6606 12466 8006 13540 16870 15448 10352 8102 7352 682 14798 452 8977 9498 4746 1646 2798 2398 10307 12252 14382 7021 
11899 7449 4424 17674 7134 16909 4049 13509 11485 16409 13160 11585 12435 11492 5092 11767 17742 1967 11019 2344 13611 1044 8342 6592 10762 12337 10737 16787 17437 3612 16562 4279 404 15104 5229 2204 13433 14433 3408 14633 1458 13230 12963 6625 3280 388 8713 13338 12630 9463 12505 4218 1588 930 8080 9168 6838 4464 16289 7093 5130 376 5291 4153 12728 8041 8181 17593 12353 7003 1491 10039 8441 1453 17476 11420 1615 9141 10856 8745 1678 11031 4672 9043 17740 2272 10914 12181 13668 17226 6441 11291 9595 9818 12272 13295 6168 3873 17121 17577 17007 12357 8546 10682 11127 6682 11582 17802 7952 6473 16773 4327 13296 4657 13648 
1399 12824 14474 12974 4884 7059 11584 5934 1285 2934 12810 15285 10059 8660 4035 12735 14517 10667 3242 5242 10042 3836 6536 11294 4711 7862 6194 8687 11986 2112 4662 4237 12187 229 2104 11279 1437 9608 5683 3058 15308 3613 16500 4358 14888 17363 5675 15730 5925 1475 2538 855 2863 6655 1226 12920 313 9364 681 17191 13840 5051 2693 8043 5203 6415 4839 1781 1601 12840 2540 7341 14020 6128 17631 10681 11997 1831 178 7053 8468 6868 11620 9431 9806 7501 165 3956 14916 11851 15606 16914 8565 11701 1015 14978 13806 13281 2948 3477 16496 4423 9321 12302 2932 10546 1796 11896 952 8982 10057 15423 6446 11948 2552 12757 
2599 1099 5549 14799 5649 17259 11184 17799 15985 109 17260 6985 13610 10117 13111 9910 2485 1336 9161 794 1644 10211 1119 14419 13569 461 8262 9336 9669 2719 2037 3429 12887 8154 11512 829 16404 1683 6633 4233 5708 1758 7450 9550 455 9238 15913 30 13350 8363 5600 4480 17888 17130 10301 1980 3676 3922 14506 15993 4301 7153 389 5076 1570 15018 7481 6028 9243 314 6722 12568 10170 4195 9914 6276 12393 15941 5020 6595 6214 11881 2056 10890 15456 14795 3816 8343 12253 16956 16853 1939 7464 11945 13506 2818 3391 3939 773 14477 16746 16771 12523 8782 10021 16821 11877 14598 13652 16002 9973 5377 6448 8423 12832 14198 
17924 4159 12249 16235 5249 7659 3809 459 17810 11135 14060 8460 7509 15392 5659 14167 14017 4667 10019 16911 13292 8117 3261 337 10686 5011 812 13012 8669 11287 14786 3662 8504 10179 14929 3283 14179 10208 3758 2183 8738 10925 5555 10550 8038 7475 14475 4425 1050 413 16050 6575 6080 14620 14743 5314 14393 12639 3065 10951 2793 10201 17901 1406 16751 8256 16616 1341 9653 16753 2747 9466 4603 4531 7903 8051 11931 13753 13447 941 10595 1270 4743 5101 7664 1251 13226 8678 12178 13190 13015 6164 5645 4328 5272 11791 2081 9971 8746 15202 16498 7348 13182 3273 4996 17157 6921 12377 1648 448 13607 6082 7482 12821 9627 
15499 4374 7399 16534 2399 2874 10310 12884 15609 6609 8035 3810 17135 16892 10867 15042 14417 15961 1086 11136 11886 5794 1319 3611 12519 261 7644 16912 6312 12262 3904 4454 4679 13604 8554 15804 9083 6704 14483 15733 17825 5305 5880 5013 3630 2480 12538 1713 9350 2025 16888 11025 2563 1180 4439 10756 14891 4976 17453 1166 70 17720 1551 395 4453 11143 11147 1868 5531 12889 3720 9970 11972 12351 5926 10443 7818 9241 6545 7926 11591 1191 3670 17566 13451 13216 16014 45 6456 297 9576 12293 1391 12868 10115 20 15543 10339 17570 6852 5732 3307 3598 13246 15346 2527 11996 3723 17127 8807 2807 382 15182 8307 11052 10996 
7549 11499 15649 4774 11774 14149 4384 9534 14284 10210 3509 9010 12235 5210 16342 3117 5911 2894 16642 5311 12769 13619 16167 16311 11586 10387 13537 15162 2137 10287 9562 5637 16729 1829 16579 12554 5204 3458 6533 5233 7408 7933 14300 14163 475 4680 2755 3855 1463 16013 13888 13375 2763 5125 8813 10939 10863 10420 7078 14925 7856 2245 14651 1651 1789 10830 3341 6303 9126 1539 14666 1751 2051 17120 7418 481 12541 13389 12997 8470 6197 2447 9943 4339 7290 1431 2220 11297 2645 8372 15466 431 13993 8315 11953 17765 12128 14040 7048 8727 17602 8471 3202 10121 1171 10807 16152 6896 4852 9582 5357 1846 14896 307 3152 2402 11482 
8949 13109 10299 3249 4999 2574 11834 7499 11049 360 5585 14035 959 5484 3417 14984 3444 14135 12761 13211 2067 9392 2192 4344 4269 15962 7037 7712 15762 11719 3562 5112 1737 17004 11954 16854 9329 10733 7783 5833 8283 16280 2925 16683 8388 11875 1230 1525 1775 500 1480 4013 13913 6450 12043 8263 9165 17426 7191 3497 11839 13864 11401 16847 5197 7331 9670 17291 4391 15151 2490 1497 15297 5089 9953 8290 14470 6239 13351 7506 7120 15831 13070 9940 8353 5391 16490 1189 1415 490 8640 14991 3243 5147 11643 11091 14590 5918 11182 3757 10521 4102 12348 12007 2998 7402 11907 5221 777 8873 10152 11027 12107 1021 14807 1952 
13774 7274 10999 2474 10674 11274 9635 14959 13435 1609 14310 4910 13510 8435 13342 16159 2619 5460 5736 10644 17611 14867 14461 14511 11444 11337 7687 4462 1744 4044 16087 3936 8212 13004 15504 8662 8879 15079 16929 4108 12558 4658 15038 4258 11150 3700 3663 4813 15850 4180 15975 3430 9375 17475 11350 3738 14645 12041 8956 12303 5622 6118 10601 17181 14206 7564 7097 7422 5843 4390 1541 11828 14870 8193 9253 2651 13089 13026 4522 16876 6803 145 706 5364 10476 2351 7181 2091 9690 4140 9214 16314 5231 11266 11772 8214 1116 3018 13170 3448 12246 11082 6773 8971 1032 10923 10548 7607 4098 13627 8998 10123 15398 10557 6248 16802 727 
6049 10374 13599 13524 8509 11160 10174 12959 13274 13984 1035 8067 11785 1092 16542 12117 13936 14292 1842 13444 2136 8544 6617 1510 17111 5344 12894 5569 10812 10212 17262 9887 12904 13929 15862 9129 1954 7929 5479 7908 7533 17108 11183 1325 9150 11130 1625 14363 7875 17288 5655 9438 3255 13305 16955 4222 3730 1641 689 7106 14168 4772 10140 3320 7864 9140 12716 12645 17920 13247 4926 12845 6222 14251 9118 9706 17251 11526 1818 5639 664 1545 17106 106 15270 6241 2156 13972 11290 11706 8331 16990 7814 6264 14143 1920 11606 3756 17170 4091 8496 17498 1707 7698 10873 15846 5246 17102 871 5002 15452 10507 12857 4932 8707 17727 13121 5298 
16549 7774 6399 16734 16584 5309 7209 3309 4984 16910 12934 1259 3535 13885 4692 10617 2686 10144 11386 2336 12742 9892 8461 10286 1267 15069 5761 11561 7787 2494 7194 2312 10262 13429 15979 12229 12908 2283 12083 3383 10233 6030 14600 14388 6305 17905 11563 14763 613 2250 713 5688 10880 9913 12180 17514 12918 12753 14376 13115 7245 1031 10616 5293 13947 8616 14514 6120 15538 15565 15190 2726 12565 5445 9115 17014 10722 12081 15268 9343 14801 6956 12241 14241 4653 7881 7628 16716 14868 1520 15556 10281 2356 4881 1490 17018 5268 3197 16978 14746 15907 16757 6573 3957 14882 12552 13177 1227 11632 14446 8421 652 14427 15173 4523 3648 3002 
12924 4599 15149 449 10209 9599 15134 834 9059 10910 17760 17435 9560 10642 14617 15486 13192 9292 8311 15394 3994 17461 4967 23 5686 636 9244 13412 412 10612 5412 554 15612 4904 579 16279 6654 3833 2833 1558 11258 9680 4038 14550 10075 4855 13963 3750 9875 3455 11250 10500 15738 2850 10638 3880 16113 5376 8763 5995 15901 5616 4116 7081 15951 6695 16516 7195 8320 9191 7576 981 9143 10215 2765 17281 5941 1743 15264 17381 6572 189 3131 4620 15072 939 16066 4416 8131 17401 956 14753 7815 17353 16139 13397 16481 14676 17239 3677 9898 10382 2321 3732 15227 9832 16521 3602 11927 17373 8523 17546 17352 6327 11577 11923 14946 
15699 10084 16574 15509 984 11009 15034 5434 16310 7309 14109 11110 17860 8410 14210 11710 11169 7544 6117 9342 17811 10312 2936 14294 7294 5719 5962 1637 14986 12562 12404 15937 15179 1929 17504 304 2529 5433 108 13283 6658 9088 50 15238 14913 16900 17805 14688 5200 10175 275 14863 12756 14326 15480 7950 14775 5220 10820 3422 9303 10351 13340 176 17797 9695 1068 1866 1228 14714 3715 4997 1340 10040 10903 5576 6243 14218 6564 6672 17156 13715 6964 115 2878 16603 10876 2265 4418 12806 12522 17370 13376 5520 16981 14078 4016 4097 8027 17907 6027 3977 11096 2902 17482 1852 6721 3427 6696 1057 13473 15021 8057 746 5948 12182 
2449 6799 8324 17509 3709 10484 3284 12310 13085 5060 5635 13385 7184 592 1042 13717 569 2117 4686 4519 13061 1636 1011 1069 2319 3462 212 4611 5661 6537 3636 11637 2487 6279 6329 3029 14733 12179 233 12508 12108 17233 9855 13363 17788 9613 5838 12338 12100 9658 3238 17150 16200 13275 12800 15380 3276 4918 9606 15206 11916 14501 3456 8714 5728 3289 16831 5890 2743 16722 17481 8639 13191 570 7020 17895 12506 8245 5045 7378 15822 17653 9991 4072 12476 6570 17231 8626 1918 8197 17881 8764 15541 1197 4541 3120 13791 13156 11196 4798 5898 4132 15632 10157 3807 5752 3932 14673 7171 7777 9982 14996 5723 8407 14527 10671 
7899 17834 9249 1634 2299 3174 5134 1424 16809 7984 8585 9267 4317 15610 9767 5292 4117 14367 14892 11944 4486 6160 2011 17511 111 36 2637 1812 15437 4587 16387 10754 5179 16779 6804 4229 9408 10808 758 11483 5633 17705 2533 13675 15750 6063 1238 2738 1730 8350 7763 3950 825 2930 16222 8630 2263 13114 6745 14847 4572 2681 13955 4945 7553 11441 7426 3365 15553 7347 12056 6989 5591 90 13695 1291 15126 8228 13353 11140 7322 12126 12064 17028 4803 7889 16064 14101 8231 590 8166 14106 11006 318 14315 13272 12503 10568 11803 10796 11823 2732 5296 8957 6302 12798 11121 17296 11452 15527 9021 15257 9696 9977 10171 17152 15102 
15424 13549 16199 649 11484 16424 17434 6099 7199 785 17035 10317 2360 1985 4535 3792 2742 17017 1867 1219 9961 7561 2517 9319 15036 8387 16644 5636 14586 7562 11661 16837 54 14687 6379 5829 2633 10029 14408 17008 15008 5283 10755 8380 16663 17525 12350 13025 13030 7138 14513 5230 2530 4513 14113 12230 2614 16801 13372 5878 7168 14478 47 9040 15051 17526 3318 8693 4322 11722 1572 14865 5066 17001 4666 3728 11470 16456 5465 17265 14422 4193 1143 193 6481 3501 2053 8506 12118 9918 16797 13220 831 6664 14793 16815 17770 14115 11806 11377 4198 15927 4152 15598 8298 1452 17477 9177 12621 9448 1732 15298 6807 5698 8596 14532 11073 
7149 9774 1849 11934 8834 7035 14559 12335 17210 5260 4009 17384 11735 9192 14767 1317 2794 1992 2444 13794 4836 12286 10611 8811 16794 1836 17887 13237 15704 10061 11587 204 14237 12654 11004 6029 15604 8058 13858 9579 258 16408 4475 12675 1975 10513 5863 4830 16850 13250 12713 17956 14225 11638 14747 920 10576 10406 6466 12640 5564 13847 8272 4751 11326 8393 3293 15045 5081 14268 320 14414 15306 14451 5015 8306 15620 722 4906 3143 1472 10593 2891 9622 8490 2016 7253 1247 9703 14545 16366 12939 3139 3743 5778 10295 11203 8420 8756 16416 1332 12521 5923 16148 298 6282 5657 5852 11848 5173 16173 9046 16407 16748 16627 13277 3582 5273 
16899 7674 10424 1949 4249 7374 8709 11784 34 4435 13685 7542 2035 535 12767 17717 17167 8236 2786 7436 16886 1111 7961 7669 10969 16194 5537 2961 12237 11519 2812 14637 16129 16629 5429 5704 2783 7833 11883 5933 17483 14325 15550 15880 16700 7505 14355 7588 11363 11338 9430 4738 2075 4130 10766 16255 11114 2589 2316 14301 878 13605 3345 2497 8706 5615 3491 7431 13345 9114 12168 6864 1922 8243 11590 7295 14915 5497 1176 8464 7018 5945 366 4853 9341 7739 1822 10289 15015 8915 5189 12816 10981 10 4240 5118 14306 6578 10373 6621 13148 1652 7807 13327 4671 12827 1621 1596 12698 13552 16732 2023 10098 8402 11352 8271 4077 
13099 7124 16224 9324 15324 15235 9724 11559 7685 7585 12110 1710 14842 13742 2417 15236 17442 15792 14117 4494 10819 5086 894 10619 14411 11594 17944 94 11036 12944 4337 8111 3537 17154 15129 5104 9379 13979 17963 10658 12708 15833 5613 16505 6750 15438 3605 13613 563 15575 4363 15375 12138 5605 1653 9813 6778 8397 5997 4451 16295 4039 3064 12878 820 8240 31 13343 7541 16328 1289 6681 14556 1170 14751 10895 10270 12095 15731 166 6320 10370 3370 4870 768 278 1991 11264 12993 8165 15839 8939 16370 3643 5791 12872 5914 13490 3791 4582 1077 4171 13848 16898 13048 10452 11846 10973 7127 7723 14227 6821 16632 6298 12032 9521 
4324 9409 7534 10534 10974 15599 13649 7784 10284 14784 11759 4810 16492 9359 15692 2017 15469 3617 14067 2694 267 4394 13311 4042 1061 5386 11469 16237 5394 9361 12687 1612 1911 11487 17187 6912 14812 3479 10204 15729 12279 8454 15929 2479 9233 1308 6233 5558 10975 375 12305 3413 10775 9180 16805 10875 4938 13575 9738 4215 6913 11488 10325 5406 4647 7116 7178 5678 9226 3290 10626 7447 14965 8118 16790 2890 3231 7031 13031 3264 13631 7678 13553 11943 5481 10222 7516 5039 14364 17128 1943 10106 5931 7139 13422 4197 772 9440 8489 14697 16189 4372 8014 14581 6541 17751 5643 9893 6618 14681 6845 8772 1003 17671 15023 8702 52 2646 6127 3207 15107 16457 14832 15007 7098 17777 17002 11621 15432 2452 396 12673 10346 15727 16246 3248 1307 10798 
12699 9449 6374 4834 11074 13674 6859 7809 4659 15259 11259 6960 6035 6385 15935 9734 10035 8567 7011 8269 4869 4294 16544 7119 3211 9836 2311 1169 7012 6569 14861 17829 5062 8487 3237 6404 3829 16233 9587 4 14333 11158 12333 12208 16108 7000 8708 9333 17613 1213 12300 8650 3325 14080 9188 15325 2830 4230 8505 8780 11120 4447 2970 14731 9170 8620 14701 16170 12676 3278 7614 10793 13589 8016 8643 1478 4303 14465 11256 14022 13140 2456 276 10131 3356 13141 1997 791 997 1845 15376 8253 11053 1620 7615 4018 5270 10064 6428 1290 13520 12990 12678 14028 15772 16570 4820 3090 6395 870 10014 12157 10007 6996 17207 13273 1321 1121 5582 602 32 2748 17457 11957 2071 11752 7123 8502 5457 13952 6827 6032 4048 14052 2721 7198 
6749 199 7224 2049 4549 17459 4074 4310 9234 14710 16960 7660 8392 6492 342 4985 10342 7667 6567 7169 12686 17619 1417 7894 8169 15061 5419 1337 4769 8612 14387 4212 4094 12362 12737 262 16529 4629 29 6554 12779 1233 7733 15283 5308 11608 8458 9013 10350 3825 1755 8500 2005 13775 8730 9413 2880 16100 11030 14622 17522 7980 3938 4350 2001 5726 1645 6920 15016 1403 2518 9045 14803 7645 1726 8995 2241 1976 1618 17589 7314 990 11540 8940 9603 4580 11801 10645 3516 2251 13556 764 13801 6376 2170 14056 8864 3597 8766 16153 2270 10666 1695 15540 7706 2764 4353 12131 14190 12122 11095 9065 2866 1798 8828 6623 2007 15248 16346 3327 14702 13921 3982 15807 7452 4096 11977 477 977 5848 9923 13548 5996 7946 232 17398 13421 10327 
9649 3434 7609 11474 9074 9410 10009 1159 9374 15159 13659 3210 11910 17892 460 11060 15461 1394 617 8394 17586 6419 10569 10944 11486 1194 8594 14369 12736 5667 3387 2211 5312 10987 8437 15454 2629 17637 4854 16954 2608 16829 1658 13683 13358 9833 14725 4255 3275 10600 1088 17125 10063 4288 11000 16613 14180 17038 9063 15855 17163 17838 7841 3695 4770 10563 6338 14015 10901 2301 14265 17053 2045 7618 8428 7776 15318 851 3353 8615 7468 7672 1576 2331 15081 4103 17126 4668 416 640 17806 13378 9445 3245 197 6190 13765 5381 13228 4056 15889 11566 1720 8781 12622 11490 8556 16816 12065 10116 14447 4972 14945 16031 3943 13896 8532 3402 2677 8032 4173 7507 15252 10202 5596 16823 17898 3652 4252 7457 8327 5352 8527 11032 9857 9248 1302 2657 1882 
10399 17274 8924 2899 8499 15024 524 12984 434 15510 9460 16385 4167 11435 13985 3967 16592 9810 11336 9269 1594 12967 10744 8511 1019 5944 16836 8769 16569 12886 14494 2437 961 7361 14062 15812 17086 13404 6629 16329 104 5804 8779 12429 6108 9133 17283 4205 10938 7863 4825 13300 13130 15213 10288 2350 938 6763 605 16625 16480 10025 6501 2964 6726 3555 14843 4315 8641 3031 9272 6866 3978 7603 7968 2841 2003 6289 14918 7368 4940 7581 11966 13664 15301 15795 4739 6497 8947 12140 17165 5141 13126 16016 17266 12989 5368 14089 5526 14576 7028 4790 8276 3820 6245 4364 13022 966 15740 2114 12266 10345 8597 2698 11198 4998 14007 5782 8132 3223 10532 8632 10071 5957 7096 7027 14471 16923 9623 1046 12307 17782 10371 14723 2073 11523 11152 8077 
12349 8849 17349 17684 9459 15624 13574 8159 7834 14835 16010 13860 4935 9685 14735 15310 9792 7792 16142 10136 2242 8386 9461 17369 6842 17211 14312 3511 5036 13636 319 14236 5869 10862 13712 1444 4554 4829 4204 1104 4779 8233 3529 17533 15258 11758 16608 12155 8438 12525 12075 14455 9138 11555 10188 9850 2663 12850 4225 3913 10913 15555 6555 14726 10926 2276 3291 10693 7101 16293 16428 897 17541 10795 13368 7214 7695 14003 11843 645 6465 7476 2839 11014 11751 16666 790 716 7965 8422 12147 720 8856 13053 5826 6176 10278 9347 12943 5872 14440 6156 4347 8345 17745 7256 14439 2264 1689 8551 9289 15715 16197 2266 5903 9352 9146 4696 657 8352 6782 9548 15273 6196 16796 12196 15948 2146 5007 13498 7821 6552 2157 15382 6557 7682 11357 11571 3371 
1599 12684 3459 5909 2009 6534 4809 5059 4409 15560 17510 2859 685 4360 9384 14235 6542 1117 2960 14917 1167 16942 17911 14685 17011 6512 3144 17719 1662 10961 15836 17662 16219 14486 3587 6037 10079 6729 17787 8004 1404 7204 7754 15458 14658 10108 16283 10955 458 17513 8925 13630 9605 13555 5738 480 11180 3800 8555 3100 330 10455 17775 10689 8563 5566 2314 16863 16226 12745 2989 17197 1201 2790 6231 14247 11465 8289 16539 11206 12264 4506 6581 6240 17778 3441 1216 9481 14431 11491 1718 15618 965 7320 6440 10272 9339 13551 6256 7390 6656 4331 14570 2253 16272 7964 547 12928 1215 12120 9841 3781 728 5952 6698 11457 10632 8346 16882 11673 11402 16471 5177 2877 15957 1598 3421 6746 7702 13377 14132 10848 15857 14677 4777 7671 17248 
10774 4824 9634 15874 7684 14609 6899 4359 16609 9224 16885 13460 8760 1935 1160 13442 7617 10311 12867 16792 10386 3394 9094 11494 15444 11961 6394 6911 2687 9236 14762 2912 3642 5787 5087 12287 16469 14704 3304 15404 1879 7604 3504 16508 8508 11208 1033 83 12913 17650 12063 15175 350 213 10250 14013 15613 11738 6980 9205 11305 9980 12780 17520 17945 3780 3868 12576 9941 2514 16615 11331 7622 11151 378 6315 6314 7676 13922 6922 10726 13239 14553 406 7972 4497 3447 15472 1989 13789 14822 12103 1206 9222 13876 8553 17264 14693 12278 4545 4897 1266 1590 15615 1765 3022 4365 13064 12616 3553 4740 15720 10195 1016 4627 11132 15623 13971 15271 2107 3507 11123 11321 10073 15157 7282 15732 14952 5098 9648 2457 13871 2077 10377 807 14123 3271 10652 16957 
13124 12424 6024 1374 3799 4434 8099 13809 14334 1359 17934 3059 13634 10092 10767 2917 7285 1492 6967 8317 13536 11510 8736 16894 15644 9069 719 5769 311 10669 8419 15987 12537 5437 8119 12579 16212 7904 3404 12504 12954 17208 4354 13408 6383 6858 7850 2463 4630 6230 2125 10263 13400 12813 6000 63 8575 17025 1100 1150 9880 10555 17340 7189 17651 3315 11845 15243 15626 13697 7497 17531 5056 15697 8797 12478 2468 1428 6051 7515 13943 17497 6753 17893 3364 17668 2366 11265 11422 1503 4543 8368 10872 16156 15840 447 5370 13197 8478 2566 2870 9539 12556 12547 7268 17864 13453 6568 9416 11593 9753 4590 1947 1106 15746 16566 146 2021 248 6596 5727 377 12298 4598 10998 9252 15932 10982 4223 16057 2623 16432 12777 5971 15952 9332 4577 3077 
13749 13824 499 12334 5824 8859 7909 2134 10434 2724 10810 1485 12560 13785 14885 14585 15642 717 4192 2710 219 9111 819 3769 5892 11969 13586 711 3036 86 2061 15619 8737 2012 3679 14329 379 6129 11129 12529 4429 13029 6429 8329 808 6008 3358 5975 15900 3030 755 8288 4100 14425 5980 8330 13705 1450 11763 9655 7255 12213 15388 14280 3070 4122 5905 3465 9664 4041 16476 7547 3301 8270 15881 2343 7670 15893 11878 3545 17068 17640 5441 11622 12276 2145 2089 2466 3631 11456 1776 15868 13565 564 5814 3776 17689 12281 6543 4878 3240 1306 11351 12228 17853 7303 14191 2151 1956 14678 4351 11191 528 17568 10582 15032 9771 17427 2846 2177 7782 15123 10127 2346 15832 7332 15396 16782 14698 6823 10277 13382 1702 6371 548 9346 14473 6582 
6499 13874 734 10799 9299 12409 16674 1884 17859 16834 6834 14209 9709 15492 14435 15785 5967 16917 8767 4592 4469 7069 13461 5586 12544 967 836 3719 10912 3661 3161 4536 7437 7369 16987 4736 7129 10529 5612 9529 10229 5154 14454 16308 9904 15383 1133 11983 2980 3425 10013 8050 16725 11425 8463 7525 975 14963 17966 16600 14488 14063 2288 5316 2616 4645 13440 16089 12626 322 12715 12340 1828 3201 16390 15568 514 12891 8328 1903 13995 15566 11466 7797 6272 9181 3366 11639 1390 3739 15168 12890 13706 9456 11190 5806 12139 11040 12516 15276 4872 17743 3716 9389 12620 11251 7816 15870 5895 3191 11178 2806 5665 281 2172 9393 1873 13481 8173 12627 2946 17732 17402 15071 11373 15757 5946 15707 1196 5227 17107 9657 17646 1673 13123 16421 14696 9377 6157 121 
7174 7924 6649 14424 14024 7434 4934 10085 14434 17659 2809 12849 16710 1835 5410 15917 13842 167 2611 5010 117 6667 4861 15519 16019 15669 12869 1794 13911 9637 3711 362 544 4312 7612 5512 1329 15229 13054 3129 15254 9354 13379 279 158 13533 8308 16083 7755 16358 14463 10355 13138 1655 13905 11525 6680 11850 3375 15580 14813 16755 2855 9156 7026 11241 10770 16781 9093 3843 4256 8970 2239 17176 4028 17606 140 5245 12490 15895 1070 5765 17793 17803 17628 13918 4503 16940 17822 12301 8572 15916 16353 8220 8503 6890 845 1681 14789 15631 4491 5864 2076 16065 5353 14340 3439 11476 16256 8866 11020 13816 2814 8818 4597 17753 13456 1382 9432 4752 698 6323 4796 12471 11407 6182 13071 5271 14046 17021 4332 14171 16023 16352 12423 5398 8282 15752 4771 9107 17382 
8699 16484 6224 4399 9024 4349 9624 2159 11210 4485 11734 5159 84 17592 7810 2935 8842 892 7217 11984 6460 17642 1435 9169 8986 8011 15361 1237 13819 4887 2461 12194 9936 6836 15287 11887 1937 12862 7387 3329 11679 8954 4329 6162 2954 16883 17058 13658 10433 6083 7150 1275 2300 17580 8805 4500 1155 2013 12550 12988 9405 11930 15063 6650 17347 8251 14826 7164 5745 11415 12356 14166 12647 10330 2676 4278 6116 15943 351 4845 4376 13570 6947 2491 391 12814 653 1064 6893 9328 14864 2897 12791 6493 13678 3228 16166 6576 1268 5378 4489 15591 7895 17490 3941 13393 2772 15576 9568 428 3551 10190 9590 14281 10668 12468 13082 7646 7532 14021 10502 2221 3246 671 282 2277 5932 7323 8198 17148 5102 821 10298 13098 13857 5921 11821 948 14752 16852 
874 799 1174 1324 12674 1335 684 6984 12234 7860 7284 985 4510 7010 6110 12417 11017 13035 1792 2092 394 11192 10119 14394 694 3794 12436 2844 4411 9762 10637 14119 14261 5587 2412 11044 1511 2879 16879 13229 8029 11629 3554 10308 10558 14958 2108 14133 2380 16208 13863 7638 16775 10205 8238 5080 2825 2188 2438 4263 7655 1130 12280 17763 14643 10238 16206 4220 9365 2626 15414 10451 7772 7639 39 12239 4716 15790 16395 2472 4714 6068 9147 7266 16176 2865 16841 1995 15245 1366 3740 12493 12289 6328 9281 7143 7693 10531 11797 12290 978 16897 17551 1581 9064 3931 5701 17006 7891 11016 9053 16866 703 13014 11081 12382 7007 9071 1432 5148 6571 17396 12773 2357 16948 17973 14 9557 4527 7146 17948 427 2752 371 6377 11982 7232 14748 12907 
6699 12584 7099 15674 13009 10909 2124 13784 8349 2309 10635 610 10509 14999 6785 8517 14542 3017 2767 3892 12344 12642 15986 17161 11619 5261 9986 5844 2036 917 1287 7537 4742 3762 911 4879 8887 13829 8929 17279 6854 12454 14079 10758 3708 10383 12133 6933 13158 15933 888 1688 7050 11413 11925 13875 4950 7425 10905 11675 7800 16938 9213 1705 2180 2393 17826 3314 1078 3470 17590 8226 3340 7416 4470 15939 7520 7697 4928 4864 10545 8106 9190 8945 4670 2643 13601 12326 11615 6976 868 10495 1815 15778 3531 14193 6551 10101 5140 8853 9120 2141 14372 5547 9768 17553 7789 16881 9781 6381 12191 10065 13164 2415 15115 8798 1323 7057 3221 7902 7073 7773 14907 3796 16357 12727 7307 982 4652 16127 8673 6096 3332 2521 10102 546 13671 4296 9798 
399 9799 2099 14374 13309 17199 15209 3349 17360 6434 10335 4749 6335 11309 11217 4492 8742 14092 8636 3542 6767 12319 5369 2419 14611 11544 9412 4017 15311 17936 14269 13212 2237 5837 7812 14304 16937 9337 8979 9912 7404 14608 254 2154 5654 10183 10833 14858 9600 11288 9488 5350 13800 11955 13980 4713 355 15513 6875 12555 7705 16913 14728 6713 7866 16230 4000 6064 4564 3845 3216 9128 3270 11670 9618 5241 12491 9814 17789 15845 10139 7278 7043 2290 5851 5865 15195 1445 6439 5940 2106 6490 4890 6822 13906 8401 11539 101 4393 5831 2122 14181 9178 12447 10747 5928 256 2978 4728 6391 4266 4966 10653 8872 9070 14632 15427 9198 1682 6357 4246 123 673 17682 577 16546 7298 3671 4648 7302 348 10323 3607 13198 10146 11596 7221 17096 17748 
10574 15299 2584 16509 7574 674 3460 5992 9834 5785 4534 11709 12160 10567 2385 4642 6242 2210 3919 10842 3461 7161 13642 6311 1494 3786 861 7462 16512 10537 17786 15187 2069 13687 12487 10337 6169 6712 7779 12062 5354 3683 3729 4608 13233 17883 6500 7758 6350 10505 10900 11163 8605 10713 5175 1125 1680 15775 2355 8880 12916 16450 8888 14639 10945 17418 8005 1091 4476 13622 9551 1347 12956 7339 11516 591 7318 13206 16472 1422 9189 16718 16489 11139 8726 9720 9228 2665 6489 17147 12966 13770 6089 11872 6643 12145 12072 12291 6616 6389 11068 17247 10390 1214 13276 4745 643 11814 11165 11778 2553 8889 9072 5757 14877 7527 13852 6052 2448 3357 9232 8602 16327 12996 15557 296 12527 3702 6923 2627 1371 2546 16557 14646 13632 1221 16677 
16749 8024 824 8449 11134 9824 12949 15959 1085 8959 15899 16474 8785 9285 6760 2060 4085 13967 11660 336 811 16092 15344 17269 13361 6994 12111 16844 2044 17644 2661 10362 136 11411 11711 5237 7637 6586 17454 10704 854 8704 3908 7583 11583 15058 7183 5883 10413 15155 7030 6900 6355 15163 11730 11575 3575 16713 10138 6613 6455 4428 5463 918 10765 7539 2926 7064 14566 7091 9472 4172 9870 7231 8151 5593 8364 6193 566 6070 7489 4064 17656 16453 3653 6039 95 7126 3703 15920 15140 16497 8865 11631 8514 8195 11531 13265 4368 5031 11218 2941 9565 1722 14445 16245 16922 12656 15864 2822 16676 9628 12752 6507 2882 3798 14248 3027 4457 5632 10846 17648 48 13977 7882 823 4371 1973 8548 12977 2898 6832 10148 8096 8852 2723 15498 
4849 4224 7824 4484 13934 3759 4160 7759 8459 15834 11242 8985 7359 7042 16610 7067 2642 12467 3267 15842 16460 7686 14267 13336 9686 5094 4661 7744 16661 8369 11744 8312 4961 17687 16479 14887 14737 17529 4362 15629 1354 2404 1004 15558 1808 15633 583 16633 2508 5763 11375 988 12255 130 12838 1600 13075 1738 14155 5000 12688 14305 10768 12863 11115 1500 8316 10801 13051 17591 1076 14664 5190 4165 17539 12839 8515 493 6072 6141 15041 10028 13214 13139 12666 8056 12247 4818 9220 765 8153 7791 12818 15789 1265 14189 16114 14353 5166 14289 9145 12297 7014 5515 15364 10566 5720 15714 2440 1006 8164 9978 11066 2577 9823 12496 7102 13846 2621 1357 3382 9227 13882 13332 10702 13623 3948 12571 4802 13573 10477 16348 13748 15146 9327 907 11873 15046 
4499 14399 2349 14049 1149 2824 7460 12484 12859 15910 13835 1110 13034 3260 1667 14260 17410 11142 285 7044 17067 16519 13592 3586 17486 13319 12861 16586 4236 44 16869 16269 1161 15387 9787 1379 9404 13987 15904 3379 15887 3637 11104 4158 15758 9783 11458 9058 14283 17713 4838 10405 3363 8850 7513 800 8725 13105 15630 5138 5638 15288 1163 3150 2381 788 3303 13841 972 10365 1097 9047 6103 15101 17703 5216 12641 8795 11506 6191 16953 14026 10141 2539 2914 17440 9903 10489 228 2428 16601 8072 7720 13203 16672 11268 13314 6965 17153 5170 13689 17172 1378 16247 3878 12389 17695 16241 10743 11818 11164 3564 13778 2602 16196 7973 15848 13827 6071 16507 5682 9207 14548 2298 2796 3646 13898 3971 14902 13571 5832 2702 1946 9427 4473 17677 527 3673 16021 
11174 17374 4309 17049 12199 14249 11359 5759 6559 11084 3584 8409 6060 2484 1785 9442 5810 2586 5592 8869 2911 10469 13469 411 4819 9917 5594 2612 4794 15794 5694 8062 8987 9394 9661 12112 2862 8854 9079 17329 15054 8904 2754 3604 15683 7083 16008 9883 12900 9163 6258 9950 1675 2313 425 16338 5525 9588 14055 11963 15800 3350 525 13125 15405 1628 2391 5295 15216 1000 11841 17715 6047 5093 12206 8122 6139 16701 5770 6020 17791 6215 2370 9493 13028 8076 16893 6095 5243 218 3445 17122 1468 3945 16839 3745 16339 16551 11768 1193 4726 8765 15872 5214 11718 3395 17815 8472 14589 9439 3897 2706 7981 5345 12732 4196 17202 3827 2471 2757 6748 7602 10832 10271 15077 6002 4021 9652 3127 7082 8557 2857 12852 9646 9846 11496 2252 10627 3121 
3399 624 8224 3574 15749 10809 5174 4859 1559 6474 10392 13210 7467 3859 6810 4760 16742 11635 14467 1244 14667 15511 15942 7244 4694 3619 11786 14169 12444 12011 9011 6119 2994 1362 4136 837 10304 12387 16412 11312 5862 17387 5279 3254 15358 3333 958 15333 16558 2730 4438 5530 2255 1663 14405 16175 14525 7805 12725 6550 9825 9380 4575 2413 4922 2622 9516 15165 13839 240 595 13831 10889 15164 9956 8501 16668 5478 556 4306 17378 131 2345 13916 2922 16097 17293 441 13968 15322 10543 13616 12445 4131 9464 11201 195 7393 2118 5397 10143 120 17728 1316 8895 14568 12226 5815 9553 11578 6556 13503 9215 3103 17607 12027 7923 8073 13798 2707 2498 7748 14096 12098 12271 14948 4282 16182 17182 5027 6882 16582 2771 1807 221 14607 8296 12057 6121 1996 
16774 13949 17774 8049 6199 12799 99 14759 2234 9435 14659 1342 5285 14760 14285 867 9660 11542 2842 4367 9567 16217 786 6917 6336 9794 511 11317 3236 13394 10137 4487 661 16962 7887 14937 16061 1204 14379 2829 7554 2854 8204 6058 6133 6958 13958 908 15225 14838 6813 11900 13755 14230 3713 17550 12125 5825 6255 11455 5188 9525 6225 255 11076 6416 9151 3297 11445 14272 3865 172 14201 14668 6201 5581 4166 17140 15470 15403 17270 7406 2495 365 17422 1756 4268 10206 953 13318 8070 13418 4664 16643 3747 8793 1066 2143 5143 4801 8465 2715 6756 13641 11697 17076 797 4589 12826 1220 16418 6591 6597 9831 3773 13873 5402 3852 2532 2832 16727 3523 12848 832 13027 16527 7871 9573 4373 757 15782 5423 12602 6796 6577 8396 9932 17573 4871 
7624 8524 1124 8274 12034 249 184 6259 12910 12359 4234 1 3710 10610 11034 7410 15442 15244 3217 8442 3436 13436 4461 17344 92 16336 9311 12569 11436 6661 9019 15869 2579 2711 13362 12212 14562 16504 12079 537 12804 14354 9854 13279 16733 12033 1483 4183 6458 7025 6205 17200 17605 9663 4305 2363 11880 9300 2305 7350 7780 10105 7955 300 14614 7170 3080 2791 6406 3514 8340 12643 16890 7681 15064 1606 11603 12566 9931 12820 5868 5072 4815 1414 12793 2191 12497 1665 4806 3651 8145 1381 1195 5181 14966 16172 14426 656 2864 16889 10851 9570 2931 5122 11695 10556 13306 9543 2672 6097 3168 2820 10641 1120 13466 9323 582 16007 1773 6057 6073 7657 11827 12173 6457 5196 1402 4532 14971 11807 6877 13157 14298 13673 15521 7732 15246 3927 14246 13046 
16249 6149 15824 7424 12999 5599 14549 1624 13459 16485 15784 3834 6634 16735 5809 6517 17634 16185 11385 392 13185 10159 17485 5935 1817 16260 17367 2560 10394 9710 14336 9585 11567 3469 4319 7761 13112 14061 9469 17119 2161 16711 3019 9817 7811 2744 8761 5711 16861 11212 469 8937 7062 3962 6262 9811 14512 3262 15662 3737 15954 10687 7229 10004 6754 11354 13654 1454 4529 13704 4804 2883 16908 16454 13883 1783 2258 6983 4550 1530 9100 9625 12480 5355 8113 8280 6780 10030 12600 15488 11888 3113 11275 926 9580 8430 12463 9338 9200 1433 3697 13063 11300 17516 890 14490 7597 15515 7931 12245 7264 7715 5568 993 5053 3614 11970 3656 14866 17851 7353 13856 2147 15768 13578 12201 2770 818 581 10878 16191 13065 13590 8406 16464 12256 4814 1095 5451 1556 6826 12831 13766 3889 9756 1870 28 4264 13681 14526 10541 11015 5472 14851 15116 6266 6339 5540 16814 14051 3890 5722 6476 991 12114 14328 14318 5195 9989 13514 10864 5822 17690 11222 15856 1318 1140 14756 14291 8218 12190 13820 13253 16228 9993 14997 2406 4202 10015 3195 15722 17095 10248 11227 9152 11364 9296 15773 5371 9632 7077 16846 482 15232 2823 1423 7327 16932 3546 507 621 12682 6132 16952 15073 5507 11221 8777 14057 13732 9773 11602 11477 4896 3707 16096 7023 15802 10932 6077 13407 3627 13232 12721 10852 10446 15852 3996 12127 1896 5132 3921 13023 8371 4846 
5999 14649 10749 6484 10449 10599 6249 3609 8635 3435 1749 385 6784 8909 7610 12634 10360 6535 1734 14134 585 6860 3835 7949 10985 7385 16085 7117 10217 4960 16392 1017 1286 17594 5567 11161 5961 7269 8519 15761 13869 17694 10711 2861 7611 15487 4186 14094 62 7086 13144 11162 14011 11812 4637 11937 3487 17244 13312 5137 4262 16044 14912 6787 4744 1279 13879 4979 13454 17833 10279 13154 9958 6733 15029 7108 10008 3208 633 1183 14058 17213 17913 5055 7675 680 13413 3588 17250 15088 8788 15425 8025 5180 14897 14188 2950 17055 5713 9530 980 12475 438 13805 17813 2315 16563 11664 11397 2278 2776 3618 15597 7756 9101 15690 15401 11739 11414 4053 5856 17643 11981 6676 11765 4006 12828 5578 10103 5503 7939 12078 865 15539 9995 3606 8628 11672 5139 9441 1816 13897 6614 2756 3718 5828 13939 15422 16947 17145 1515 2426 11941 8001 15851 491 10268 15122 4514 10389 16795 16540 8415 6897 16122 13464 16356 13495 253 12003 15578 4370 14293 10745 16651 16681 2103 3189 7141 3565 4420 15670 15843 3397 10122 3095 9068 4578 16406 10665 12681 10178 16253 9845 15481 9566 8093 5302 798 10340 7321 1627 6857 8507 16282 11427 17871 16502 6627 6423 16157 5048 7771 12507 10457 15177 11348 3232 9952 10607 352 9271 15523 3577 9721 1998 4052 11702 11646 16098 13582 15777 8896 6023 15282 2082 13702 17873 16721 6407 12077 8202 4548 15496 11107 3548 5896 10177 14432 
8399 11224 7034 15709 7749 4124 474 10859 5784 9184 584 5049 15859 1759 3960 6685 11335 17685 5234 6410 17460 4134 3560 12917 3392 10942 16560 9092 6367 16244 1910 5117 8069 14942 10992 642 16961 16994 6236 6369 16319 16344 3419 11267 6086 6011 10344 15786 9286 12087 9262 7137 119 1536 6412 7511 13044 17487 14962 1562 5362 14462 11837 17512 2779 15679 16754 12754 11529 504 6229 12604 7158 7954 5958 1608 6683 2433 14533 7283 12233 1375 3230 16475 905 15200 15475 15430 780 4033 4900 11430 3775 725 4805 17450 8913 5225 3205 3550 16220 2200 12513 8031 9518 3072 616 13843 13728 1881 13603 3214 14672 10515 10478 2995 7701 1856 13940 17878 9715 478 2731 1218 3581 11522 4856 1739 15803 14331 5628 14820 10843 3347 6928 16641 14456 3664 9251 153 6997 7716 17118 2976 11968 15906 15493 8753 4703 12320 8215 11547 1914 2670 826 872 13618 13406 1365 11995 13756 10193 8453 11097 16364 8566 6539 12606 12116 17691 5145 9891 14195 15828 15656 15970 7956 14943 2443 5014 14765 9581 8418 11028 2856 15664 16043 9743 8878 11541 1303 1018 13814 17768 14320 1232 5198 14332 8840 16918 2446 257 7921 7202 15698 14732 12577 10296 3032 16427 16123 971 7596 8898 10777 421 10273 8227 848 12957 10348 498 8946 7721 6898 14546 14782 14496 3802 16102 17798 8473 8902 5452 13371 13907 1271 14521 10857 10471 15671 12046 4557 13723 5096 3877 2671 14577 3146 
4474 13024 13799 8999 9849 859 11099 16884 9509 12524 8609 16709 3374 9759 4709 13299 17009 1635 13010 3734 3159 12692 659 9934 11999 15860 15585 13417 13017 1135 14392 9761 12835 11867 369 13167 17085 15817 2167 10692 9842 13019 10719 2286 4811 15219 17711 16011 15119 11844 8286 17519 12644 5561 11186 15944 17587 4011 2169 14244 4086 144 16337 162 7319 9837 862 5162 4712 7579 6594 1862 9937 5462 9454 9179 4379 4883 7458 733 7379 1633 9258 15983 1058 8183 2588 3838 14638 1488 15950 7958 2030 9075 12250 8230 5438 17575 17005 2963 15305 3963 13263 8063 4325 3225 7975 1313 663 3155 13188 12401 16388 17738 4643 1113 6122 7220 2728 470 10414 16878 17820 13101 4320 9916 14128 12526 7089 13356 7272 7556 15531 3578 10318 8870 16095 6839 6590 16397 13665 12976 15453 3518 520 1716 439 5016 14368 7039 13128 14366 17672 11564 13518 10120 5065 16970 4540 751 13647 12331 9447 3106 6093 8876 17739 12691 9965 10393 5164 6090 11726 7781 14295 16422 12789 15091 14572 14941 15595 9468 14064 856 1141 2551 2218 2928 3164 14116 14781 11320 12251 12693 2414 9216 4778 14118 15390 1314 4797 9631 14039 11301 16322 16915 5714 3097 6873 6172 9889 9848 13998 4902 7227 16198 14827 1407 5552 17507 1496 152 5032 7752 9677 10448 13207 14998 3227 8677 5673 14407 15552 12082 14652 15723 2057 5248 12171 5046 7421 7002 8571 15971 10727 6346 3621 13707 12648 7173 10473 171 11757 4573 7132 3057 12296 5546 8446 16902 
6524 224 8634 174 6349 12574 3149 7709 12549 12624 10634 12134 8759 3385 17559 9399 9499 5209 3410 7135 10584 160 6742 8010 3985 1885 13810 1434 16810 9235 5610 14860 1735 9067 9885 8335 942 6744 17317 2367 17894 8292 5319 12494 13694 9519 17219 16261 14192 10794 2492 13937 5936 11836 6444 16561 10694 2986 11644 13519 13737 4387 6362 13087 6937 2544 7962 3212 13912 8787 17904 14262 8679 11262 15379 15329 12704 16483 6254 12583 6408 7708 8158 17558 8883 13258 925 9425 7333 14933 8525 6738 15363 14713 16655 17175 6588 3975 6388 17050 13055 16963 38 730 8300 4930 10005 1813 8538 11500 4075 4555 9865 7531 6288 3693 6163 10822 2615 1895 15040 8191 17922 15172 8991 1701 1493 11481 12016 16545 16141 5040 303 11056 15345 14516 1841 8801 3590 10497 8903 4978 4895 6281 665 15826 13047 14764 543 2320 8820 13040 8139 7993 17272 13670 10547 10180 3591 13751 15416 7006 12697 8341 12090 9066 1368 2153 10214 13391 5431 16840 11715 3772 15743 16415 12653 4247 2815 16806 12520 14303 10922 8868 11868 2216 11070 943 17952 531 8326 3440 1597 14322 16181 9828 15106 10865 3940 1118 14593 14047 11816 3764 15703 11102 13323 16568 15532 1696 9002 9282 7152 3423 14148 10621 5821 8321 8171 6902 17357 14773 14202 13373 12121 13321 6452 10571 11057 17521 1207 15946 6752 732 10977 12096 4848 1977 2127 1571 15607 14282 5348 6532 12998 13682 9577 7273 15307 4127 7473 2371 15702 4748 3521 1048 16302 12273 
12599 15574 5984 10924 14824 17074 11334 3749 11449 13084 12749 1999 5624 4024 2999 11959 16784 14359 12659 9559 11634 12534 15467 16767 8867 15735 6260 15342 110 11942 7692 5792 17817 6610 1067 8217 9017 1567 1294 211 7261 10461 3886 15769 13961 16594 14736 7219 10786 13886 15237 8469 12511 4994 7344 15537 4369 14111 7262 5486 15861 10587 6862 729 16012 3787 1037 3037 10379 312 14754 8304 17754 15429 13204 6929 13179 3154 14004 1333 5183 2133 17308 17033 11858 13113 7808 17733 10508 880 8600 14480 15663 9455 4750 10680 11050 1800 2325 15138 2205 9280 16875 13713 6525 16300 2105 7213 5100 1875 12766 17080 1263 14472 8275 14955 3045 15415 7345 3316 2618 6147 10297 2281 4851 15676 16128 2903 8443 4765 16381 2140 13953 2166 370 8378 6993 11597 9081 3976 11418 13090 756 6889 11003 8445 17289 16090 16976 16901 6665 6218 13414 2840 6220 3620 315 9976 847 6772 4231 16106 11731 1245 345 17143 5631 12345 13714 16372 13264 8297 13039 14778 3815 8520 6668 12790 13793 2831 2918 5464 12515 13818 1253 1128 12093 17372 3151 17356 4956 9297 641 14547 14065 2416 16414 9797 9731 1101 4593 4891 1951 16231 17245 15497 11543 8843 16270 16202 8221 16577 15771 17271 13491 8846 3871 4307 12071 5771 1748 16482 16232 5677 9446 11832 11423 12148 6177 12877 5721 5202 2607 13646 7927 3373 15402 1182 12432 11252 9471 2132 13932 15602 15127 10898 13398 17932 1927 11046 4823 10696 4157 15548 10107 6523 3177 14523 17552 14348 13996 
8649 13424 14099 14074 7349 3959 10249 16799 11809 2949 1284 12585 12459 5399 7535 809 17249 1585 16535 1134 4685 16284 11167 1760 12960 6560 1960 4610 4567 14785 5919 6519 12217 15067 11292 17292 8944 15267 13744 9444 7769 9867 7736 6361 16444 1917 8911 8711 12219 16286 8569 4162 6561 15819 8144 8837 9494 1587 2761 9537 13787 8512 8912 1887 6987 12987 5937 2904 7679 6437 13637 17579 2583 8179 11712 10854 8429 5983 558 10329 9683 15158 3308 16758 4333 11358 14979 3213 2858 16530 2275 16205 9005 4005 3513 11400 13438 8513 1455 5005 8855 6038 9125 6088 11 8480 6475 1005 5030 12430 8972 13593 12655 15039 11580 11126 5965 10956 11605 2576 9681 12339 12590 8920 3128 5501 17622 1791 3828 6216 6056 11951 17870 3147 11753 15981 126 16341 17456 6306 15706 5390 9926 3247 17420 2445 17316 8064 1906 401 7643 15726 11940 14839 16091 6978 781 17047 4406 17916 17116 10156 12864 4293 12572 10581 14345 3965 10265 17872 14531 6447 8981 8914 415 11640 3803 8531 7806 16493 10070 553 15668 243 9643 14976 16556 11740 11681 1315 2803 4865 9390 11315 12815 12690 540 13545 6603 13720 17071 9531 3390 3881 10228 5922 14539 10672 2173 6307 14041 11820 15473 6402 16277 9157 207 11371 1877 16671 46 1521 7177 16248 5432 9673 11173 12702 11346 4623 9957 12223 15152 4207 16132 4123 15882 17807 17221 3407 3071 7407 6998 17971 8921 5527 10132 1677 14102 13752 102 5857 11677 3946 3857 1857 11171 17227 696 5902 7271 
9424 10549 16234 3424 6874 2374 10709 2784 14674 17974 10899 2609 11674 17759 11284 12299 6384 13410 7409 5960 8809 11885 11810 6360 6135 15360 11185 5860 1560 13585 5994 1642 17542 13092 14642 10885 7567 7817 4161 1717 4767 12792 11369 16292 7842 11894 6344 9194 13086 5786 15144 10494 7094 17294 10294 11461 2542 9136 15736 17092 1969 12412 6687 4361 16419 6186 17037 17012 1987 11419 4144 12462 1787 12437 13562 6204 8054 10629 3104 15579 15708 1554 704 15233 5733 8858 14904 7133 6758 2008 408 10158 11008 10483 17638 1958 6583 8225 7680 10538 10463 4625 14750 4355 16130 14025 15125 2750 588 1380 7125 1138 8530 3438 2430 12488 11600 263 4238 17625 15441 522 8930 16622 12922 5572 10772 3876 15372 6903 12047 17201 7920 7328 8241 12603 12893 9470 15701 16606 10126 17701 8518 7356 9231 13270 456 17278 1440 2451 16951 1993 14972 15001 8339 11956 1978 8789 1328 3015 14006 2353 15476 13656 631 13690 214 4528 9345 15070 13516 14347 15614 10472 13965 15331 13401 5356 9476 16140 11865 10718 8540 16368 14441 10066 2564 9331 4403 9597 9895 5168 181 7953 11043 3118 3381 16690 13291 15770 11065 13768 12514 9381 14278 16818 16268 10664 3770 11353 16041 15114 3768 5716 5746 2377 2065 17090 8071 9357 12446 15421 8996 11921 3277 6048 5877 1421 5321 6952 7577 15657 648 12671 11273 1582 1448 12952 10877 17332 13821 77 13602 4757 12582 11296 1257 16107 6982 8452 177 15048 13402 17771 3396 3157 11246 6421 4352 8223 9148 1971 11177 17232 6148 17048 4807 
17899 2699 599 10384 10699 15849 11549 14599 14634 4559 15084 4099 5084 2974 7009 8685 13935 10760 16510 10959 16585 11685 8610 2160 15085 13910 11560 8692 13485 4410 4392 2460 8861 6867 510 13242 4942 15417 13917 11742 11219 3411 2992 2019 10267 16969 6286 6019 4142 7317 4194 15136 11569 236 3687 12037 13561 562 11362 17794 12312 10044 17337 13337 9711 11962 16036 3369 2679 1269 9754 13529 13137 4504 13108 1479 11854 8804 12479 12004 2683 4054 13504 14758 16708 9458 11733 5033 13583 13633 80 11033 12638 4008 13750 4975 12205 17800 16363 15030 2913 15905 14238 13563 15080 16313 9675 4988 10605 13763 6238 14288 6105 10038 9401 7130 1893 13366 5700 903 463 13122 10993 9256 7851 15170 6368 8347 4228 12068 16470 11131 11793 13428 2195 17103 15181 7666 14491 6881 6764 16331 5790 6189 14951 10797 7193 3039 8028 3043 5043 6972 539 2915 11416 16006 7970 6914 9901 3841 12378 17368 10990 5240 4478 13165 11306 8481 17141 10465 2364 8143 3926 5753 5656 7395 13066 7190 1439 7976 1591 10391 2116 2947 15601 13614 13645 15765 15647 17678 2206 3389 6393 1518 5506 8890 15966 272 1593 1965 8172 9795 16691 10853 9545 12270 1953 12193 16318 16306 12902 5973 902 3793 13102 6607 14898 782 7246 11902 3302 5602 2821 15821 16752 6946 7552 346 11048 8621 15196 14371 10646 12946 17627 12073 7832 8023 6871 4502 12346 4323 11396 17852 6977 8448 15648 5523 13396 13052 1982 7 4952 15132 11852 11746 3821 16177 12748 12177 10257 12452 5702 
7049 3974 4949 5274 2249 15974 13759 11884 17949 13234 609 11724 5259 5910 1684 5474 14484 974 6284 13117 15535 11360 14085 2534 16210 9110 17234 6584 3585 3767 15567 12635 3492 12142 85 7342 3717 11011 3360 11344 12667 1094 8694 13517 3494 7719 1411 11911 5436 5144 8586 8894 7111 8086 15211 10087 12186 16361 6894 12762 16669 14211 15892 6237 11687 17312 13511 13662 487 1229 3361 8287 11329 5812 2429 8629 12837 4404 3879 13329 11829 8833 208 11133 2908 7504 17158 11433 2704 16958 12808 16213 17438 2983 8988 10125 5050 5950 6013 7725 4150 8425 3125 9938 4763 1338 55 9750 12313 12225 5705 8130 14125 1250 13738 3930 3901 12597 6865 6522 3528 12039 16281 6115 11890 17331 7451 14351 6014 9514 6018 5495 1672 4520 17876 2816 12066 3616 16466 12714 12416 4245 147 13781 7316 14988 14914 1516 5689 6015 1139 7490 15503 13301 8741 11756 6318 393 2639 226 17065 1806 6016 3339 13951 4651 7306 7991 10870 8068 2131 8691 12089 17151 4190 14239 16131 17389 6628 12539 15918 6078 3797 4145 12020 5453 16991 16018 10381 16465 9589 2714 14964 3101 17365 118 15718 9793 13068 12931 11581 16647 15766 1190 15495 8046 3731 10239 10243 17243 16320 10022 9791 11093 15118 14602 8831 12091 13432 10077 6777 7546 7398 4552 14421 10321 2921 1527 4257 4982 7448 11598 15148 10302 12657 14457 15302 8432 5907 4221 13727 7673 6771 8177 4032 11696 3348 1902 973 17923 8927 12971 9998 1471 13223 12723 957 10173 12102 7877 16982 7107 3102 17273 13002 11707 12646 
15249 12149 999 7459 2774 5949 6684 2634 8574 17424 8385 5284 4460 12159 9684 8784 10535 4210 4759 17109 2760 5310 9984 11659 5884 9859 5459 9134 11085 2184 8242 7267 17517 13867 6317 17767 14567 16192 2886 3742 12017 3042 12411 15194 16867 1467 7444 8019 16719 17311 15462 2236 6886 9569 8637 11636 8494 13919 1869 3094 10012 4287 787 4687 10937 10487 11612 9062 15737 5287 12637 2387 5037 17712 7704 5579 9304 1979 10979 1304 14833 8533 12979 13479 1083 17908 6283 7433 5533 5108 8908 13588 2580 7613 6988 14655 6200 11480 17588 2800 17930 6130 7580 13900 15863 17113 13930 16638 3338 6925 5025 15780 9330 2100 2805 7713 10353 13475 13826 1300 16880 5318 1470 11447 691 6506 16743 670 16764 9426 11472 6941 2240 7943 7745 10866 5589 789 11565 17040 8618 6247 7090 5897 7726 8703 5443 17795 11039 13240 15747 8440 15066 2041 13195 4866 5372 8891 11595 11947 8564 4291 16828 10893 16931 9245 9547 9876 13390 15903 9 4068 12822 14016 6290 4270 15716 7270 2739 541 14197 6253 6714 2201 2720 597 12390 13718 13493 16478 15672 2093 11166 2768 4791 12106 11314 14989 11864 13018 5820 13166 14766 2718 13153 1145 3014 3156 8078 4078 6151 13803 6123 15798 2196 16448 7827 8357 9852 14502 1898 5277 3123 16377 17832 16827 7632 15502 9173 14848 12123 15221 246 2696 10721 16571 17821 8882 227 9507 623 11771 11727 15482 9671 15871 1771 5807 10902 6527 17557 1921 748 9348 6632 11607 15898 13948 10002 2907 17132 13096 2123 6152 
3474 16524 724 4724 14974 2274 11624 334 1809 15484 13049 12685 14509 8149 4634 15659 5899 7110 4959 2910 14635 9659 3649 17160 15060 4842 14184 5542 12885 4260 10367 12510 16236 660 4792 17235 3286 744 4311 17336 10411 686 17837 869 5269 9611 16436 12619 5294 1769 11769 15044 2769 17961 8237 17537 1844 2486 8561 294 11311 7412 8136 11511 9287 2937 9719 12012 9629 5337 3454 8604 7829 17679 3979 9433 15304 3054 12854 9158 8279 11908 8754 10533 858 10783 6333 13183 3958 12755 7530 17350 3508 12575 6638 11838 12950 11013 11655 3850 530 8980 6100 10150 13225 6125 105 11680 12730 3025 14780 6422 8120 7455 13118 17275 8625 9164 16238 12316 17503 3175 12628 1164 3665 13581 3420 1547 4614 5989 8695 8447 9601 8381 17866 14468 10018 9320 7631 7472 11570 16376 10514 6470 1693 11770 11656 8203 8015 12551 16115 13903 1839 16766 15897 7518 8003 1416 5106 1915 6091 15815 7453 295 7428 6981 14856 8178 8916 6703 12070 1553 17039 6531 9176 9489 7391 14689 16020 5795 16051 16495 21 2565 9395 4889 13476 8497 5165 2556 2203 11589 7389 2097 13764 13297 9840 443 14691 3003 13266 9839 16865 9739 2570 3645 3020 3153 13543 16906 1691 13497 82 932 12197 2632 8482 9057 8521 6732 11327 2973 5482 17523 15796 4273 5023 7446 13532 10396 14871 2396 1173 4702 13057 10427 7427 1923 3532 6957 8748 11971 11282 12282 1907 6973 1477 13832 14346 14232 12557 13302 2352 11248 15223 9023 12048 8802 2223 596 12277 2802 10082 15098 
17849 12049 14849 11874 6999 6734 2909 15984 16009 15460 17149 17585 3984 8209 13709 2359 8309 2059 2010 17842 2410 14160 8642 10467 9642 9535 1292 12317 1360 7917 10542 4060 11260 1236 6942 14042 15994 9644 3911 15436 10636 15636 3961 769 9667 7586 13686 3336 8536 4511 16060 15811 1894 4936 5411 15011 2811 16211 14036 5644 16161 13286 13294 11137 1919 12061 14794 15112 1312 17112 5729 12029 10129 4479 16687 17479 6479 11604 8579 2179 129 383 454 10908 9479 8008 17333 7608 12733 6558 6808 2625 15988 9733 12588 15930 16580 12183 2900 5400 8180 1438 11800 12380 6325 6488 14705 14438 12405 17500 12388 8305 914 14680 12930 4756 5650 12088 5303 11653 16326 6688 7491 2390 4841 9153 5768 7495 9803 9291 14370 11393 14656 7793 13526 1897 12778 3218 17088 9491 4995 4731 1801 10264 4020 15314 14953 17816 3814 15801 5816 6926 2470 1795 806 11795 6820 13914 7897 5839 5440 9722 10997 15581 13672 422 12570 11270 5939 2901 6706 1522 2006 9714 4178 418 3006 6553 14068 7978 6076 10439 4265 11789 13251 14122 4893 10165 15120 4965 16145 17731 565 7376 2368 14090 11322 8576 11047 545 3016 15603 4741 9593 16822 2872 9497 3640 9540 14940 11693 1972 17241 17772 5323 14627 1320 16321 6173 1146 9302 9223 17348 2098 10246 17596 8302 17827 157 7627 13657 11871 10027 521 5346 8648 10577 15052 332 4302 4071 14157 6707 5282 12427 14582 1398 6671 8207 13773 17598 627 6382 357 13282 10821 4821 6648 8152 7423 8248 6496 10707 13146 5773 9827 13021 
10724 349 4899 9174 15199 6849 4284 3549 15409 13184 1484 17609 12109 17059 4109 5724 6724 11059 11935 410 15410 8735 13767 8160 12985 17917 2135 7167 6017 792 8992 10817 3660 492 16761 1942 12935 6694 8717 17385 361 467 2919 4219 6717 8186 12119 9436 169 5361 8094 3819 14919 16487 1442 2669 2369 8969 12912 15319 13437 15512 13062 12162 11261 2337 1487 15479 4437 8712 2279 1654 1804 2162 7029 354 5904 7429 5679 13304 11754 6879 15004 16354 11333 1583 16133 16433 15508 183 17758 5908 8633 14683 6113 10333 12038 6433 875 16513 9305 11513 11625 5575 11205 14400 8188 7488 15075 10530 13550 430 8550 16488 1188 10280 8775 1205 13289 5 9014 700 10751 10663 2689 9856 13480 12581 9095 6503 81 5206 12156 9318 16531 17218 8456 601 15551 12165 1778 14551 10428 6747 16441 951 2789 16656 5447 15922 2256 14540 17256 10891 5797 2722 16891 16022 572 16147 7568 2847 9197 10045 4970 5247 639 14768 2464 9391 11253 6291 326 2326 12540 1714 10266 6390 5697 15814 3145 15128 16640 8090 3891 290 11197 5264 741 9990 8881 11991 12268 11018 6828 17693 4747 9981 8541 3566 1941 6268 8156 9790 14095 7878 10640 11866 10197 16039 17747 9396 8123 10328 9007 14595 17196 6502 9596 8823 15977 1152 2996 6098 17527 1532 6798 4723 16673 13546 10871 15198 16907 15327 11473 2727 14271 13721 9382 7652 17796 17223 12227 3898 11732 13598 6657 873 16032 17652 5627 16371 327 473 5532 7046 16323 11623 4698 6396 6482 10748 10698 9123 1107 9877 
7474 11824 13449 3724 5099 3324 14574 14749 13059 9674 10274 9784 12209 159 14859 7234 16559 17399 8559 5684 16859 10135 12734 9584 1549 9334 8710 8310 10185 13367 11892 5986 9617 16511 4894 8792 12694 11117 18 13392 586 4242 11394 5817 8667 17044 8744 11611 12236 13811 8862 1136 13986 16611 12394 2511 186 14644 14811 10112 7942 762 17562 12844 2262 16112 11379 3512 14037 5562 5012 17879 6187 17804 779 11804 2712 16979 7312 6829 2354 11233 5783 8383 5408 10633 11533 13825 14583 15700 1888 3533 10750 4850 7225 11380 14663 12450 15650 750 4380 17338 15313 9113 17630 6950 15455 3925 5900 14530 11588 1305 6938 3075 17238 15788 891 6805 15226 2088 16214 16731 676 17351 10464 16413 9366 472 7465 17595 5097 6690 2128 8580 9591 11614 16120 14903 11651 7281 1840 16072 495 3806 2295 14145 15265 1901 17364 3540 7853 13891 2095 7293 372 10470 13997 11153 43 15343 3639 10526 9718 5889 10166 1364 4401 15076 6491 1622 17865 16015 13915 8141 16003 843 5047 11703 11453 11781 1616 6453 7470 14564 11690 11193 15589 1931 4481 840 795 222 11728 11278 8216 17572 5664 11368 15395 14995 2868 8847 16316 9645 16803 13290 11372 2090 4795 864 17741 16864 13722 9890 14990 7907 5915 16195 14296 4427 7623 8607 796 4121 13073 16648 5998 182 7277 16927 3573 14048 10677 15673 11271 4682 14321 16696 4977 15921 17302 1727 15407 12623 271 4923 14571 16121 6948 13982 15646 2827 2271 1523 3473 17323 14873 16473 11682 11721 927 8907 11298 12198 10552 17073 4971 
3449 10099 4459 699 6949 1899 15334 11799 5449 16309 8234 14084 2549 549 15710 15059 16124 5409 11609 10684 13360 2635 10860 12760 17184 742 16135 5560 3442 17735 12092 9835 7767 7867 1217 7742 3060 5517 12567 10011 16769 10586 4844 419 10442 2392 1819 5617 2467 9786 494 17444 8961 5912 12942 3942 17411 13161 2086 9087 4544 10894 9486 3987 8012 1687 887 8087 16461 2536 2087 10554 8379 10904 9679 10579 5487 10729 11454 2229 14279 3579 10954 12379 10054 10083 10458 8983 9008 4683 1883 10883 833 12983 133 4213 13925 12955 12005 7463 17383 5775 1388 11980 2888 5063 14905 1580 6930 7650 5363 10780 7388 16063 6025 12188 1926 16680 3813 16218 17880 12768 6755 6605 3322 17416 17597 8743 156 4941 4701 3666 15240 11776 2981 4106 626 3295 14565 16770 14922 3966 15651 8376 1566 10145 15691 2164 10320 11716 8128 15289 15739 10776 17716 10031 7493 241 343 3970 13515 7551 578 4495 15678 15166 6043 17828 13691 9122 4493 16101 13045 5756 8168 465 10291 3801 12615 9728 13395 14240 7616 3141 2501 2543 14178 15968 15145 13745 11895 11189 13268 16697 6653 122 6278 7997 6991 11468 2716 1928 4595 14297 15741 10570 3172 9326 13320 4516 16693 9747 8803 4141 9881 10191 5703 13020 16193 12941 1114 9796 17502 16240 2548 8257 3052 9077 9571 4898 3007 5471 17532 6398 17052 4507 3782 9621 10946 14557 14002 9882 2348 12796 2582 17098 9398 9096 14173 1223 532 11748 17377 17857 9807 8721 15596 6271 10527 2257 2121 2427 10723 107 5557 11627 4707 1577 6723 1102 1096 3282 2032 7196 
11249 15349 6509 5299 3384 12874 1584 8674 274 6034 1034 14059 14809 3524 5349 1385 6485 2524 14409 335 8124 10259 8235 2335 4785 10485 8535 5760 16992 17935 13119 12385 13067 7092 7461 15217 5067 5142 16494 12919 14492 10761 7536 13219 16817 14592 7786 16042 6869 12711 1186 7211 10186 11919 194 611 3437 5119 6794 4562 387 587 10886 3169 15412 687 13612 7311 15137 7987 13587 10437 2987 10837 87 14587 14862 2329 179 2729 16079 1129 14504 7329 2379 5004 12758 7658 783 1358 15583 983 2408 2575 1225 11105 11113 13725 2675 1575 7288 5455 10200 9708 15025 6855 7730 5425 863 9688 6375 15275 2488 7880 8213 205 5280 8655 4175 163 3600 16590 6005 13013 5320 6263 3265 2063 7590 17414 11918 9314 2966 3706 5695 13676 5466 8976 15089 12053 11515 10551 10114 10426 6353 12451 16541 3165 11478 7201 2481 3253 5068 7822 13845 8265 9264 16251 12981 2126 9039 17666 3166 7651 1747 10468 12543 1278 10147 4181 12853 13243 9415 5743 14443 13420 3822 12101 17016 15143 5156 16895 7047 17472 328 15095 17889 7790 6876 4272 11747 1814 15590 15465 347 8545 16628 1147 2656 11289 8170 2572 5803 9495 10003 12866 3 14045 6295 8414 9778 16872 5339 731 11214 15866 3393 13539 13016 17168 16695 14931 15321 14043 3570 4596 1632 7873 8821 9502 4907 3023 10802 5982 1552 17046 5232 7432 8932 10921 10232 14846 15323 3182 17571 1348 15546 9402 9102 14771 12321 3727 4382 4182 7582 9821 8723 7648 13257 2652 6277 17757 17446 6673 752 5548 4407 9277 8232 17773 5502 446 13757 6757 16402 
424 9524 3774 11199 3024 4624 1224 16649 9434 8824 784 15434 4584 15124 9949 8184 13584 560 16259 2199 15309 5185 16335 3610 13235 8942 10660 2692 6174 10960 2985 8485 6910 6142 12717 1661 8892 13135 1260 9210 12036 17919 4386 1617 15694 16667 6192 10861 13344 14544 7619 5444 17436 6044 1944 2567 6969 12636 17869 17744 11119 2386 13269 1736 9512 9869 9187 3412 4812 14662 16712 6962 11229 6087 4937 13812 17654 11204 12329 11079 6004 10479 4579 16179 17404 6779 12683 4458 5508 3133 11783 3629 9508 9533 5608 2600 1008 8208 2658 3655 13330 16380 8680 6050 10080 17968 14380 7438 6275 14875 8255 10155 3263 10850 9475 10275 17325 11475 10100 6538 10403 4780 6380 5788 3638 8200 9939 8965 5614 6330 7870 603 8720 13920 10415 6639 17615 5978 17268 11939 4843 17831 2647 5289 13890 17493 8926 15520 1891 6751 13097 14231 15640 9616 2545 5018 8676 3541 15078 4289 11978 4656 5590 16706 7140 11497 940 8522 5078 5439 3428 15022 11616 9691 7420 10647 11090 15645 11489 13776 1614 6297 7989 5153 5870 14066 12978 8495 6622 15853 10839 14339 5028 15628 9526 13315 4290 8901 6326 12397 11026 6831 3193 4128 526 12995 15914 10643 13966 6341 7990 9765 17164 17564 10572 11678 6431 16920 16315 10553 3947 2939 13528 6846 3323 14690 15121 9407 5257 10023 7852 3432 13427 10602 17452 6521 6546 96 5671 13696 9132 14448 8652 13227 1557 1457 2871 16573 11723 12021 3352 13927 571 17432 17423 15577 13457 1602 17877 16452 5748 17723 17282 17346 16682 14932 6652 4398 4727 10048 13807 10773 10332 2323 13452 15973 
16499 15724 15449 15799 11234 6424 12099 15559 13924 2434 5749 4199 9159 15284 6209 16934 11109 9749 14734 13735 6010 12384 15185 4334 15242 11860 2660 3885 16785 3235 5435 17060 10435 11236 8960 1410 15142 3694 1344 12992 5536 13769 10192 17967 13369 2636 11237 3969 5544 12161 13844 13786 14792 9886 12811 4119 11061 12587 7661 3912 11667 14569 5737 6137 15687 14437 5979 13462 8336 8661 4112 1187 14186 15037 15554 16662 4154 17604 15154 5529 17029 3187 9829 6508 14879 16254 2979 9729 6179 1833 17683 15408 13608 8808 6608 16983 14825 14730 3158 1200 15280 14783 5413 6788 13880 13655 3580 2875 5075 9975 14263 14005 10580 15500 1400 9250 15680 13988 9730 17750 3888 15655 14275 11213 4125 9422 15526 7595 10401 7703 17706 4040 17390 4051 8826 15266 4422 3622 12481 12968 15339 7565 10226 11051 11328 3416 7620 13640 13639 13416 16401 6101 1676 12855 1990 5676 8697 414 2668 353 6995 13415 12881 568 6801 7403 5340 3981 5278 239 13945 6878 1356 9403 3126 3741 191 2115 10528 466 6228 4318 5764 828 995 11647 6615 12851 143 12795 10189 11745 4951 203 13293 6670 5920 11689 11215 12695 3190 1222 12051 9741 14070 17240 11089 16639 9218 4518 15953 7893 2441 4089 3076 11064 13278 9897 16403 9878 9745 16303 3846 13468 11195 16971 17927 10927 9121 877 598 3046 15027 17721 6207 4377 16998 16707 14082 10907 10207 6352 15873 15296 5477 10432 3457 13677 3527 16996 12802 14982 552 4782 923 6646 8148 16052 10196 2673 1377 1282 14107 10757 9532 9802 11657 7696 16223 9032 2852 14302 3257 1002 14207 
3924 13374 14724 5149 409 5424 1084 899 14309 13859 11909 59 2499 484 15759 12009 860 9085 3034 5499 13310 14699 5009 8210 5135 3785 3359 567 635 15717 4710 2442 6185 16360 12285 12817 10292 2817 69 13567 9135 13992 4561 7642 9694 5061 8044 3667 14661 6261 15586 16186 16086 2944 2217 619 6761 5236 8361 15912 5219 6737 1087 11194 14869 17462 17362 12712 5262 13487 9137 1012 112 11737 2662 14529 2062 13754 17304 5304 9662 429 6079 3433 14708 17929 10608 4004 15108 11933 2033 12308 9654 1108 14508 8958 8133 14150 12238 6675 13000 10805 7005 15688 5505 13780 955 7038 7355 7775 4530 6155 10055 14100 13650 4725 12438 4400 15755 14616 17755 1376 695 16526 9864 16290 7001 3995 7914 4622 7940 13231 12076 17464 14720 1276 12651 16440 10916 6818 10164 10216 14266 12803 16768 15572 12797 12006 9026 364 11840 14453 12614 3368 10778 16528 1393 4606 17020 7665 6593 8140 464 14203 5191 8822 16968 15464 10251 403 17647 970 3122 622 13091 16053 16653 2215 6316 15278 15764 4822 17315 11576 10491 7022 7265 12739 14365 10828 11676 770 1115 9443 10240 10564 9789 11764 15847 589 1020 5793 753 718 8493 10628 14316 9293 839 10006 15391 10840 4781 11078 3089 6331 2568 5522 3778 16564 11156 5446 14928 2282 2423 10402 2848 7223 3882 557 14307 1132 1777 15877 4827 16048 9371 9098 721 8657 10221 13346 16621 5121 12221 4277 17173 9732 9757 11548 17082 4177 7573 402 1548 1802 2421 10573 9907 3298 3171 998 5127 148 11973 852 9496 16271 16723 2523 373 5571 3752 
749 17524 4449 12224 5324 10499 17724 3074 1074 2684 4974 1184 1724 16959 7160 3910 16242 10234 14584 3134 4560 3110 13884 15009 16174 12074 2592 16635 10717 13942 13317 5367 11244 7892 9419 1192 12044 386 8061 9536 12367 11686 3635 13069 6494 1686 12819 6644 12469 12842 11869 3861 13711 10261 15562 5187 13762 8794 7162 3061 10269 9344 2519 14144 9911 8187 9744 1062 7762 8462 14162 17412 14112 11187 16904 9254 17554 3754 14987 3954 10408 8258 14308 58 333 17808 12358 12658 8483 12400 508 13100 12563 7788 14183 15563 10213 11775 14330 2158 3475 7200 5630 10088 13938 5963 6463 5680 8105 2555 10380 6213 11038 4888 738 3725 16825 2113 16263 551 9130 8155 17840 9166 13005 15451 576 9672 5003 15231 381 14806 5095 12170 10976 17428 17345 10047 14497 13881 4356 15281 13441 16745 15816 17578 2993 3701 14103 11889 5943 8681 3628 7922 6970 4722 1489 6689 2528 12015 14170 6915 13981 13151 8651 8291 9822 12431 15340 11665 6990 7876 14970 15643 16340 1728 1540 17056 10068 8851 16547 7668 1322 13322 7995 8281 10431 10056 11714 4953 9776 331 853 16553 12670 17397 3181 17297 341 13701 15653 8491 12664 14695 12518 9278 841 13703 15491 2418 11366 13964 10241 16265 13472 11545 5389 10343 1014 8081 13448 13478 17657 8196 11398 8398 523 17023 2777 5057 6273 2002 5077 16646 11773 9082 14452 14023 4927 15277 16623 5223 5052 1277 7982 4546 13596 12871 17371 3632 7548 16332 8146 7948 6246 5707 16446 2102 1746 10771 14923 10046 11777 8582 15477 13502 12882 10498 13746 14196 5621 
4174 1824 15099 10024 11299 559 8549 14899 7324 11384 13334 6059 8009 10049 15809 3259 7885 13060 14610 149 13535 4585 234 10884 3467 10785 260 2310 4235 435 16935 6435 9467 11692 9411 5642 14967 5186 10536 17142 5217 12892 14742 442 11936 7411 14985 1694 2144 12461 11286 3569 11736 17261 9717 15594 16762 14019 1461 11992 14819 4862 12836 14612 5886 15337 17062 17162 15886 12612 15087 16287 16262 3012 8762 804 14429 7529 8137 8729 12937 16604 15483 1754 16204 7683 1729 17133 3483 3108 11683 10708 15783 6883 9105 9513 10575 16605 15938 13708 16830 15830 12788 7563 580 5088 7575 150 11200 2213 13950 13513 12013 9705 4613 2655 5414 2630 8900 10650 13450 9563 4678 8905 1047 6870 5800 6916 1531 26 17506 13381 13726 10966 13445 17339 5751 16501 5776 1056 12240 4389 13189 17618 17064 4826 14216 15241 15047 3870 11989 7365 11072 10995 1243 8516 13564 12243 2453 15353 13941 7045 12014 14791 2291 9847 9240 3372 15003 5215 16793 9816 9968 1351 11295 1666 8053 11464 12953 1740 17022 13403 14243 8403 1264 11856 647 15756 6445 14081 2666 10920 15616 1178 14097 6895 9290 9490 15964 14428 339 14120 16997 206 12781 13072 17228 11303 5718 4340 16178 10897 2372 12189 13522 2945 14072 16565 12295 10752 5706 16420 16040 2422 8771 15357 7257 3902 8377 3771 4446 12982 5873 1821 2027 5146 7796 14507 13771 723 12132 8627 2327 13077 12921 16832 14127 17171 1198 16257 11546 14621 4773 9196 9871 15896 202 13248 5696 2296 1373 17696 15371 9523 5823 4002 4732 9171 9707 2896 16523 16398 5607 2971 
2799 4574 74 3909 11599 10759 13499 1974 17124 209 5184 709 12709 6934 17709 7384 12434 7260 7710 7634 8359 12509 2085 1310 17710 14010 217 4217 10742 15517 3035 6835 7592 192 5035 11410 61 2667 8836 6136 14817 15617 14386 16736 10486 13736 12486 13094 6094 4986 8486 10244 2819 6467 2887 10194 3536 10844 10161 5819 10661 5611 9462 11787 12137 7212 12512 1261 329 15012 12787 8412 17094 17354 979 9979 13954 14054 7858 7058 4929 16654 7629 4029 5083 4508 608 13783 7883 4783 658 17850 1858 4875 11550 10838 4163 10683 4463 5380 10375 17972 15338 12325 6730 15263 11450 1830 10630 12500 9038 17965 5155 690 11405 4188 11005 6138 5625 14900 3330 4955 2797 5976 10614 16543 16439 1764 9106 17203 17914 12322 3466 5766 12743 889 7868 8964 4170 15189 9951 2516 15751 5840 15989 16778 13131 17545 2028 6206 7128 620 6114 12706 8366 7443 12420 17665 8918 1093 2893 12865 14906 2631 8993 10051 12214 17306 5114 14341 4395 9406 1418 6495 3503 10218 2168 11964 8022 8020 8790 4816 17320 11276 3647 8543 7820 6165 10053 10991 13256 9815 15397 15139 15793 6397 2753 8278 3170 3601 16714 4539 11853 8547 11041 17756 15665 7397 4341 16856 12870 10631 5253 1578 10245 16903 16301 4964 8897 16266 743 10823 13815 11870 677 7248 8952 16207 896 3452 2227 5307 5798 1823 6548 1148 1298 496 502 12607 13946 17277 14223 8427 10732 17471 16171 1698 6848 16273 14552 17032 3173 15571 15332 8127 13902 6227 10598 2246 12546 13348 5498 5107 10482 14721 8757 1396 15998 10882 6007 9182 14977 13446 
17599 7724 10649 8384 4874 6574 16274 4924 13734 5574 9084 16874 2409 17885 3209 3009 8034 2459 9309 16084 6184 8484 3199 760 710 2959 14810 17084 17310 14360 11460 5160 2110 17617 7717 12260 17267 7485 9317 15561 12586 11361 317 8467 10111 1535 17761 5867 6544 6244 15286 4444 844 9994 161 2094 1387 10436 15111 14161 5161 15844 3544 1144 13994 9962 9687 11012 9612 10036 8162 6487 17394 8812 8 17737 5212 6054 8362 10804 7254 4304 1179 13779 1383 2079 17954 15958 17433 14804 9704 17583 8683 16383 3808 4433 4583 16225 5808 3675 6405 5725 505 17488 9963 4138 10725 325 8675 838 1780 1825 16005 12000 17663 7338 8863 17380 11725 12275 5213 1430 17601 10700 16150 12403 2620 15043 7466 6031 13081 9276 4043 8390 3691 4947 9451 7151 17072 10815 2778 2031 4876 10306 10481 12970 12222 15928 5365 9268 16776 15131 10253 2022 14718 13245 6945 1668 3641 264 11568 11847 1464 15178 7714 2801 11168 13626 15689 12381 6022 13145 10172 7147 11743 15972 6226 5947 5351 420 1397 8206 15956 4931 13568 11181 17556 1768 6443 10395 4003 10918 5326 13222 14091 3818 5670 5395 11790 14968 8222 13970 5668 11365 15378 270 10847 12618 6347 928 10397 14053 16572 3893 3321 9056 947 5514 14727 10231 6170 8095 11815 2072 4677 13796 14573 16296 9423 6498 4452 12948 11146 1832 17623 4921 3196 11782 432 9927 14596 8498 11382 5182 2977 5827 9452 7996 13577 13521 3296 4227 11432 16073 2207 1607 15682 2432 10623 6477 12973 17896 1127 15471 10052 7932 7396 15582 9727 11471 10227 16071 14146 17621 