144
2261 3236 3036 3139 3855 2713 3326 3826 3168 2603 518 921 3432 
3936 3536 3361 1438 3263 2030 3439 2590 1666 965 1573 1182 
386 1536 3161 2913 330 3038 3213 1730 818 2651 1852 827 
561 461 336 1088 1200 2475 1580 3426 976 3164 281 1982 707 
3086 611 3472 55 3155 78 645 356 43 2353 3048 277 
3061 3461 1611 2139 2255 3605 3913 2622 481 1056 3918 3798 1952 
1436 1711 2463 2025 497 2228 2126 1789 3857 473 
2361 2036 2813 3963 3705 1788 2572 1331 10 289 728 898 
1586 1836 236 863 480 553 2801 770 915 1264 672 421 
1236 1211 3211 753 1405 855 2265 478 276 2968 2103 2998 2727 
2911 2961 1880 2080 1555 3055 3151 231 3964 2646 2832 
3111 511 3238 3438 38 1615 2793 2428 3365 646 1577 
2936 2711 3670 1338 838 3313 2256 2991 1556 1731 3723 1423 
86 2886 72 263 1430 2513 3097 2989 306 3493 2282 2157 
3261 2636 688 2151 181 655 647 153 2602 3623 
2511 3386 88 163 2940 3078 601 90 1028 46 798 
3886 2586 1686 2338 2063 993 241 1476 3643 2293 1646 652 
811 1511 3511 3672 2788 3163 1801 628 1381 2545 1596 2202 
661 3586 897 2838 775 1255 2578 3753 416 2678 2948 
836 436 572 2088 380 2401 2038 3606 226 1676 2191 3257 
1311 3736 1513 1100 2000 2406 1376 193 2668 373 857 
986 1036 1213 1363 1963 676 3406 1951 3047 3121 1152 
911 2186 2138 213 3713 1365 2288 1339 9 123 2107 
3911 1086 2422 2238 255 40 1151 3441 1481 3039 3368 632 2177 
1199 1911 1986 2870 1038 2275 238 3172 3447 3853 693 270 3396 3302 
3174 1811 786 2089 1838 2438 11 2166 2270 2553 320 115 278 932 2721 
3324 2686 2486 3813 1683 338 2153 3153 2916 2614 2768 1497 1673 2257 
1224 2811 2986 1572 388 113 475 3340 2051 776 3570 3945 615 2923 3902 
3974 2461 2211 1888 2230 2750 2055 2903 495 318 3351 1793 1448 952 
3674 2786 886 815 463 2988 2050 91 2766 256 414 3476 2028 1623 2571 
3224 23 1961 564 1063 1655 3530 2264 3328 39 1301 403 2728 1777 3673 
174 1561 361 1061 913 3138 305 64 3140 126 3418 1126 1557 146 
299 2861 2286 1663 1113 1305 1450 2978 476 2147 197 3353 3748 1027 
1474 1459 1936 3436 963 1505 980 991 2764 251 415 2518 1873 796 
524 3561 3636 1738 3830 3125 1950 1618 3131 3803 3256 3595 223 2407 
3499 3811 3761 1761 3090 2555 405 500 566 491 2620 1393 2326 3026 1432 502 
49 861 2236 1461 638 3175 3380 2680 1601 3339 2890 716 2314 773 3498 
1174 761 211 1161 755 300 730 2093 3603 2226 2145 389 293 1746 2973 
949 136 1136 1238 2580 3538 3443 3568 1893 1441 2347 1595 3802 740 3246 
749 1336 1386 2563 2155 155 3831 41 3520 3051 3393 695 3227 3702 
1274 186 1486 1563 1988 1475 190 2906 3801 2831 928 648 1707 
1049 2736 3661 3464 1713 805 2866 2939 2765 3089 1439 3195 1846 427 
1499 3411 1361 3930 3113 2013 756 2095 370 2506 853 2496 927 
1886 411 2836 3563 80 455 1025 3141 814 1101 2840 395 1332 1007 
3374 3011 1186 2938 30 2655 3176 3231 2243 820 2665 3114 3148 3421 
1649 686 536 111 1938 1688 1805 3526 3341 189 2951 876 3897 2907 2398 
61 311 2386 3688 613 2888 3515 53 978 3503 1040 3332 107 
2311 2336 2061 464 3555 3888 2663 2143 3166 1356 165 1464 771 3357 
649 936 3659 3117 369 2687 854 1104 2208 205 875 3676 1390 3701 245 164 1465 2695 2798 1302 1252 
2174 870 1159 1317 117 3012 304 2054 75 675 1180 3025 2343 3488 2990 1326 3093 1490 2022 2082 507 973 
2674 934 935 1819 719 712 354 2440 3154 1058 1455 2950 1851 2172 2595 239 766 3389 616 2747 321 446 2698 
599 1259 261 1569 3462 2365 204 266 1454 1225 2530 2853 353 997 201 826 2956 3915 1540 1327 1307 727 
2499 1034 1035 1042 2094 519 2854 133 325 3880 3431 2915 822 1868 2928 2101 1001 1590 1323 3632 2648 
249 3647 34 711 3394 2712 3829 2533 1400 3225 2880 2156 1551 641 331 3095 890 791 2123 948 3807 
3124 3109 509 510 342 594 587 579 683 1500 2613 2955 2797 493 2791 3518 3381 2056 2318 2902 3821 1627 
3249 3686 3359 3360 3919 662 2229 3655 2375 1980 2943 1856 470 3866 2670 972 1191 2898 152 14 
1374 1484 1485 1492 1494 2538 404 2855 1275 1313 556 2618 3615 1806 1341 3691 3391 2289 1082 1898 2896 
1124 1411 2161 3787 3145 2879 833 283 488 2963 489 301 2703 3331 3120 3201 2520 3021 3082 2002 
624 1634 1635 1286 2987 2258 2780 1855 625 568 2770 2239 1215 1714 2395 3003 2291 1523 723 3132 
424 409 410 417 1642 1644 1637 1629 1850 713 2325 2488 1803 195 3156 143 2068 1106 2178 2532 2477 
1549 2561 2086 194 187 3463 900 250 3664 1870 981 2345 3276 3016 947 1256 1482 171 
3749 3611 3786 3562 3554 2863 3630 413 3616 1620 2141 1391 2606 2815 3940 1166 1473 3346 598 
3299 2136 3836 486 487 479 483 3250 1625 2097 803 1201 2706 178 1515 2003 273 1732 2982 
3724 1736 1786 2411 3486 2588 1780 1288 2125 2266 97 2776 1426 1081 531 3578 3023 3898 2048 
2849 2834 636 586 3613 1613 3955 275 1053 651 1328 2701 3363 3495 2281 2771 1132 2302 
3649 3634 1661 3136 2494 3338 3455 2150 1413 1675 903 2526 3901 2789 47 2841 3791 848 402 3923 
1149 3861 1861 2761 563 3838 2133 2825 1280 631 26 806 2140 1491 2118 2295 2327 1248 
1624 2536 2436 3863 2413 3080 2175 2451 1538 2078 2615 280 3147 2490 2364 2173 2957 
3924 3909 3910 2611 1369 2263 888 3030 3575 3475 1553 3440 3081 397 501 1981 741 2507 1682 
3049 961 3311 1636 89 555 3230 438 288 2170 1703 368 768 1026 1422 1272 2707 2196 
899 884 885 2661 3286 1813 3805 2380 2864 2280 2415 339 343 2666 2539 895 3206 3621 3482 
799 3336 1011 1111 1588 2163 3105 63 3255 1614 2581 914 1351 340 3766 1531 2227 2621 71 
2799 1974 460 1684 1385 3344 3844 2019 2112 329 3354 158 233 525 3588 1622 3522 2664 1678 2128 522 868 422 2064 1597 327 1782 1871 2352 
974 999 2685 2135 3310 267 1967 3492 3537 3737 737 2429 3008 3158 25 2363 3666 228 1347 3565 203 1206 2522 3128 3397 2043 3348 257 2827 1073 
3449 3234 1010 3942 967 1142 3937 3719 2287 1279 358 3708 3000 3355 570 3870 1366 3226 2803 66 2531 2497 2065 2478 3602 2446 3207 732 
399 349 685 2960 3692 569 3644 44 3637 337 2979 2433 3358 1550 2430 2113 51 3566 1068 1897 970 789 1045 528 720 3771 1546 877 3577 
2599 3549 2209 984 18 1992 3419 3319 3969 1387 1687 2604 1708 1575 3100 125 2851 247 2993 2565 2 1064 547 3716 595 3789 2731 2246 623 132 1171 
3899 3884 2360 3785 785 1867 994 1662 2412 937 287 2629 1075 975 1955 513 3628 1822 316 3916 678 3714 1765 1266 371 1957 1877 3896 
2699 2684 3384 1135 2867 1717 3612 1937 1062 1304 3429 633 3700 588 1530 2997 1651 1345 3270 2456 1778 3793 3706 3740 3707 3957 2782 1757 
1799 1784 2510 260 3210 94 619 3194 3369 1612 112 104 1183 2975 3900 1138 2168 2231 2576 2443 2115 3881 3239 2201 2470 477 1896 2748 3948 
74 59 834 2959 660 1210 1542 469 1094 2937 3312 3879 2379 3433 1158 1458 313 2625 2566 191 1522 3143 1922 2647 1918 2881 1543 3871 2952 2527 1848 
3849 2974 1660 1835 3417 792 319 2069 1779 1979 2733 1633 400 1355 2856 3622 2876 1878 3820 1445 1991 1072 3497 3778 3223 2946 202 982 
449 434 3034 2210 285 3192 644 1619 1762 3487 1583 108 150 2630 1050 3828 2716 1564 1670 3768 2390 3965 3322 891 3216 182 232 3946 546 
1424 1409 309 435 3035 1567 694 2512 1469 2804 154 1154 1358 1825 2705 1905 2091 1816 1570 418 1091 2628 2053 778 603 666 2127 2432 48 
374 2224 1810 1417 3535 3542 1692 912 1654 2079 504 708 3650 1800 425 3845 2081 1343 2816 2965 1203 1120 2893 881 3293 846 2932 696 2746 
3699 1284 1285 2335 2342 3967 1812 2837 929 3579 2583 3675 3150 3063 3205 2920 3751 1841 1847 1828 2106 3970 590 664 3198 2373 3446 2498 
849 2074 1894 1535 160 942 1587 1194 3929 2454 2829 408 2075 780 1250 3401 328 2341 2540 1103 2889 2393 3966 295 977 2448 1421 882 
2524 1399 3860 1209 3817 2042 2642 87 1287 1204 1479 3308 2600 363 2251 3618 166 1089 3951 3264 3939 3972 2626 1131 98 1652 2102 852 
2149 2984 2985 2185 3767 2369 3062 1862 3437 2779 2933 3233 925 1576 3470 1118 2966 365 3364 2895 1776 3593 2515 745 2523 907 1282 3596 
3799 2399 3959 3385 3242 1669 794 1269 3287 3279 2808 3958 1258 2875 1388 3468 2941 1653 1353 2897 101 3506 681 1145 448 1548 2802 557 
1599 1699 2009 92 144 1219 2537 1729 3654 3658 2108 1680 3513 3841 3126 3378 3868 1443 1753 3597 1989 866 2696 302 3073 1932 
1774 2759 3510 1960 735 2819 3294 2162 1904 529 2029 3583 175 3800 2272 3228 3872 345 3303 2514 1222 1428 3072 656 1046 1752 2052 
3599 1584 1859 2467 1744 2744 944 744 4 1162 3883 2383 15 1330 3840 3806 240 2247 3556 1051 1116 2001 1906 2691 77 177 671 3277 
2724 1999 1984 2585 392 3517 2144 2219 1119 1712 3679 3458 458 883 1525 813 3620 3564 2601 2543 1216 376 243 2690 3006 2370 3971 1657 2098 1257 
124 609 2059 2435 2060 3819 2294 3662 237 3179 3029 1108 705 105 2253 3697 1845 2718 2839 3478 1695 21 2041 1970 3523 573 2482 2323 
274 2134 2634 2792 3292 219 262 3037 3704 3908 2058 2008 1150 3451 2245 28 364 3956 2176 3489 1420 1297 2740 3607 1048 2023 1298 
1674 3459 2434 3309 1517 2892 3019 1437 312 3004 1604 1233 2755 2225 230 1401 303 322 2541 1664 3893 16 1181 606 3045 1006 3271 1371 27 1427 582 
874 859 2234 3684 334 3185 2917 42 1869 3262 1362 2129 933 2900 430 3730 3847 3428 2564 1931 3268 3514 1891 2689 2206 1915 3068 2743 521 1798 398 3323 2473 
1824 1724 3784 2710 692 992 419 3087 987 904 1754 2783 2958 1775 3388 2416 3422 3516 451 3265 2826 1472 2672 793 1022 3297 3098 307 1221 1946 621 
99 3409 1834 3159 1360 3892 2192 2919 161 3137 512 2279 2983 800 180 2105 1105 2591 3814 1843 2806 1416 2491 2066 472 1018 291 3427 721 2232 1927 3696 
2549 1849 1935 1085 2367 769 269 2769 437 604 2458 2183 3425 2455 830 2738 2653 526 2389 2722 503 2464 1978 2372 3065 670 57 3648 2877 3027 196 
2899 1874 3184 3685 667 1217 2067 1144 344 2929 1529 3683 3450 2905 3350 725 2730 1872 1226 3395 718 103 701 1768 1647 1156 841 1571 1807 2996 2132 2421 
0 1 1759 1585 3710 492 2944 1394 637 2012 1179 83 2250 2405 3938 138 2964 3553 1303 1741 1881 3547 2122 714 795 864 845 2057 1823 1502 777 602 
824 809 2609 1359 1785 917 1185 292 1969 1537 2404 1004 2233 1755 3725 880 2090 3645 3101 3764 1306 441 3747 1740 3295 3906 3218 2077 1552 2377 3832 3546 
2474 2459 60 3867 2517 2217 2594 387 3604 1079 758 2683 3483 375 1638 2551 147 1415 140 3931 3181 506 2278 2697 2031 121 902 2657 3107 3777 1002 
1024 3834 2460 2860 1792 642 3544 862 2187 3933 2204 983 3750 955 3413 1130 3170 3678 176 56 3022 1470 989 726 2215 2306 248 357 1146 823 3571 
1074 384 560 2660 1860 2617 3769 1267 612 3962 1379 383 2850 2775 2505 3614 2076 3631 2818 3241 3372 3245 1639 216 1253 2045 3682 752 2296 3307 3096 
1449 1434 659 2935 2242 2167 1944 3669 837 79 3379 3758 508 1175 3088 3200 81 1370 170 70 1518 1716 1541 3376 2315 3531 3741 1821 2857 3773 673 3146 
574 324 2109 2410 2592 3944 3694 962 1087 3187 1462 1254 1133 1700 600 2420 1566 3240 393 2568 951 1047 3895 1516 2190 1015 668 496 3921 148 1902 2277 
199 359 3560 3235 734 1092 2719 1719 3494 3712 3729 3479 3383 950 650 3480 2720 1090 3572 2953 1316 440 520 2391 1631 3318 2303 2307 1446 1032 3232 3382 
3024 2049 2484 835 3267 69 1392 2869 3744 3837 3362 3954 3733 733 1925 3755 663 916 314 222 1320 3040 722 1815 3178 839 3281 1593 627 1352 957 7 2796 
2949 2934 584 2810 3660 1592 3317 3742 736 2487 2579 2083 350 3405 3738 225 3416 128 878 264 578 93 2439 3922 2222 3015 3056 2346 1921 2423 2971 1527 
2624 2709 109 2160 3792 869 2419 2737 1579 3608 3408 783 130 1188 2872 901 2570 1114 1764 156 1747 1489 3772 840 2493 2252 2723 2396 1771 577 3157 
2249 3399 1410 3885 1292 3042 2969 8 37 2729 1354 2608 50 2605 605 3456 2778 764 2328 3415 926 1078 3314 3765 1247 3315 3278 1121 3046 2221 1202 1521 
2099 2024 3810 2110 1460 592 2619 2304 2762 3162 12 750 3330 2100 2165 3551 401 906 1378 540 1751 1493 1097 2195 3481 3589 3298 157 3171 3071 3457 
2874 2649 1109 2384 367 1519 3367 687 179 558 2158 1483 3625 1830 3005 1689 1941 2970 3920 131 581 3014 3756 1231 1281 2189 246 2096 1273 457 1507 
1574 2509 234 1242 542 969 2312 2644 2612 2387 3858 2708 3305 580 3050 3466 3695 1372 1701 1743 3272 3953 856 1972 290 871 832 596 3377 677 2071 
3949 2299 2859 185 1985 985 1767 1019 3887 3512 254 3533 2300 700 2763 3656 3345 3968 1065 940 541 941 3064 215 697 591 1170 1721 2752 1832 1973 332 
474 459 2184 210 567 3869 1594 3167 169 2212 3629 1408 1758 1958 5 1013 2268 3816 1276 2972 3876 3356 2676 1140 851 515 2356 2152 1052 1196 3177 3352 
699 684 3085 3534 1110 819 3119 1769 2962 2354 879 533 3033 788 2688 1005 765 45 3693 366 2640 3301 2006 1322 1270 1014 739 2552 2121 3846 3873 2452 
1899 1884 1885 1659 2334 3734 2835 3585 1610 1244 19 2794 2111 1512 1694 1037 954 1554 2954 208 1875 2425 3825 3300 3500 3465 3347 351 2931 3420 1520 1447 3253 516 1720 1947 3028 790 1314 2631 781 3066 1290 3797 2316 1968 2320 1578 3823 1498 2573 2271 1677 2757 532 207 1532 3173 2848 
2574 2559 909 2784 860 2567 1917 3342 442 2967 717 1319 2344 2844 3044 2787 1404 2637 1929 3204 3333 1208 2550 850 355 1488 3638 2976 1706 3528 1920 3106 1403 1818 272 3118 2397 1178 939 589 3 3370 743 1966 3215 297 2557 2927 3746 3532 1357 2273 2471 3952 2007 1402 2027 
774 3774 2409 184 2535 6 535 2485 2992 317 2117 1117 1192 1069 1312 804 1229 1804 1029 3833 1533 1383 2480 1975 3763 2868 1163 2597 347 1772 1195 1916 2340 220 3891 1945 2814 1414 931 13 956 3903 1582 22 3222 2457 82 607 3627 1271 2652 1477 3032 2182 873 2502 2671 
1749 2449 2734 3260 3460 3010 67 3635 3617 35 1419 669 2392 1237 1212 2587 3329 2062 3129 1679 2004 3133 2483 1080 938 1263 3926 1726 639 1395 1645 1389 643 3889 2715 2656 1431 3490 2645 964 3943 3193 443 731 3291 1882 1857 2673 271 2977 452 2382 946 1232 3123 3727 2371 
3099 724 759 1735 259 1384 1760 3285 2092 617 167 1879 562 1562 2862 3079 1854 3804 808 3663 658 3208 3850 3580 2005 3188 2301 3453 2926 893 315 3306 1418 1839 922 3103 3539 543 1766 420 1591 1115 3320 2014 1165 1451 2216 2852 296 96 482 1373 3471 3848 3282 2921 3496 3521 
3149 2374 1734 2560 959 2235 310 2760 235 1685 3392 3794 2244 1412 294 1337 554 1429 2154 2308 2908 3283 2930 1033 3325 2355 1863 3280 2593 801 95 920 1243 576 2441 2726 2039 2891 691 1745 3928 3590 620 2466 2693 2739 498 3827 3248 3657 2148 52 3548 3102 1496 3002 3557 2677 
3874 3084 2884 1235 385 2885 635 2010 217 2544 1844 2669 3337 3711 3854 3212 1262 829 1783 3783 1608 1930 3180 505 1325 1463 1076 2556 1241 816 145 3722 1853 2203 1640 2847 431 3576 2431 2503 1990 3726 2476 1153 3043 1164 3973 396 3327 757 2823 1071 3423 198 3507 3757 2298 
3074 3259 3134 1059 3709 710 585 1017 3917 1367 1737 137 462 1012 1187 1504 3254 2329 1508 1833 1333 1030 2525 988 3505 3651 1125 1214 3403 1031 2772 3581 1866 114 268 626 3289 1993 3947 439 3770 953 2218 3366 1453 3652 665 1907 1948 2871 2582 1098 221 821 1277 3927 1127 
3274 3624 1909 1934 84 3759 85 3135 3484 3467 3960 3842 394 2694 1467 494 2087 2337 1487 3304 1658 1308 2883 905 1425 3905 3013 2200 551 751 31 3941 1770 1628 466 2276 843 3689 428 1526 2643 706 1903 445 2472 3189 2015 1641 3452 3373 698 782 1377 3371 2596 252 2207 1177 432 
2749 674 3609 534 1510 3284 159 1060 1560 2142 2269 3069 3894 3519 1044 3912 412 129 2179 1054 3058 1808 1605 2450 2575 3653 1375 565 3165 151 2945 1690 2339 1890 3822 2376 2714 3091 122 3776 1665 1289 689 3491 3053 1278 2020 1172 1141 2223 3407 1971 2702 1382 1223 2598 173 3448 2682 2873 
1924 2124 3334 2310 2159 1534 1709 3067 110 2667 2492 242 1294 2137 3762 2254 162 654 1129 1733 583 33 2130 3430 100 188 2700 1350 1000 2790 1668 1895 2214 3728 456 2751 3018 206 1218 1456 3790 1914 3041 3266 2116 1143 2197 831 1648 1157 896 3077 127 1021 3882 1923 1977 3573 996 
3474 2924 3559 709 135 1435 3835 3567 467 2569 2842 3269 3717 2444 2119 3412 754 2904 3104 629 729 308 2833 2758 2633 575 2830 1300 738 640 2331 2164 1565 3818 1368 447 1503 1943 3626 1928 1240 141 2741 2468 2351 1315 1995 3745 3878 3591 1581 1998 682 2548 1396 3932 1148 377 3598 548 3273 1457 
2424 549 134 1234 2084 3509 3935 3209 610 1817 3160 3442 1919 3144 1994 2912 3169 1137 887 3404 1329 2479 183 3808 2033 3525 3950 3780 1763 2414 1606 2756 1616 1790 2878 1406 453 341 1697 3414 3540 618 3020 1251 1797 943 2453 1528 2465 2220 2402 1023 1602 1471 3671 2248 971 1346 1727 1227 3052 
924 2349 1809 1910 760 2735 1310 767 1442 2385 2442 3592 444 3961 2011 2394 3387 3529 2704 3504 1954 279 608 3600 3680 1055 1380 2418 3839 2947 2501 253 214 2290 1865 1220 3076 1070 2981 1291 1831 1997 3116 3720 1791 3795 1539 3190 2018 828 1268 748 3182 3698 2171 1702 1096 1632 3732 3398 3196 3202 
3574 1299 1334 2909 910 1184 142 1667 842 2635 892 2469 3862 742 894 3112 537 1169 2679 979 2508 908 1558 3258 2330 630 1230 1750 2205 3843 3639 3851 2922 1478 1364 116 218 65 390 2072 2445 1840 68 703 3718 1228 1976 1956 1953 2047 552 1621 2046 1802 3677 1207 471 746 1723 3527 1671 
2324 3824 2999 2534 1892 484 1134 1959 284 2542 192 3642 2767 62 3186 2812 3237 1883 454 3558 1858 3183 433 2500 200 1205 930 3375 2305 3601 2795 3251 3031 2378 968 2528 1781 118 3247 426 797 2641 614 1728 2495 1168 1468 3203 2623 2777 423 73 1827 3502 2607 1348 2732 2632 2032 
2274 2199 3809 209 810 3335 2785 867 3142 2817 1160 1794 2169 2562 3594 119 787 2529 29 1083 3083 550 1725 3400 538 2805 2781 3288 3343 381 1718 2753 3243 2547 3641 172 3856 3543 1293 139 1626 1239 690 545 120 1193 3197 3220 2681 1589 2073 2198 352 2348 3057 3752 527 346 2357 3877 
1349 3199 1084 1559 1609 960 1742 1342 1710 3485 3619 1544 544 2044 1912 2662 2887 3587 704 2104 858 1983 3508 450 3875 825 76 1155 391 2845 1043 918 1506 2481 2381 1397 3640 3681 3781 1672 1318 3070 3541 1197 2368 3739 2026 1128 747 3221 2807 2577 3152 3127 2846 1102 1296 998 1057 
1524 224 2309 2259 2809 3434 3410 2267 3760 2035 1842 2319 1260 3244 1344 762 3219 1787 362 2437 379 2654 2754 2858 333 2658 2980 530 1600 2675 2650 1901 3815 1693 2589 3001 1440 2843 3390 3865 2297 3191 1681 168 1295 872 1139 2040 1039 1939 1965 3796 1407 2321 3402 1748 923 407 24 807 3646 32 
1099 3524 1509 2359 2659 3610 3110 3435 335 2417 2292 2519 3469 2262 1167 2362 2237 1962 3754 3904 429 2408 1933 258 1650 2388 1630 763 1480 3788 2240 1940 2120 326 772 945 1176 2995 3501 3122 966 1514 622 1495 3703 3715 2820 1190 1466 1547 1964 3890 1796 3007 348 1321 3852 298 2427 3582 102 1452 
1249 1324 3059 3859 1009 2260 3584 784 817 2285 1887 3094 919 517 36 2462 244 54 1112 1704 1908 58 3925 1900 3550 3130 2188 680 1876 3665 2131 1501 406 2426 1340 1122 3545 1715 2822 3690 715 2070 539 2016 1095 889 2639 1147 2193 2181 847 1246 17 227 3296 571 3721 523 2332 3252 2627 
2824 499 1309 634 1335 2317 485 2742 2717 1067 3217 1617 2994 3812 1837 2504 3054 1829 2558 958 2358 2283 2925 2400 3075 3775 3275 2865 2403 3445 995 1756 468 3914 2447 3864 372 2918 465 3316 1691 1656 378 2114 593 597 2489 1265 653 1173 2821 282 3907 2146 2882 2773 1996 3473 702 1198 
3349 1949 2774 3934 2584 2284 2085 2910 3092 2692 2942 3569 844 2894 2194 1261 286 1987 2037 3779 3229 1433 1283 1705 2333 2725 3668 2313 2180 1722 1245 2914 2901 1795 1568 1864 1093 1826 1189 514 1889 2616 3115 106 1739 3290 3743 3214 1020 1016 2021 1696 2546 1398 382 3552 1773 1077 3782 1598 
149 3424 559 3009 3060 2034 360 2610 1942 3017 3735 3667 1444 2017 812 3444 3687 212 2554 3454 679 779 229 3633 3108 1008 2800 1913 2350 2638 2213 1814 1603 1066 490 2241 1820 990 1545 2516 2828 20 1041 1926 265 2745 1003 2366 3731 865 2322 1643 1123 657 802 1698 2521 1107 1607 3321 323 3477 