72
599 6074 2059 1959 3924 6534 160 7085 1135 5142 1067 2092 1886 6811 7144 6569 4412 2187 4612 1929 7054 1433 5658 58 225 6088 6155 3550 4100 3050 7730 4725 4605 6472 7972 2526 2490 930 3970 2343 7522 7076 3666 4997 991 5615 3603 1839 6922 843 4826 5103 3139 4795 6096 6945 2127 782 1257 
6949 3149 735 6159 6084 2334 4185 3510 3309 4460 5292 2169 2861 4886 7212 6137 3637 5512 1462 3887 6729 4479 883 3908 633 508 7738 4238 7038 255 5600 3700 6975 1113 6164 3226 2531 5753 205 1915 1103 6664 7163 301 7376 4447 5468 7565 7118 6397 5881 4290 4089 1814 2214 1523 3507 7048 6771 102 
6824 7634 6174 6424 1085 2360 3585 3092 5869 3167 3036 5019 5811 6736 387 2154 3837 7958 3733 4429 1580 1133 638 3275 6705 4300 1288 5180 3463 3138 576 7728 2540 6172 4722 2863 4720 7256 2078 4716 5572 5631 266 5653 6181 4593 6216 3189 864 4357 4577 4696 6357 198 
7674 6249 6749 2234 6509 5260 2535 7167 6285 5061 6661 5294 1761 1244 386 2761 5762 6986 62 1179 3829 3304 12 4600 6983 2638 5925 1530 4275 5505 4038 7680 3530 1088 6589 4153 7813 1901 3453 4318 1739 3241 5265 1722 5614 2968 4622 2991 6890 4581 1653 4014 6802 6514 7147 6827 548 7057 
1574 7574 2349 4584 5085 3867 242 4417 2217 2361 6894 4819 4836 2919 6687 1987 5779 6279 5929 2658 6208 3988 1775 5413 5788 2700 305 5463 2230 6453 70 7045 2068 3016 4178 5768 6863 4965 4615 7647 4966 5470 5203 7231 7770 6868 6522 7552 573 7046 2698 2998 
5824 3124 1784 1535 284 7160 6410 5961 7942 811 5036 3386 437 3469 5519 3894 4379 4704 3129 54 4608 7513 4055 7363 5888 1930 4775 4063 2100 4588 3370 326 1301 5040 3789 56 3022 5188 7693 2276 3951 4753 5376 4426 3041 4618 4364 6341 7406 423 5557 4871 3971 1652 
7599 4684 5524 5110 6735 2760 2610 6192 5192 1686 4536 3069 7612 7154 769 4354 4454 3554 6433 3333 7905 980 6713 663 7005 2263 6525 7155 3347 3966 3781 5880 4756 7701 3 2378 4197 893 1922 5256 5516 293 3497 7390 5528 1981 498 1432 1532 4798 4073 
849 1684 1384 2659 5884 5909 7560 4092 3559 2942 7161 1586 4194 3842 7719 2937 4137 3912 4729 4533 7683 3483 7955 4713 1630 4963 3500 2588 7838 4438 1888 105 3731 1318 5268 2478 7520 5420 7122 7101 5743 4443 3468 4001 176 4265 6541 966 970 4556 4689 6773 6931 457 4971 1398 1182 
5449 6349 6199 6585 2985 7367 5335 6044 2369 6692 3342 7386 669 836 4079 6262 7704 979 3533 5183 458 5963 1205 988 7105 2663 4538 6405 1625 1876 2320 6201 3215 2093 3701 3051 5776 5314 3956 2076 1043 2190 7326 7541 5815 5120 2431 7595 1091 3798 7131 1271 6202 3571 
4524 7449 1474 2924 7535 4434 6492 5417 4317 7767 2011 3594 5011 4294 6411 7087 2979 7279 7583 2033 550 2405 5175 7288 5280 3100 7113 155 1163 3353 7013 6626 1906 3264 5297 1578 7516 3651 289 693 1406 4491 2716 1022 3818 4747 4664 1346 5548 2296 4127 3107 
1049 1674 5349 784 3810 4659 5267 1185 2517 6717 7794 211 5392 7637 2536 1461 4587 5662 7929 7658 3008 983 3958 1613 3763 2055 2580 538 850 2489 2314 2913 5503 5031 5739 7606 4195 7793 5756 343 3926 5318 1251 4395 501 4972 6993 3195 3714 6371 6571 2548 4173 1627 
4024 1074 7884 5409 6360 459 5117 2185 3861 7067 7467 6244 1961 537 7137 19 4812 3212 4904 279 158 6583 2083 3558 2730 4433 3413 5650 1363 7563 1175 2113 6338 6153 3180 7043 5264 4253 6078 3390 6668 2576 6193 2197 2891 3239 4920 6316 270 7168 1572 7416 6943 1521 1672 5573 2102 3127 
7924 3274 1485 5649 2859 5399 5585 5934 4735 7460 6 1242 7211 4942 3369 6061 186 4469 7762 362 1404 4554 2433 1358 7283 1825 3058 3375 6150 2255 1900 7580 1188 1405 1988 5747 7938 3853 5651 26 6213 376 976 3516 2581 4218 5140 4801 1522 5626 395 7253 5456 4445 5053 2631 1864 7495 4571 696 6102 5882 3207 5477 3832 852 
1349 3784 2149 2635 335 3610 1710 3059 1692 2817 1619 969 1267 3261 4961 5586 4936 1019 2212 29 1254 4758 4 2558 2388 2680 4475 1325 5388 4400 7255 4930 1463 2681 5726 2691 2301 3931 993 3581 1476 1415 5518 3214 2081 1268 6876 3203 590 720 2006 5801 2291 1190 5153 4018 1932 7321 3402 5352 373 1657 6002 7607 
349 5024 7609 3524 6859 359 4210 6085 967 3060 3242 4817 4792 7861 2969 5536 5394 6937 1644 1636 5829 733 6008 783 5908 4108 933 5063 580 1180 2288 6950 5900 328 3372 175 3945 7272 3300 7968 3151 3240 7472 6678 1731 6545 2897 697 1390 1590 778 4820 6790 6231 5995 7395 4739 7032 877 7677 3602 4423 873 1448 6246 
5324 2634 1559 5534 1859 5949 2084 2460 1460 1417 7369 3611 6019 3412 3194 2437 1387 2112 5987 6179 3179 3154 7008 6958 2608 758 600 4380 4980 2805 7655 3950 2005 7501 3155 6776 7115 2497 2745 3020 339 1597 1368 6803 1168 1106 3253 6251 3976 4256 6972 6245 666 597 1051 5940 1978 3952 7727 6082 5452 2957 602 2427 6732 
1899 499 7234 2034 6009 2534 6485 2909 6185 167 3192 2142 2394 4117 3294 6462 3111 4336 6337 5912 7579 2483 1508 2183 7675 630 738 4430 7688 4088 3163 6465 4476 6230 3397 3866 1316 4715 2415 6593 2381 3768 990 6389 6064 4266 6676 3656 1039 3478 4814 2591 6116 470 1014 4015 6577 1352 2771 6298 6757 7152 4727 1527 
1374 5034 1534 3984 6784 7685 1649 785 7892 5510 1711 3717 5436 5486 394 3537 3211 3687 837 4337 6854 4654 5883 4933 7725 3788 6113 3675 5425 563 888 5305 7930 2315 1050 6564 2720 640 6576 3728 3426 6672 5639 372 7356 4528 6689 7564 2295 7378 4490 851 3045 2640 2122 357 1482 673 3077 796 7248 7473 2621 
5574 5274 4009 4884 4259 5609 3709 717 3960 3910 4242 392 4061 1794 1236 5544 562 2412 7462 4579 879 1004 2604 358 5583 7333 4388 5683 280 2775 3325 3150 2325 3443 1880 2151 6456 3864 3305 3056 1445 1431 2430 6653 3520 4539 6766 5356 1963 3991 2866 7445 2818 5164 4281 7814 4889 3421 4252 5282 6952 1873 2198 2546 2682 
4874 3999 84 5234 6484 910 2660 1567 867 2892 6494 3560 2894 6786 5219 3969 5186 3237 7529 5204 7533 3358 4683 108 3013 1425 6533 3930 5780 4480 4705 2600 2900 4730 6400 728 2670 7203 5051 3341 7603 4822 1118 722 5603 22 1222 1153 3681 440 7431 2965 3689 322 1614 3572 5116 120 207 7352 5227 6798 3196 7577 1896 
2424 434 3259 5310 4309 659 485 3360 2592 2167 4492 7044 7361 4711 886 2661 286 587 4754 7187 6104 4304 1408 2533 5933 4458 4200 5730 2175 5200 2200 880 1080 6438 3555 4189 3825 7914 4631 6801 1716 4026 6591 814 1365 3953 45 5028 6918 7695 3615 815 645 3170 3826 2853 2797 3852 3173 1673 7871 2057 5523 4707 4196 1952 
7649 734 2674 799 4034 5209 4085 5384 7792 4267 117 5667 1836 6236 1911 3494 3444 3569 5504 5704 3654 5708 2358 7875 7408 3055 1675 5138 3200 513 3975 6080 7720 2138 5553 1045 5770 4968 2097 641 7556 3770 189 1443 6681 5322 6765 2451 2590 2022 1453 6247 2245 4118 6928 1645 6546 3682 6727 6282 1946 4557 3302 6927 
4699 5859 1249 2959 7934 774 5785 6560 5736 60 5642 7686 4969 4044 1669 5487 2812 2712 4404 1637 1854 1333 3433 4283 4833 1575 5855 2155 6700 488 6513 2755 6500 6168 2091 741 7614 5089 4990 3920 7372 3490 7870 7201 2693 1270 1391 5670 6315 1366 2181 7065 6028 2639 1997 398 4202 1073 7746 6473 7807 6523 2632 
1774 4709 4324 4710 884 6409 4334 5885 3267 7135 6486 2117 2061 2961 2144 4486 7662 3886 2679 7554 762 7883 1129 6650 2150 955 3308 5580 6763 625 6375 1125 7718 1320 3251 345 66 7616 256 3389 7447 647 7320 1447 1220 1865 816 6789 2601 2326 3906 1789 5993 5991 7097 6157 1152 7221 7096 3277 5671 2121 4452 
7874 1749 1159 4099 909 2774 1659 3359 6785 4134 7542 267 2736 5617 219 1511 4686 6886 5561 7011 4669 7286 7562 7712 4179 1454 6554 7429 1383 6758 7625 3005 188 1488 6100 1838 813 7800 2363 605 2690 5988 1747 5045 7351 740 5201 3014 365 5751 201 2668 3922 3066 5281 2739 1595 1720 5240 5139 3053 5440 5590 6376 2918 7697 2247 2768 4091 4365 156 5182 1956 5873 2796 898 4952 1646 4496 121 407 4157 
3774 7624 2799 4824 6584 3234 7484 1310 3959 2742 5210 5442 3761 1667 244 2436 569 7292 3361 6611 6211 6511 2662 2312 3437 3254 3354 1354 454 1808 1908 4308 3963 1300 7913 4025 1275 2250 6355 500 3038 7028 4151 72 2695 755 2706 5647 3431 7106 4901 3995 3665 4995 2240 2341 1340 7856 4051 6970 4543 2191 3489 2414 6041 1616 4353 7228 7190 4115 2947 6940 7948 3846 1723 402 2857 621 5532 6432 6598 7882 
1224 274 5699 3949 1909 1999 4484 1510 4609 59 2135 6167 6617 1219 5286 1319 7661 1017 2569 4586 2387 6087 1554 787 7604 479 5329 3329 5108 2933 3283 6813 4488 5400 6330 6955 5313 7855 5155 4325 6988 4555 7645 5406 5391 3868 3672 1428 1903 6714 1116 4628 3726 6665 1397 7293 7314 2906 4276 1980 2356 5168 4764 5189 5866 1395 2839 5543 3570 7803 3141 5998 523 5307 427 2996 446 6146 3946 7323 2607 
2699 3759 6624 6449 834 7259 1885 1835 5685 1717 460 1767 1569 2317 4761 1161 4261 6186 2986 5262 4311 4119 2137 4362 5054 7679 3429 179 3033 6979 5983 2480 3625 3730 5250 1013 2830 450 688 7830 1938 2476 2938 5538 7451 3268 5847 6756 4981 2397 5668 3343 5215 2322 451 920 6540 6372 5090 2920 5465 7070 565 1241 556 5478 5141 393 5915 5676 4881 1707 971 4373 6846 4902 3598 3748 4327 7557 5648 1923 
1124 809 2434 5434 5899 3809 210 2309 3884 4167 7710 7267 3769 6217 4069 169 2836 5819 3936 7111 5919 5661 7587 3962 7437 937 3504 1979 7783 958 2783 3350 3158 2350 1130 2825 5955 100 288 3575 3875 2539 65 5568 7747 5564 2395 4170 1926 1047 6528 1143 6378 5618 4706 2701 1122 2340 6189 1718 3639 4726 7243 5439 5070 4697 928 5914 5345 5722 1023 7877 5782 7448 6696 2027 5052 7648 5923 2973 5457 
7049 5099 2249 1509 5759 1110 3985 1259 2609 7742 4610 4110 7744 1311 4667 3044 6711 6719 4062 7887 7294 2619 662 2912 2229 829 808 2329 3233 3363 6258 2313 7750 1388 7263 6250 7280 4105 4455 2780 2390 739 2316 743 6595 5081 1372 4440 1745 6693 7206 5826 278 5556 1793 1778 2053 2290 5591 2353 3289 1243 797 6618 353 490 615 3314 7081 6652 6646 5507 5798 4898 6723 2673 7232 5952 2248 
7699 684 6459 3474 6099 6609 585 5967 3135 759 6984 4135 2542 3835 6919 1844 3636 7811 2094 4794 6286 5887 3836 704 7412 2454 3929 5308 6558 6333 3863 4955 3663 4250 1705 6655 4738 3475 7425 1555 5766 5551 5251 3964 6597 4643 1303 5641 1389 6543 4639 1328 6768 901 1041 1795 3791 3590 7276 7765 291 7220 2901 316 4731 7931 3172 220 7672 3032 3871 1577 4996 6721 5927 7307 5632 7471 477 773 
2649 1324 2599 5799 6809 2784 4685 5634 6835 4784 2692 1517 5467 842 6369 6442 642 4186 6936 5619 5087 6644 4962 6612 4737 6412 5554 2254 1158 5408 4483 5433 3855 7505 2413 1430 1633 6200 1025 1855 4188 3365 1650 6288 7970 5672 4176 7740 2747 5675 981 4397 5078 3915 6745 5276 3493 5565 1741 7878 3801 7476 6066 5166 3089 6793 3153 7766 5906 5718 4028 2940 6921 5521 3452 471 1323 5852 157 2007 1477 4432 7571 
2024 5724 4384 1884 2584 6035 5784 7517 692 2184 2710 4660 7567 6311 961 436 4244 2637 6992 5636 5137 5012 7387 5387 7854 1804 7508 7404 3083 4508 7083 3708 2333 2400 3833 2955 2130 6013 2688 6505 2563 4405 7026 7714 7620 3793 7920 68 4301 2555 4013 5093 4268 4931 4247 5415 806 3943 7731 4241 6930 1740 6031 2416 6997 5841 3881 1940 4340 2114 1897 766 5623 2277 2148 382 3623 1852 2798 4321 7548 4827 6232 
6399 4849 1874 4509 4059 4234 1685 5334 6760 3285 7335 3411 935 6161 4236 1936 894 3567 1887 511 3344 1986 3629 1829 2879 6629 5179 7183 1583 4700 5805 6880 6163 3600 7925 6255 3063 2013 313 3351 7506 7663 2541 7080 731 2297 5401 6366 3597 7964 1331 5868 5601 3339 4770 5576 297 5131 441 2147 2964 5247 78 6845 2981 5990 2843 231 872 6207 1553 5746 1307 5796 4048 1602 7121 6746 5971 6896 
574 1099 524 2384 384 7159 7334 3484 6335 2310 2867 7017 6867 5342 6469 7886 111 942 194 636 7262 4512 6637 5337 7754 2529 2683 6733 2458 38 1763 4175 950 4638 6775 7075 2075 4563 2355 750 5039 2491 1315 1028 4880 4495 7640 7318 4441 6091 4190 3472 915 5370 2872 7251 3326 3593 3845 1231 140 4953 5545 1703 389 2816 3115 4572 4790 4771 4821 7346 5482 1798 5802 1721 2257 5848 1282 757 
1549 6599 4159 1834 5084 2060 7709 6684 510 4017 6242 5217 6967 2886 7494 67 6586 3961 6436 1262 1812 7229 4529 4854 2754 1458 6633 3508 4288 6463 6005 3430 6800 3480 5355 5630 5325 6488 7100 388 1314 4315 3939 5253 7643 3790 3940 4914 6368 4943 6966 6697 4647 3231 1589 2072 7051 7889 2226 5431 2456 716 6647 5520 4047 5497 528 218 3327 7902 5607 6098 2373 1057 4757 3177 6977 6823 752 
7849 1284 3384 3199 5299 6549 5060 4149 5284 7317 3635 3834 6917 2842 6142 6117 6517 561 687 494 2786 1361 5461 6362 7094 3087 6237 7112 1204 7654 5454 3729 5133 3704 6933 7058 3775 525 250 6475 2525 788 455 3613 5130 3425 4425 7325 4005 4413 5403 6764 4580 6551 7041 1797 3981 897 839 7289 1843 4940 3072 445 790 6965 2166 51 3918 2672 5989 5803 5165 6895 828 5720 972 13 7128 5690 2751 4331 7528 6990 539 4140 5495 557 727 5727 2046 1296 3673 246 4598 996 4896 3696 3373 1573 7282 1677 4473 
7374 1849 6034 2574 3299 7784 4834 2435 2134 1459 817 4035 3210 3885 6892 3942 444 1436 5144 2419 5769 3136 7737 3336 3161 2837 5079 6737 3319 4112 7454 2779 2158 2008 833 5633 1588 4950 3388 7575 3750 6138 975 1330 2225 475 1230 6180 7503 3368 2676 4113 5418 290 7601 6670 178 4815 40 191 7364 7218 695 6391 7303 793 2951 6266 639 1115 1916 890 3126 4215 6222 7868 4289 5381 865 141 3176 3814 943 7439 5966 214 7940 4847 6657 1327 7332 2032 798 6021 507 6252 5896 1348 5098 7798 4102 3723 7507 3573 
49 2499 7799 5674 6934 7349 6884 7474 85 7660 6959 42 2935 1592 6960 4967 5992 2694 3269 5411 5162 3286 7461 4762 1312 3262 4037 4912 1704 3112 4204 3562 4779 6254 283 1283 3183 3583 1100 7630 7450 575 3755 5775 6388 4255 2213 505 7400 4650 3130 4676 1728 5176 7618 7951 4956 718 5645 4220 3381 5893 968 2401 4068 3422 6043 456 4906 4947 6565 6128 2895 2864 831 6628 6228 5620 6916 4103 6068 6847 6620 1893 5964 3190 2622 6278 7832 5032 6807 946 4773 7302 3046 4596 7657 3182 5977 3382 2571 82 7207 4498 
7824 4984 7399 1734 2409 374 7960 6460 1385 6999 2160 4235 6535 1561 5842 1719 7219 7694 667 5711 1661 3511 3011 4461 4187 6544 3012 729 637 6154 6879 1708 408 4233 6058 875 1983 2425 2330 1750 6305 380 7900 2380 5750 1263 5975 3538 4172 3356 3401 6751 3265 895 3968 3753 1203 6065 6820 3739 3095 5316 5476 6843 2365 1026 656 3290 916 6964 93 4245 4540 4876 4451 5689 6441 6356 115 665 7189 3103 503 5526 4870 3166 4420 6152 1648 3848 1102 3752 3707 6902 196 7623 2657 5146 2971 4232 1121 3932 6502 
749 7834 2824 2224 2124 6359 2735 7009 3459 4060 4360 7410 360 2367 3642 7117 4592 1519 1594 2244 5569 5594 4736 3719 644 6812 5462 4444 1879 2479 1329 2504 7079 929 754 6783 5533 3830 6755 825 2800 4030 6205 1688 1438 5380 3905 530 2495 925 4191 5765 3266 4493 7316 5303 403 2715 2651 1265 4381 5393 3747 4128 1516 1015 2170 6265 7270 5956 7389 5293 2368 7072 1441 3903 7841 6614 7341 7001 7893 5489 4864 4045 7140 7339 3140 173 723 4602 6548 6332 5148 6898 702 5152 6227 1732 1857 6907 5082 96 4273 
449 6309 3249 3859 1034 1199 4624 949 184 1910 2810 110 3485 617 5935 6342 6417 7244 611 3067 6136 486 5644 1212 1011 1762 7487 944 6862 1079 1679 5937 5979 3879 5008 7933 3933 7525 6408 3108 6725 1155 1105 588 2125 5813 2925 6675 7716 7715 6151 5351 4168 3188 5364 7040 3220 7353 3668 903 2826 2389 2372 818 6815 3891 706 4903 2018 2728 520 1068 3470 3097 122 5001 3691 303 6703 1651 7666 2765 5065 2120 3197 3306 5193 2071 6321 3227 6677 2182 2832 5621 1048 1748 3098 5123 5423 4746 221 296 1552 
4174 2174 2974 7959 1084 4959 4949 535 7610 3324 6135 7385 5042 5910 7511 1942 3786 6669 7442 1769 5517 1944 2561 7962 1737 4012 1037 2037 6562 1304 329 2854 7004 5958 7758 2583 4375 3883 5725 480 1138 730 655 5863 5288 4500 7475 6980 3655 1975 7330 2481 1440 3270 6581 7306 7631 7918 2718 7622 2176 1451 4547 5378 918 28 7130 6051 3476 1165 3216 7266 4043 4551 2118 4297 1228 2978 7191 7453 2606 6603 751 3303 1664 3564 1691 7496 6071 223 802 3023 7398 821 3321 1848 7073 1107 5698 2582 2473 7732 2321 
2299 3699 874 4074 4559 6059 6834 3934 2199 1860 6235 3660 1892 4335 1867 7392 2717 1611 7236 144 4467 7769 3944 23 1512 5336 2237 6587 287 1104 1779 2179 2733 5033 6529 5208 1858 7025 1605 3380 2300 700 3980 5055 6280 4000 3955 1680 5525 4166 2095 3091 1347 3870 2351 2193 7368 7895 6926 3766 6722 3589 6097 4368 390 3578 2466 7239 1053 7839 5426 5365 2851 4501 2141 1866 6340 6440 1539 1178 2115 1939 4570 5678 7943 3002 5252 3498 1221 4802 232 3957 2648 1752 5427 7377 257 4198 2173 3607 4823 
1599 3649 5309 4759 649 4985 6234 3109 2109 6060 6010 7010 92 6435 4517 6767 4169 467 3086 7786 3644 6619 7119 5761 2769 294 3387 3362 4054 4837 1429 5104 2304 1608 4958 6108 3658 6233 5125 6580 1255 7213 3075 3938 1925 5705 763 7180 676 1455 938 7703 7047 997 5666 2740 6656 826 6076 7572 7851 4818 6716 2090 5156 416 6303 5441 3278 6053 1170 2989 1020 4278 2251 626 7156 7939 7016 5190 2618 6081 4666 240 4116 7328 7670 1096 7523 7373 5973 6948 1771 6482 4421 1273 3071 7707 807 6373 7296 5321 5498 
3049 4634 5734 7209 1309 5009 3074 159 4885 6184 5067 7110 4692 2792 5161 7644 5261 4011 6267 7611 5737 3244 1269 6969 6912 3661 6387 6454 3487 554 7337 604 7179 5508 6083 2808 7458 3088 7483 1058 6000 3838 5450 3338 4900 6825 55 6788 3113 2455 5422 526 2547 1378 2788 1422 5416 4928 4541 7906 689 4922 2847 5218 5595 4203 4356 3228 1139 7789 4641 3464 6314 4147 2593 2272 3068 5695 6851 6301 7020 7681 6897 89 3301 5941 1993 5343 4095 765 7091 3657 7627 3652 307 5377 421 6707 771 4796 2952 1877 4832 6057 3521 4973 
149 3624 924 4049 2009 6310 5584 3849 7910 2235 1810 5985 6510 3435 6092 2042 5817 6985 6642 4142 5719 4519 1811 3236 2587 1687 5562 3561 4787 7254 2337 2279 6954 504 4358 658 7705 3238 858 1875 4363 3205 5475 3250 7050 2080 1638 6275 6325 1850 5105 6938 3601 7776 3393 4489 1031 3620 6547 5522 4970 2420 2056 3040 447 4916 6143 3345 4378 7365 5145 7264 315 7953 306 545 7426 7768 4522 5597 5306 3114 3697 6276 2143 3193 3553 5106 4797 7082 7371 5982 6046 2152 5496 6521 3271 6307 2023 5398 6327 5232 2777 6873 
6674 7424 7359 7734 4599 299 1735 3899 5184 7885 5460 985 1092 1842 2267 3667 86 5369 136 5917 3986 5844 4162 6336 2186 3037 6762 5212 3662 7287 4629 1137 6658 7608 6033 4133 4975 4988 6508 5025 6750 2875 1200 405 1905 80 6175 2088 6225 463 4613 3006 4316 7965 5245 3872 691 7872 2328 2493 7114 3745 2064 7315 7915 2589 5226 1164 2993 2001 5506 7739 1515 6643 4645 5295 6741 6439 1766 4141 7014 2881 7590 776 1878 4651 2791 1281 6218 1968 1557 3771 2082 4921 1396 2723 5323 4957 2852 2002 282 6507 1773 2382 823 1571 
5074 4774 34 6274 5160 5424 3724 859 6759 7035 1785 1984 5742 1660 3185 3160 3742 1817 6036 5269 1467 4617 269 1036 4544 4361 2917 7037 212 7237 4619 69 2087 4287 5304 7779 6229 4158 6133 6429 7308 1629 3208 3355 425 2038 5405 6075 6730 5225 375 7338 6850 2180 7138 3588 830 5270 2697 7039 5570 6156 6001 2822 6772 601 3676 3772 2281 1715 6747 5531 5315 7926 2178 5340 6728 4640 6531 914 1215 431 3047 7172 681 7222 5339 3078 6976 1816 265 5178 6828 6601 1468 5197 4791 1495 3565 1089 5328 206 6495 2945 4532 521 7382 1757 5221 123 4171 571 7573 6623 2096 3677 648 5096 5007 7148 4852 4552 1173 7802 4002 
3549 1484 1424 5124 174 1024 5735 4474 4349 3584 3434 3685 7217 5492 3817 2417 6017 4367 411 517 4094 7342 7486 1969 3744 7594 2219 2711 5669 1437 4237 3287 3854 5254 8 1379 4029 3954 854 2904 2408 2883 1958 2908 4138 7600 1800 4530 2625 1450 3230 2063 5625 3713 3925 6630 3813 1322 6906 64 2731 3340 3003 5151 197 1376 2026 1840 6264 4272 443 7391 5353 1416 995 3466 2364 7845 3165 2216 6639 1847 7405 5228 1297 1240 3540 4122 5947 4516 3847 5939 2514 3118 4016 7064 1481 3128 6339 6401 4453 6947 7748 348 948 3371 321 3448 3782 7873 3646 4748 6702 1821 1002 6777 6027 927 1696 2446 1746 5777 2521 2323 
1449 5159 2899 3224 2949 609 3349 1409 4449 2709 260 2642 5509 1742 6260 3710 4935 7736 2967 7169 2486 3492 4561 1394 1069 2936 3519 1642 3919 1787 6887 5729 7729 4312 5029 4804 4129 779 4829 7233 6158 1008 2708 2725 5838 30 2550 1313 5875 7200 6663 963 1250 4355 113 7413 6816 7706 4663 838 3851 7922 2678 4991 7551 3690 553 428 356 3418 7764 1293 628 3664 2845 97 2656 6026 368 3840 5793 2501 3201 2239 7216 5697 4039 5976 6347 3916 1881 965 1464 6320 7489 4865 3293 931 5890 945 4078 4839 4843 5752 1332 5657 7421 5646 5296 3021 6032 552 6648 5202 1098 607 4207 6196 5448 4721 5932 1982 5348 5002 
3749 1949 7899 4274 1334 234 685 3535 1435 4560 1134 6610 5410 3110 4892 2667 7311 4435 7417 4386 3819 6944 2844 2511 7944 7586 7069 1112 7787 4687 7504 7937 6479 804 5229 2129 4437 233 4633 6808 5808 483 1600 2738 1780 2280 1500 6688 1355 3330 2950 88 5825 7380 4513 4164 7151 7956 690 5091 7795 4714 7901 4718 5389 10 3070 6239 4064 5291 3803 6691 7428 2865 6103 7214 6497 6731 5818 6841 1245 2831 7178 1351 6190 3815 4851 1628 81 228 1126 6831 6322 6226 541 5814 3191 2515 772 1681 2556 6939 3252 6198 3398 4407 7521 2702 3246 3446 6121 6882 6352 5827 1782 6946 2221 3102 2207 2107 2498 3527 5582 7021 
7199 5959 5999 6849 334 7949 4635 1160 4385 7735 4010 1035 7084 3574 285 2110 1967 5767 1086 792 4292 311 3994 1419 7569 1061 5862 3812 2362 7687 1237 6712 4979 3779 6437 6079 5804 7633 5654 6204 5058 308 6905 7650 1863 5980 5300 5530 200 11 1350 2650 4450 6530 4905 7355 4701 4751 1306 364 3395 1364 7826 5981 7366 891 4989 3491 7290 6718 439 5622 4603 2047 5728 3465 1166 1615 2626 618 4868 1018 1591 3622 126 6270 2403 2578 7440 540 7166 464 3043 2440 2231 964 6293 5547 4670 1815 1470 1176 6490 4672 3171 2727 3407 2377 6527 323 1496 77 432 2902 2671 5957 7007 5471 4021 7632 1582 4502 2471 7652 346 
824 2999 2374 7859 6384 7659 6109 2624 7210 3659 2835 5760 342 4392 686 185 7492 7836 5792 3917 1211 7619 2819 3686 2269 6344 4387 962 1162 7862 6294 1412 862 5787 1754 3379 7804 104 3783 1833 4183 5758 4008 7825 4525 1375 6130 5275 3725 7205 3888 2450 7238 5830 5338 1280 3776 7641 3364 1914 2318 7570 4601 5731 7639 2645 5301 5656 1131 4270 5290 6306 4065 1872 5128 1201 4439 4926 1753 7056 2278 7756 5514 2422 1790 6414 4872 5216 5206 165 6447 2220 6720 1568 2520 5864 1566 5122 2781 1678 7822 3322 2931 4546 3377 5652 4682 2652 677 3157 3807 6423 627 1198 46 907 2782 2407 3457 1357 1446 1977 3298 2846 
6924 249 5549 5359 7174 1359 5624 5259 1210 4809 2410 2485 4459 7842 934 7867 4867 3869 736 5086 2567 2192 6086 2086 7561 119 2461 6487 1287 5037 5112 1136 3937 229 5129 379 3679 3279 2079 7329 3608 5458 3683 2305 3983 3525 6125 5950 4213 6588 6238 1005 3650 555 7188 7515 4888 5688 1345 2528 4390 3928 7897 4978 2426 6920 3415 6070 2331 1706 7745 2189 4206 4566 7531 2801 1506 7443 2468 2766 7797 414 3901 2703 7656 6795 5347 3693 3541 3168 847 3820 3320 6615 2243 1070 4106 4506 514 468 3156 5014 853 4464 327 7102 2696 2982 4507 2307 6752 3698 4248 6621 6177 2932 452 5071 2202 2507 7023 746 5946 2598 7127 
2449 2849 2474 1434 3599 1934 6209 2509 109 3284 1760 3334 6210 7060 3460 5242 3419 4769 2594 5094 6169 3467 5942 4269 2136 5686 37 6561 2194 6269 3404 3137 1479 2762 5754 2929 5733 4708 3808 1233 1033 4783 4658 6563 6363 4625 2188 3488 138 1055 2855 3405 130 3680 4550 5375 6855 7743 2741 2406 7916 5515 1140 3291 5691 6566 6818 4918 4391 6878 6140 6526 5840 495 3028 2647 5172 889 2020 2014 2347 6901 4620 21 7343 4097 1076 1403 101 2790 4656 1670 7331 2116 7170 926 239 7806 2447 4006 4668 2527 3898 732 7602 721 1148 27 827 6857 857 1223 2907 3307 377 1227 7771 1298 1452 4448 5198 5102 
3799 2399 4924 1799 7909 4249 4209 4534 1274 509 4860 5710 4934 4835 5610 3992 5592 7285 44 3117 1635 5419 7894 5444 3144 18 986 7362 461 767 4944 6162 6536 4436 3804 3712 6754 1954 2104 5158 1054 1683 6883 3738 2108 7305 5605 5655 913 4350 3900 5088 5555 4850 1038 6425 7088 213 4505 2880 3947 3447 7722 3631 6095 6553 4072 6726 3276 320 2345 672 295 7865 5931 2878 2040 131 7690 90 6145 6072 453 3695 1056 1290 5540 3495 4553 6345 7215 6493 164 153 3143 318 2939 203 4853 3566 2789 4841 2928 7123 977 3671 3721 7423 2357 6348 2977 1157 148 6257 7 1498 127 2398 1898 2298 2048 4677 1796 2132 
1174 7749 2524 4899 310 1149 810 2159 1059 3159 2010 2785 7459 1542 5367 7817 4785 6792 2744 1486 3310 7919 619 7669 6794 1819 7469 237 4286 1469 5936 1994 1337 2562 5687 683 7904 6054 354 4279 1308 4808 1533 2538 1755 2375 3025 438 1788 2513 3705 7455 2505 900 1063 1000 4156 2370 5414 1920 5026 2306 3414 347 251 1151 3514 5578 6556 5951 4070 1295 7864 6739 1931 5876 6870 1501 6701 6991 589 114 3890 3090 1626 6806 5453 1955 5214 2776 3218 5716 941 795 6240 493 2101 4520 2603 6020 4403 7143 3545 7420 848 4702 3596 6596 3502 5302 2371 7673 248 4548 7098 7527 24 1871 6127 4332 2346 698 152 3296 7432 
5874 4374 6224 7274 5774 1285 3084 6699 4184 1610 1960 6559 7585 4485 7242 7519 2636 5744 419 5361 1444 161 7819 4419 6386 2236 712 6444 3317 1587 3911 7629 2512 2379 1154 4254 6604 5429 1904 2383 4104 7908 4558 4075 5075 1738 1030 905 2655 6550 4225 6680 2030 2963 2630 4280 7518 3506 6165 5231 6253 2890 3256 6118 3741 922 1114 1216 1603 6715 6915 3064 4595 7790 6176 5143 6956 3406 7553 7370 1941 3331 6056 789 16 5901 7928 570 6328 272 7381 2268 4240 116 4139 1770 6416 7347 6941 106 2764 7668 756 2477 7223 5173 6007 352 6552 271 7277 1682 6382 277 3282 5332 4352 5421 3348 2496 5196 4607 1846 6748 6421 
699 3024 6374 534 7499 2834 4359 2259 4084 7810 74 6317 7642 7967 3617 5969 1010 2644 992 1294 4086 919 594 6844 4869 1919 1612 412 4844 369 2911 1144 4862 3754 187 6287 2612 7379 6679 7858 1758 2983 908 3458 6683 4230 5563 7350 7175 4805 6538 6038 3125 7480 2850 6464 5 4463 6451 5745 6903 3428 1341 956 1743 351 6914 801 6197 3795 3914 7753 5628 6539 2366 1845 5147 564 1806 3281 247 6295 1381 7265 953 6853 1889 4606 4866 5945 3893 3718 5481 4515 6978 2970 4081 4890 1478 5853 7415 1565 2570 1823 3346 3857 1407 2748 748 1371 1196 2848 2577 6532 4146 302 7857 4982 5677 3882 5898 2823 1007 4382 1207 
324 1699 6649 3534 134 7809 3674 7034 259 5960 2285 4409 6634 4799 135 6709 7185 742 4510 560 5317 6110 2885 2292 6467 217 5635 5185 1792 2017 3142 2467 7961 3517 7544 1744 6819 2767 6761 2019 6069 4342 2669 2617 3762 2544 2319 812 4661 994 5344 1186 3436 6694 2487 7186 4887 936 761 3462 6129 3062 6962 1729 4462 304 2054 5879 6704 5629 4983 3479 1208 6504 333 3054 7713 2283 7150 5383 5150 5005 2530 7638 413 263 6738 180 1725 6638 7788 3800 6263 5663 5330 6780 1655 7230 5047 2500 2689 5455 4993 4376 7626 7031 2089 4214 6690 6740 7891 3626 6695 7651 4591 7781 2066 1606 1147 7890 5968 2876 2289 3606 5006 7464 1291 1353 4941 6241 1156 6115 4066 7741 2840 2889 2156 5451 4022 1420 1264 1006 5918 2039 6206 940 6268 2915 1643 5064 1181 6141 7295 5965 7664 1665 6606 4793 3618 516 2870 5903 476 5072 7145 6003 1095 3678 2470 241 5795 7945 4418 7089 3178 2516 7498 7197 5703 2553 2770 4891 2793 7665 4482 6998 1965 623 2223 7821 4032 7796 7973 1421 4527 1457 5673 5821 5602 6346 7198 5948 3896 1702 2898 252 4632 1623 2877 646 2882 4121 146 3082 952 957 7227 5527 5432 1632 4723 6973 2421 3821 6448 3432 3482 1598 2252 7402 3982 
5974 4574 309 624 999 7074 3449 6659 2724 3374 1759 4909 5709 7724 5684 7384 4284 5167 1335 317 235 4410 835 860 7284 2442 4285 7617 5169 1342 492 5319 4719 2686 7844 1536 1544 4861 1142 2494 2386 7936 5469 5611 3186 4136 7194 5786 1712 1487 7086 6419 5287 2862 2336 5712 6787 2962 3187 5954 6994 7954 7829 2579 254 4229 1279 3579 4083 433 3904 7208 258 5258 1783 6383 4155 5333 7500 2488 3630 5500 183 7555 7550 1513 325 1713 5488 4688 3313 6050 775 7700 6830 5113 745 4655 5713 6188 2980 1343 7514 1581 4314 230 1206 4243 4322 878 4320 1791 5593 7726 5926 4576 3865 7068 7247 7465 6395 6289 401 3376 7456 3878 845 2453 4939 5606 1141 1841 253 5372 2140 3501 2828 5643 6351 4291 7066 1247 1856 497 1466 4776 3146 3515 3481 5366 3706 6147 5222 7153 2990 170 7578 6645 3039 3841 4126 3116 7491 245 1193 6478 5018 7181 5693 1497 4745 1690 4131 4695 7397 3547 4145 7015 7818 6203 6518 4020 6981 6520 2573 682 5846 3273 5027 2732 3927 2557 4177 3746 5598 5723 2921 2646 973 2352 7546 1607 2123 2177 4323 4221 5546 5857 4882 6171 1082 5877 6982 1927 4223 1957 7173 1171 7696 4923 4648 6277 1802 502 1971 2502 5048 7477 3257 5907 3198 6582 
3424 4399 4224 5059 1724 1209 2049 3824 2874 6974 7835 984 7635 1709 3184 7434 7860 6810 3417 634 2860 4642 6635 4767 7935 6667 7692 4810 1317 567 319 1367 3692 5236 4842 760 3967 1694 2286 2794 7761 4036 6144 1369 844 4494 6836 5994 4744 3711 6961 2162 5386 912 2012 4144 3587 6187 2987 1862 1062 987 5279 1504 579 7158 6537 7104 3408 7033 5904 1733 5858 3383 5483 5783 6833 1183 1913 5588 7850 4913 7313 5850 5363 3638 7463 6605 5438 4125 2025 5763 6600 650 680 2275 2238 7275 780 5664 4330 6651 3272 3740 2763 7103 4393 3297 4765 6570 2472 7545 7628 5076 6839 5278 6191 1101 7116 6220 1781 243 2165 378 5997 3015 5589 2664 4101 6045 6195 5741 3628 1870 7176 820 2153 1928 1570 6706 6256 276 2995 4545 2201 1676 5068 2666 6791 7095 791 6353 5220 3164 2856 1764 7240 1891 3147 4690 4093 4831 1765 6515 3722 3889 2222 7164 4415 1822 5889 1668 2264 7831 5443 1697 5797 2868 3715 3318 5714 7414 7139 3131 5778 2443 7846 3352 5832 3121 5057 3471 6223 6273 5107 7848 4523 921 7396 4282 7852 7671 3923 5127 2171 6446 4227 4521 6248 4927 3007 3496 7596 4132 4298 6877 5707 4471 6123 5373 7927 4296 1277 1071 6573 6407 6477 7273 5171 3123 5346 4182 
1499 6049 3409 409 5599 1924 3734 4299 3410 559 7534 7409 4124 2359 4160 435 5659 3035 1009 2385 385 1410 4535 542 1117 6710 592 7042 5660 5567 4917 1494 6361 344 3367 1169 2444 3619 869 1286 6594 4569 3461 3862 6111 5211 7711 5312 2719 6037 6312 4637 3169 5237 312 4537 6112 1937 7204 429 1662 4937 7304 2404 1187 2004 4004 2654 3633 6579 7833 6358 5679 1083 1258 6608 608 1338 2858 4150 6838 5038 4855 75 6455 5100 6925 6555 7888 5680 6963 6900 6025 805 3455 5575 163 6300 5755 125 340 5266 7805 53 566 6468 2391 3743 128 193 4181 4964 7539 3990 341 4231 314 1631 3765 1256 1401 6101 1272 4531 6126 6331 2168 515 5566 7678 7853 7778 1128 701 1520 1393 651 7881 5493 7268 6989 6814 6040 95 1853 181 3420 4691 4503 1356 1145 866 2206 6326 5831 5916 6866 6393 143 7006 506 4915 4090 7441 3528 1491 7816 4678 491 5114 2441 3576 1065 4472 6506 543 216 2568 2103 1990 4040 3556 870 4789 4878 2623 7502 4003 5022 2596 1546 5402 3232 6932 7946 3727 3777 2282 2098 3202 4271 3757 5502 6023 1777 3396 6377 4582 4396 4857 98 1202 1032 4107 1998 546 5073 3423 3877 14 923 2532 2602 6852 6627 7271 1423 3732 982 4077 107 3702 
5499 3399 7509 5149 6799 3174 6724 7024 209 5809 3609 7310 3634 7584 7299 7059 2209 1560 7134 5535 1935 6885 4992 885 3542 7435 142 6592 7667 5717 635 5892 5069 236 5385 5861 3394 7536 1411 2294 5244 6292 1386 3892 7269 861 4319 4811 2119 6662 4369 6686 5794 2344 7912 262 4262 5944 487 2462 2629 4487 1012 4954 2354 3029 2829 129 1558 5379 3858 4583 208 629 1108 7030 6308 4180 6708 725 2713 7438 4755 5550 2705 5050 350 5013 363 4313 7300 5263 3080 300 3288 4303 4838 5738 2393 4976 6466 47 855 5806 3965 4526 4428 1040 7876 4295 426 6881 4703 2815 5445 3247 7689 4351 5865 2376 5289 1895 1776 481 3895 5395 2051 1266 281 1339 5640 6743 1831 5239 2 6022 2972 4616 4114 6770 76 6951 5326 465 906 6139 7241 2016 264 415 4372 6018 1693 3764 5170 6318 6089 5715 2172 4341 3416 4226 7053 5791 2465 1666 5428 172 5978 5970 2015 168 5870 2614 6631 6503 7597 1991 7422 1851 1695 2506 4456 7401 4893 6452 2941 4071 7090 5118 4946 4046 52 7923 7957 6557 3427 6457 4427 7071 5473 5273 4627 3627 332 5023 2757 1907 6673 1402 4096 7532 7482 5823 4846 7052 3027 3802 2802 5396 1973 3323 2348 6402 3648 7582 2396 7971 7327 3552 6971 7757 73 
424 5749 549 974 6149 399 4199 6909 584 5559 2484 410 2884 5035 3134 6334 6734 6660 1585 5435 4960 1360 1060 3392 2510 442 4567 1634 2492 4986 2242 1917 711 819 892 7969 4644 1119 6567 911 1861 7261 4919 6394 6194 2469 2994 7394 3061 2261 3486 737 87 519 3612 4111 6261 4344 2787 3844 3512 404 3311 7062 7879 3604 5004 5404 1529 3229 3004 5529 6987 1654 3758 558 7358 5233 5833 4858 7383 4883 330 1658 1305 7950 6350 3280 713 3438 4338 7055 1075 5513 6888 6030 3805 6875 2838 5163 1238 4680 6430 3440 6470 3647 6666 1918 39 3972 1768 631 3378 4143 7526 5665 1701 5843 747 2228 7466 4481 1751 1868 4216 147 6370 370 3076 7589 7791 2595 7751 3839 6291 3640 2418 1801 5243 5397 3756 466 6403 3797 4856 6491 2126 4743 268 3989 1541 2922 2903 6443 4193 4728 1490 6968 7801 7591 7301 3101 3616 2966 5341 7581 7828 4514 6016 7340 1093 7193 6856 1943 5195 4565 118 6426 1078 1016 1556 4465 489 531 6489 7497 7723 3568 7898 1548 1540 2677 6632 4873 4907 7457 5773 4446 1948 7782 3921 7298 3546 4148 3977 1127 7252 6077 6923 6671 1502 1621 7773 7621 2073 1807 371 4307 4732 5046 2452 7721 298 6471 7196 7002 5177 1052 6496 4652 2752 1077 1321 5382 5757 
7324 4999 7224 5849 1524 709 6774 6499 5199 1584 2549 959 3009 710 3385 2809 6299 7360 7235 4734 5560 7785 5810 5010 2260 5867 5135 2560 6942 2085 1985 7319 2910 719 5542 744 4742 7092 1111 4694 6461 2411 4211 261 7512 7136 661 3669 6861 3787 3019 2311 2111 3119 7411 7444 2062 5437 1604 7812 1362 6654 6354 79 6904 6029 1579 6004 4504 4383 4604 4058 4908 2633 6908 2308 4258 133 2233 2208 7433 705 1700 238 1550 1505 5030 5938 6380 3605 1563 7763 7880 7000 2105 50 6055 4165 6480 5205 3213 4080 1480 4130 3018 3778 2303 7676 3856 4201 6872 7966 2722 2070 2930 4264 5845 4589 1518 2643 3222 2043 2551 4816 3403 2814 6006 3328 3518 3441 4222 822 3816 7866 20 5781 1726 4422 7941 2893 7165 7772 4347 4031 6572 3653 6114 5816 868 1253 6214 422 7820 6381 2753 3451 195 6015 1526 1622 5790 2778 4328 2041 5891 7543 5491 3106 5681 1656 1189 391 4343 7478 6641 770 5331 7653 1951 1001 3543 472 6215 4468 1640 5020 4406 6891 1191 4152 6516 7078 4895 1596 4998 6173 7107 3996 5552 1727 4621 5246 5996 2773 3796 6957 4377 5157 5021 7452 5257 2402 5571 4848 3577 1046 5748 7646 4623 3223 4646 4023 2227 1471 5446 4671 1671 5327 3152 5207 6498 132 5702 5732 202 5596 3332 
7524 724 6474 3874 224 4424 2074 6899 899 1109 7149 7510 3760 6574 5459 3785 674 3974 7109 3735 6935 3260 1292 2960 1184 6042 417 1217 1617 917 4067 6842 1260 6742 7636 2586 94 1894 3536 2161 1094 3094 192 5136 5886 586 7019 3736 1336 5511 3694 6869 4087 4594 6519 2611 5986 5362 4212 1837 2287 887 6837 112 5637 2729 6304 5187 4679 904 3979 6329 5604 33 7733 6404 5358 3104 675 4033 2258 2133 2508 2758 25 4763 3400 400 2463 5350 355 5913 2163 4830 7388 3225 5000 2000 4863 1813 613 4925 3030 2575 1950 6613 5905 7430 3880 5800 1439 3001 1172 876 6578 5126 4497 643 4478 7470 1003 4951 6093 4466 7615 91 1493 3828 2772 1576 3065 6415 2564 4370 2339 5066 3206 2653 5856 1218 3591 947 2916 1772 1551 6889 4803 2028 5897 2616 2266 6445 5616 139 7847 6428 5541 1465 2128 1278 7481 1276 3806 4339 593 614 2628 6281 7843 1945 1890 4693 3120 7195 522 7815 6616 1964 2270 7840 5447 6047 4740 1966 5972 1528 4041 7141 3316 1564 478 3773 7418 4778 2302 2271 7157 671 4977 3873 7598 2157 4123 5132 4477 6821 6871 4398 2707 6052 7698 1832 3096 1507 1252 902 2273 3557 3621 2627 3048 6398 1698 6607 7257 7827 7132 171 6296 2457 3823 998 1382 2746 5371 7171 7407 2927 
4649 7974 7549 7249 5249 124 7774 3034 4749 2324 2099 5224 5984 1809 5924 4760 3860 2685 6385 610 3010 4109 4910 7485 3909 6860 6284 7917 2335 1392 7192 2992 3794 6319 5017 7036 4042 3292 4161 2342 7869 536 4894 7911 1992 1044 1869 2211 6769 2036 6744 5694 4511 469 7436 7537 5194 6012 5911 3987 6062 4611 5612 5854 7129 4662 462 3337 3162 3079 6929 2954 2554 4879 2704 4929 4329 83 5558 7558 1933 2833 4733 3505 6450 5608 4333 2475 5213 7963 1413 7605 4675 275 4050 7530 4813 338 2050 1805 1538 3450 6063 7375 3688 2750 2543 4766 2820 3563 5272 6753 2164 3997 1826 3445 4825 6170 4056 978 2726 7291 6120 418 1120 2615 4389 4626 6622 3643 7278 881 31 4401 3295 668 678 6122 6865 7540 2997 840 7691 2841 715 4590 1531 2518 581 3456 622 1689 5056 2926 6797 7568 7593 1514 2803 5490 1503 2256 5895 6781 1226 3551 3081 2203 6826 1803 5943 222 3876 5706 2139 1097 2795 166 5878 6893 1456 6501 2106 3703 768 7022 4470 4366 4653 3181 2265 547 1641 1953 17 7403 2943 1902 2246 3548 832 5077 2077 6782 4302 2021 5696 5121 4752 3473 7348 2052 1146 3902 4277 182 2432 6698 3998 5248 5807 2946 6302 4698 4782 6602 2448 7246 3357 4657 2196 7932 5902 5271 7921 2552 707 4807 527 3073 7077 
5174 2749 5484 1624 4549 4974 7124 1399 4499 7684 199 2984 35 5109 2459 5860 5134 7759 2934 6434 2585 6160 5835 3792 3235 1167 6367 5092 1235 6392 3042 6685 4542 36 5692 4394 292 5111 2069 5044 1192 3442 6911 6542 1261 1786 2811 4987 7312 4442 337 7162 361 4786 1537 6219 1194 162 7336 137 1962 3737 5587 529 7354 6212 512 3529 6804 1029 3454 2029 5083 708 1883 7133 7258 2058 6858 4305 63 1150 5230 2675 800 7775 7780 3263 2888 3580 4205 2205 1475 1213 3780 2988 1525 4263 6805 1380 3105 7863 3366 4875 4788 3175 6166 7538 2195 5041 1593 4076 5320 4780 1756 3831 1418 5928 1289 366 5701 6178 3941 6953 4614 578 2065 3978 4772 4806 5043 4053 3522 3439 1947 7393 6090 2428 5920 3526 5241 5390 664 406 6822 4431 7281 2565 1197 4416 6364 568 7003 6778 4345 6420 2806 6106 572 397 6864 7490 5820 5789 2241 2953 4741 5872 5953 1195 4564 2522 5181 7093 5466 2503 4120 5015 6995 1647 670 616 3539 6406 215 3315 2572 1064 2756 103 532 3973 4897 1547 7027 1882 4082 5357 7952 5771 7357 3221 2721 1248 5298 177 6182 3632 6148 7682 473 3477 1827 5577 4932 1996 2232 57 3532 6323 273 6048 71 6682 7896 1921 4346 7182 6832 4457 227 4402 2332 6107 448 5682 896 1232 
4724 5374 3099 7309 5474 2734 1824 6874 2684 4859 5834 5485 6134 3499 3209 484 4674 1492 7559 960 3767 3085 2035 1 1442 4310 6817 2210 7760 6067 694 2392 3811 4636 3017 3335 3592 3544 5119 367 6011 2869 7142 7717 1344 2519 5894 6119 2737 2044 5062 7419 7837 7061 2687 794 679 2887 61 5154 5837 7012 2262 7029 954 6512 5354 154 2804 1229 2204 6829 654 5579 533 3312 3258 4208 383 3133 7708 7808 2958 4750 3850 3255 5080 4630 5700 3513 1400 2975 6913 6625 2905 5638 7250 4800 7125 3913 7755 4938 1225 863 2338 2613 5430 2605 4306 5255 2743 3670 43 2545 3993 5472 226 4768 4293 9 3843 7322 5101 6568 989 2665 7120 2714 803 5839 4945 6131 3751 3245 4239 1370 3026 381 41 6390 5851 3641 7566 5581 5368 1714 1995 6365 2597 2293 3031 1239 4597 5828 7126 2464 7547 3122 420 6418 653 7297 1072 3645 6014 781 6297 2566 591 2031 2045 6290 1820 4414 1970 939 2218 2145 1489 6481 5539 5016 6343 4681 5922 3822 1090 1543 856 1639 2445 7493 5115 3716 1066 1972 7018 3523 4781 1302 6221 1021 882 4007 48 3148 846 3052 4573 2327 5277 6073 5627 3948 2821 3827 1373 6396 4371 5223 7777 598 577 7427 4057 3057 1132 2827 652 2923 7823 6796 7177 6996 5921 2807 871 6848 1177 4098 4948 932 4877 
1299 6324 5049 99 6124 2284 2274 1974 7184 6024 1609 6524 3684 0 474 7099 5360 2559 6259 6910 1234 3509 5235 4717 2759 4260 7260 4585 3935 2067 660 5285 4217 1042 4994 4192 336 7592 5311 544 5494 3217 1736 5962 3586 4219 4019 6094 5836 1562 4911 2944 4411 6636 786 1087 4712 3219 5412 7344 612 4154 5812 4562 2537 5537 1912 204 5479 2429 6379 6779 6458 7479 3204 1483 6483 5283 4408 583 6183 7063 3000 7108 6283 4575 150 2813 7613 4163 5930 6575 6413 1830 5613 7225 6313 7588 1663 1730 6105 5238 15 430 3093 5480 2438 5764 7488 3391 1828 5097 5772 551 1326 331 1426 151 7903 3243 726 5095 6590 3614 3503 6476 5740 1414 1601 1618 3595 2976 951 7576 4251 5501 6272 2215 4845 841 714 1214 5822 2131 7468 4578 7226 145 190 620 703 4228 2956 2253 6840 2641 2003 7245 595 6243 5191 4568 7345 1620 6640 2914 3897 518 6422 4840 1818 6039 7947 3720 603 1081 5464 4665 606 4518 2620 4326 3531 1989 6431 764 1472 5003 1545 3145 1976 1123 2439 7702 753 4828 396 2523 582 496 5871 1427 2482 1473 596 1246 6132 657 1027 5407 7202 2146 7446 1377 4246 3132 4052 2873 2871 3582 2896 7752 4673 5721 2948 777 7907 3248 4027 4348 6427 632 482 2423 4257 3907 6271 7146 32 4777 