72
3824 5624 6049 1484 6574 8134 4110 4334 7860 117 9219 1017 1069 7292 8836 7592 912 7994 7469 6711 4861 2237 4511 6654 2429 9658 3704 6908 4775 8458 9930 4855 1475 6550 6180 4705 5230 688 7288 3553 3589 9878 4500 8940 4955 6865 3068 6439 6406 7731 9315 3738 8943 456 551 3190 4228 9647 2739 7497 945 5195 9189 9672 4598 2577 1682 7871 9777 2723 
7849 2099 8224 9609 2659 5024 4760 6610 5542 3460 8367 4392 3442 6594 367 6169 2694 1711 5361 9186 2044 2062 1154 579 1183 7229 6458 3133 9029 8363 3650 7488 9475 80 3400 7238 9400 4305 130 3350 9843 7888 4225 9156 39 9375 6578 872 497 2501 9945 5493 7426 7803 2276 8266 9326 4001 8739 3128 8265 5616 2916 578 403 1671 2803 3807 7496 3852 3732 6071 
5674 1499 5599 4999 1024 2510 4610 3617 7917 4492 7317 4736 6819 7619 344 536 8136 1419 9837 6462 1354 6887 2129 3779 8108 1833 433 2075 7408 8680 9050 6188 4850 9180 5905 7125 105 2614 9839 4295 16 9188 9828 4905 5443 5553 5722 6939 9218 8028 8216 7006 1972 9081 6056 9497 2001 2314 4665 8651 6356 5064 9178 7347 4503 1132 7081 2471 721 8402 6946 
3224 8274 4924 9734 2410 2710 934 4310 1085 1010 1067 8810 5242 6444 5437 9494 5561 511 2894 6129 612 4629 1804 554 7558 708 1858 2963 1133 9530 7333 475 4830 4525 555 1555 7739 1688 2888 2128 6488 7526 5330 8351 3838 6597 6176 2606 4440 43 3065 9106 6976 3603 3420 6045 9356 7868 7503 8841 5193 8466 439 6446 3968 9932 6096 9707 9171 3123 
9474 759 1 6874 574 8859 3984 6535 835 5835 2667 8717 2492 6092 1967 661 9611 6211 5786 6644 9362 3719 187 5204 5329 1404 2279 3383 6883 4613 9805 6675 1400 5980 7475 1588 1205 1700 1988 5788 4030 4476 1845 8576 8538 7743 2553 6868 8364 453 493 4706 6853 365 7943 2166 666 1765 8822 93 9366 1216 9272 6614 9657 5648 1816 5527 3972 7252 2748 1382 
9824 2724 3584 3885 2585 9974 8110 1034 6085 3135 9211 2435 4119 4286 3836 3394 6762 7244 3662 1837 1987 9912 5004 3529 3433 2358 3858 113 3633 9705 2355 6525 7738 9738 1155 7338 5755 9205 3263 7680 6216 7076 6839 4997 3026 9903 5297 4403 1066 3797 3526 5576 1756 7947 226 6003 3006 1141 4920 5053 1396 623 2814 9473 7471 723 1971 
799 8324 8009 6109 7785 3260 1335 8485 7442 4592 185 3417 492 5169 6969 5069 8519 4136 7012 3512 3679 854 3483 4308 7358 9558 1830 3250 2613 850 4075 975 1125 3138 8013 2275 2513 4995 8205 675 6222 101 6843 3465 4151 3391 1172 5578 991 8215 1901 2943 8014 6093 4690 6989 431 1320 6478 7802 6332 6327 3627 3327 1546 2546 
2999 2409 85 4849 159 3009 5485 1285 5492 4242 5494 2917 7319 4061 8194 3694 362 7419 3636 8987 7029 804 7554 6329 633 1883 8433 5525 208 9838 7388 1100 5988 3513 8138 5963 3566 8188 870 2288 3700 290 505 5426 1841 1089 103 4781 1718 3656 9228 9025 6826 1378 3890 1103 4678 9247 4056 3945 7168 3370 5164 4307 5881 302 1096 9602 5123 5382 
8749 9149 2174 6724 2259 3649 6760 8642 9642 992 6061 1786 2819 8067 7761 5794 3136 8811 7411 1287 3787 54 3404 7808 4504 5883 3055 2725 6680 8500 2875 3000 6338 2713 630 2230 7940 8001 1606 1978 8113 1618 1828 9520 1789 4276 5497 2591 4615 8018 8391 7922 4340 9439 1716 4943 6766 7628 7839 9696 1496 4382 1277 4232 6246 
6324 2299 1634 2709 5435 3084 2359 110 7935 1617 7717 7942 4510 3886 7644 6044 1386 3792 4144 1462 8469 9969 3054 3579 658 9954 8933 233 3083 1463 4725 7200 5650 4555 938 2008 8475 1730 2172 9943 9168 922 6288 64 2000 72 476 131 489 753 1922 6945 2590 6465 9563 426 5801 8095 643 3928 591 9198 2816 5321 4648 9223 746 9448 
1174 1824 7509 9684 2924 5635 3409 5410 642 6360 8085 8011 9094 3494 5661 3144 6186 6212 5687 4862 5579 5229 6704 8804 5558 8983 3108 9408 8625 1488 8763 3850 8600 7750 5013 1663 2031 9165 4795 5188 238 9303 3556 600 993 1766 8395 8251 4753 3468 9776 1416 3503 7676 2597 5978 8693 9789 3628 3739 2889 3877 9568 9790 5446 3057 1502 307 2757 
9449 9124 7374 7884 584 3185 4442 935 3244 2792 3667 4619 8719 2744 2919 5044 1636 6194 9812 3086 512 2154 6729 8154 8654 5783 7583 7058 6000 3933 2130 7225 4025 8738 330 4150 8125 7325 7430 1675 7405 4866 147 6391 8075 2170 1826 1364 7790 9893 7181 201 7178 1490 9431 6039 3172 8593 4097 2189 7665 5893 2181 8502 2302 5132 4657 6098 6771 
5549 924 4734 9309 2249 1584 2335 9559 2960 6142 4185 6167 5436 2017 8542 2367 517 5961 4994 819 9794 8994 1012 6737 4979 6529 8979 2583 5408 7233 7858 388 7188 4233 5763 2088 6075 1963 5688 2025 7155 8180 705 9151 8050 770 1381 5268 8366 1753 9201 2397 5351 7001 478 2578 6026 9851 970 6128 5618 9747 4965 3197 9016 9822 6565 7716 1014 7170 9056 752 9077 9307 46 5307 7732 1273 8157 5248 5877 
6524 4224 9459 9274 5159 524 6559 9784 2610 3817 7235 467 2569 3069 9344 9936 1236 2161 5844 461 737 3119 7486 9262 2504 1379 4029 2058 6354 408 1508 1725 1763 9330 9480 6725 5780 3388 2013 7988 3480 6738 7038 8015 9840 4066 278 5375 4172 65 9170 4851 1115 2826 1251 9928 6528 956 356 8981 503 8118 4572 4428 4693 3531 8497 1015 2672 3414 781 2295 477 5182 9327 7296 9821 6832 6373 2121 5271 7627 
4749 9524 1899 3559 3235 1999 7885 1210 2909 6685 709 4235 9317 5742 3467 319 1567 7786 369 3642 494 9269 137 4879 937 8779 8437 5654 2558 6658 508 8079 8608 2125 9163 400 5500 5080 5105 3150 7400 9950 9638 4426 3064 4853 3564 1813 3664 1493 6941 7701 2566 3570 7793 564 6014 2395 5406 9701 693 6195 3645 1341 1881 5756 9901 9681 4947 5822 7422 4522 3756 7777 5898 7298 5807 6802 7896 2198 9221 7277 1921 
9249 2399 7534 849 634 9599 5384 9584 6235 5292 9959 485 9717 2936 3261 6419 3117 9019 1269 3262 4344 5979 8512 2954 7154 6854 2158 679 6508 3508 3958 3225 9100 905 6413 6213 7980 5225 5150 805 6205 7255 3830 2556 7226 9131 9501 4156 4590 8039 1722 5364 2353 472 4072 7245 3168 5141 1531 3856 7163 5815 2991 8615 166 4672 5956 8053 8166 7846 5357 7432 1702 9627 4282 5707 2296 6596 5448 
7699 1184 2324 8349 4410 4584 3210 7185 5685 3160 1260 9117 3344 9592 4369 9417 3337 3612 6669 6636 9569 4036 3411 8879 5954 5104 2829 6608 3629 8533 4008 3975 8838 4788 50 1250 6555 15 4663 580 6038 3075 9831 41 3665 9718 6531 2964 9320 6801 1714 1743 8820 9078 4972 7247 756 9468 9472 3616 9206 5441 8247 2703 8493 1018 6747 6668 7840 5477 3548 2682 8271 821 7573 8148 96 8452 8296 
5474 4774 6699 7724 5399 9284 8609 1049 5009 2761 5917 9260 4817 5942 3635 8844 8442 336 8344 6961 5336 6936 219 6336 7812 2929 3412 1629 6504 6958 4483 9258 2955 5625 5200 4430 7350 8730 8850 5363 2855 3775 6263 2805 5663 4568 9663 6676 7322 7306 4990 8689 2622 3206 2026 7501 9214 7795 9676 6226 6043 8393 6345 397 5295 7522 1747 4365 1166 931 6322 7893 7991 7166 4373 5057 5902 6421 1177 8671 4698 1127 9296 6602 
5149 3324 1474 9934 624 6010 4984 6385 9009 7584 9585 6692 9367 7967 1219 6011 3017 2661 1469 5586 1819 3361 3487 8112 4187 2362 6954 3729 4829 1029 7654 5058 6333 1838 7133 9113 6500 5038 3750 2825 2630 9826 338 4870 5251 3938 8372 1091 1114 7747 7189 2615 4068 364 7506 9951 1851 9897 1439 4495 2478 9956 1545 2016 9318 8676 7145 1568 7466 10 9818 6427 7002 4571 1348 9046 6473 332 152 3846 6507 
3299 2524 124 7074 5609 6899 7959 9384 3917 8044 360 4711 6992 969 8744 9392 2961 2394 1694 1886 7687 587 4404 9129 6029 7979 3004 1983 8233 3275 6930 4200 1075 9863 5705 9713 3888 2755 2105 5641 1831 4865 1863 7216 9588 4901 9813 2043 140 751 4003 4293 6228 2351 1620 5918 66 1715 9906 5926 1540 6516 3472 2747 7122 8543 5928 9593 9065 3223 5432 4032 8448 8921 5002 6646 5471 7071 832 
149 1549 2674 5909 2309 885 3159 1660 2085 3985 3860 7119 5367 4769 4486 6917 6386 6062 8494 4362 2036 7136 8 4137 1329 6179 4304 2879 8733 9283 8333 3008 2413 25 5600 5175 175 7575 1638 9955 4868 4864 7176 8300 116 5628 2570 9689 4553 9143 1938 2041 4420 5770 4581 3220 3303 2064 7928 4647 1218 6891 3622 8893 2497 7395 5872 7470 8590 5241 9523 6923 7523 1352 5021 4127 6671 7602 5227 5377 
6399 449 2149 4049 7184 2484 4910 1009 8710 7135 8217 2267 9092 8411 8219 6761 2786 5736 4787 1994 5837 4869 5629 4654 5304 9904 9008 2133 9683 6138 9455 4625 2300 1780 8425 3538 2680 3950 9788 1905 4888 851 2270 6397 6903 6153 868 9328 2266 6540 6926 2676 9018 8253 4756 2215 6456 4964 2003 1243 1164 1616 603 9445 343 2978 3741 9798 9452 2773 3423 3357 1002 9873 6882 7646 5373 
6449 9874 699 7434 9634 9674 285 834 5860 9360 1667 2642 4461 7919 8961 6111 361 5594 5936 6919 4186 1844 6187 5012 7004 504 4854 2458 1258 7458 5288 6358 1975 9088 4588 3025 6980 3505 7975 6350 8041 9055 7650 9841 4765 3451 2966 5264 1966 9716 1445 9451 6915 2670 2268 7728 315 6914 6570 1491 6206 616 5806 2639 678 1403 8840 1328 3328 2522 8197 9395 9457 8096 3457 5352 8398 3902 1046 1927 4321 
5874 4124 5134 9499 1434 7059 3585 6934 7635 1492 3385 8985 3992 2742 9336 6694 1461 4762 5411 9669 1044 8061 1136 9079 8462 9104 5483 8408 5858 183 5458 350 5400 2375 1525 7313 4405 4275 1575 9613 3080 9547 3755 9278 9090 6415 2420 31 7218 9276 4401 4051 2853 7022 6440 3151 8845 6822 5916 640 3256 2528 6656 9643 7378 1641 2253 2122 8715 8422 1607 4727 3407 4182 8802 6457 5171 157 1796 2473 
3349 1124 2184 5974 1599 3874 3674 734 8824 8709 2985 2060 8935 267 9342 8292 8435 4744 9492 8911 911 2336 8692 6569 8619 887 9887 7612 3011 4087 2444 3979 5704 9004 8754 4512 7479 12 4333 8808 2033 8658 7713 8200 3305 2200 6800 2530 2538 3625 1255 5626 6480 1130 3565 7016 8045 8397 7003 6466 9522 7816 6464 6401 2941 5901 3893 6940 6018 4551 2320 56 8515 1728 9120 5291 8831 7870 5022 6315 8276 2091 6078 5566 5343 1940 4906 1316 5068 4196 4771 9571 657 6502 223 4652 2823 8998 2946 3682 4877 2802 
3249 3524 9699 9334 3374 5359 7309 4084 9685 9110 4085 9710 3960 2092 610 6069 261 4042 5536 136 9886 169 3586 6844 7869 4636 6719 5886 5862 462 6862 1137 9754 5554 9854 7783 1308 2108 1558 2455 8855 5638 2950 6005 8988 608 9438 6988 7050 6225 5875 4055 2838 4213 3595 2616 6428 2065 6390 3826 916 4976 4345 8640 4281 4128 3578 4339 6190 8695 4703 1245 2453 5203 9122 3816 6840 7976 6814 4445 2695 831 2470 6090 9372 7047 2781 5656 8453 2297 398 948 5552 771 3252 8846 6977 782 2796 4923 2673 8996 4346 
7774 6799 9649 4649 134 6809 1424 2560 6234 7334 8585 8285 5142 3660 4942 3236 7267 8317 9944 9436 1142 9719 2911 7861 444 1969 3544 904 7512 7837 4837 2904 454 629 5958 6008 4733 8833 558 6788 8930 5130 7213 863 8750 5675 8083 4605 1280 8450 8805 6313 118 4978 6418 6443 3045 2028 3670 1090 6581 7203 9889 40 1597 6851 9314 2389 5795 565 9343 9239 3143 1906 5595 3351 6665 8720 7314 2303 3097 1656 5314 1026 1665 3243 5239 5890 1943 5907 6182 3621 9321 6198 2677 1596 2171 9746 9282 7857 9252 6032 
274 7624 7999 7784 7874 7210 8284 910 3610 1834 9659 8335 9010 1761 8117 1867 5769 9960 36 7544 5319 3212 7236 9861 8461 5712 987 9804 7287 2979 6454 8829 733 1783 58 7283 2783 138 7175 3638 463 5900 700 8975 3580 4005 8175 1180 3925 7538 7088 7438 9916 4601 468 9895 114 1622 6728 7351 6453 4715 1989 5365 6951 1601 2495 9401 9743 320 3501 5215 2272 6347 7703 3003 9641 8339 9403 7465 1181 6664 3764 6493 2445 9390 182 3746 1521 532 3773 8821 1623 7702 8032 8471 2223 4548 1807 
2224 0 4434 4674 9924 8674 1459 4384 8410 9285 585 3535 9760 8842 1960 3710 9767 3785 3692 6611 5892 9144 7094 4561 1594 3987 8694 7962 9187 9787 4804 7562 3754 1429 5283 7933 7433 9058 1958 9538 480 2283 8700 5263 1630 8058 3588 7625 8288 5925 9780 7688 9526 6376 3790 655 4626 775 5640 4015 9972 8641 2153 7020 176 1615 7591 765 2381 6189 8978 6181 8616 4366 1991 5506 9715 3626 4131 1547 5451 4040 926 7070 4028 5091 5120 1314 5891 8914 27 9807 5577 2148 1398 5027 3696 8557 4557 7282 3671 8952 8196 
674 1624 2624 1349 8035 1209 4909 1659 9935 3724 1684 7060 3360 4886 3410 9842 7560 6885 817 3911 5067 8486 4912 9811 9761 2119 5019 9087 7087 9961 212 237 2054 1304 704 258 5879 6708 4133 6130 6450 3125 2588 4300 2055 6850 1955 8430 8825 4175 163 9413 8605 9380 7863 7201 289 9139 9490 6864 1106 768 4565 9503 4628 2040 5063 8272 8243 9890 6901 6468 3264 4164 470 7190 3178 2701 3481 1426 5301 1265 2465 776 5920 8218 601 9590 1128 2291 8648 2332 1457 4327 921 7157 5348 4773 2527 7452 171 6648 5732 
3924 299 7924 8149 284 5334 4435 8159 1084 4834 292 4385 5517 3935 4092 1194 6286 2461 6436 8569 1992 1042 636 544 5111 3869 6469 2962 4662 1437 3962 8279 7929 4179 9833 1633 9608 6833 3158 7775 1708 6155 5680 7805 5383 8330 8655 6688 1550 5163 2438 8675 1025 8588 4676 5647 6441 2256 6947 9947 2813 7551 7815 8378 5043 5051 8601 7015 1595 2491 1191 876 5745 9220 5590 203 1020 2106 614 3865 218 3547 6956 3822 8528 1653 8278 5897 7078 5696 6896 8071 2207 3302 3596 4027 3882 5971 4927 9421 4202 9882 
6849 7024 3499 5085 824 8209 7709 8109 6734 6410 2660 8760 6035 1167 1342 4267 6217 6867 8586 2494 9667 744 9236 7417 6494 8161 6412 244 619 4637 7362 1929 4204 4954 8679 7054 1908 2883 4713 3550 7955 6100 9175 5438 5605 6838 7913 6900 3288 9725 1755 3188 1839 4981 9140 1995 2151 2047 3043 5781 3793 576 9203 4314 3576 9465 8356 9751 6218 4681 8376 4320 2691 391 5516 3518 4022 9726 4370 7864 9781 2103 7364 5528 4506 7281 1570 7172 3096 3921 9596 4407 5796 121 8698 7032 3907 5598 4148 5327 2398 
5774 3049 4074 8174 959 1574 4710 4609 7810 8434 4485 6735 1685 710 9660 4919 8636 5911 9244 3319 6642 1261 7019 436 3562 3462 9137 487 5562 7137 5804 7804 829 4004 7308 6683 9379 4858 3663 8925 8308 8480 6905 9275 4325 680 988 6300 6763 3047 3051 930 4368 4388 6395 890 7814 6156 8022 8816 9720 4418 5915 3606 7576 5778 2378 6028 9245 4153 5564 4465 5031 7151 5747 6541 7881 6991 8801 7045 6351 2828 3440 3768 5056 1973 4948 1946 148 1402 2371 1202 8727 3473 7423 2632 3352 382 3307 
8649 8599 6774 9724 8624 3974 1359 4309 559 735 685 6210 810 2167 5417 269 7711 8594 5969 2836 3169 8587 6744 2286 186 537 9662 9429 3279 562 2204 1954 2508 3183 1808 6308 1050 8133 5850 2250 1030 9230 7450 4380 6925 613 9775 7740 730 430 864 70 9941 2139 9147 5772 6245 7801 4303 7970 1795 2053 4439 3270 9953 3453 2940 5776 1291 1876 7316 4639 2068 4578 572 6070 3189 2340 7251 5522 3331 593 1865 7089 7948 5932 352 4096 9607 3571 8323 5882 8971 3173 1621 6023 8348 7048 
774 5224 9749 1324 884 4549 2049 5309 3560 4134 5234 2417 2867 392 6767 2967 2142 1611 119 4944 2644 1161 2269 5194 5836 1319 1662 2312 9487 6637 712 5154 7487 5779 2354 1458 2333 1283 2233 9650 5250 1105 3825 2350 5205 7855 7505 9575 3988 405 2076 9263 6389 9531 4938 5591 9322 4020 1093 2766 828 8666 4770 2176 6776 4170 4701 4614 4006 7389 968 303 847 7220 6326 9601 9870 8803 6314 1197 206 4472 5315 1268 9656 4822 5166 2820 6202 4721 8421 3507 4302 246 8852 698 2196 7698 7977 4621 5221 
6149 9209 4709 599 909 3259 459 2109 5535 460 1134 3709 8059 5385 4292 4667 4567 7194 7794 6119 7269 9819 2111 486 7144 9261 6787 2112 8237 8404 7954 8254 383 9133 8054 33 1408 5733 9075 8025 300 2600 7780 9130 9383 5350 7500 2800 3813 5478 2880 6381 490 3572 2618 638 6790 8939 6241 8270 7191 8555 1741 1056 3868 7128 965 9703 222 4620 1731 9422 7722 4728 7891 464 6191 4531 8795 3272 3540 8076 2243 6970 7764 1872 9127 1257 5346 4677 8073 827 796 5423 2573 8832 4452 8107 3102 3952 
7399 8424 4409 2974 8634 9509 9109 8584 4634 199 6435 4935 7710 9835 2342 560 6817 3336 2594 3619 8617 2469 9311 9444 9744 6244 5944 586 1511 6311 2236 5962 8287 3794 412 2179 4037 5129 2379 7662 8529 8604 9554 533 6983 4033 4638 9525 538 7800 683 3575 4050 6863 3163 9430 6963 8830 8130 4188 5800 3005 2376 9940 9145 6240 6841 9876 4793 1526 4745 297 2751 8426 7806 1976 6928 9814 2768 3466 6740 3222 4091 5714 2743 9697 2922 4453 4803 843 5081 3145 7878 1376 631 7065 9618 826 9565 2914 2081 5147 7556 172 2226 8970 9028 1145 3970 9040 8848 9671 6107 1777 7096 1896 4427 1723 2523 2671 8346 627 9148 8527 7257 3073 3348 6973 6496 932 
349 4884 5349 309 3399 7609 1059 3424 5184 1760 8474 5510 2160 4167 2260 8084 7335 5486 8867 3819 4419 1619 9267 2519 8944 5061 8761 3161 6137 8511 9312 194 5394 3437 9036 9862 2454 2604 1079 7854 5454 3354 9183 1083 6933 7508 3913 9288 1650 8705 4475 800 8505 3680 6463 9463 1113 7588 5088 200 9297 9847 4993 6001 8365 995 4689 6547 6168 3401 195 2568 6193 7518 3306 495 9518 6778 1903 4064 6731 4414 4826 5615 3593 7593 9816 4478 4243 2993 3995 9428 4968 5764 3864 6353 5540 6806 9089 8320 1247 6845 4818 5326 7270 5078 4890 447 3964 8168 4914 6773 1052 6046 6321 2932 846 5621 377 8746 4582 1707 4077 3648 3973 2702 3771 2123 5452 5798 
6024 5259 8024 7474 2124 174 760 2767 5584 7574 8484 3659 4260 1360 8917 184 2992 5885 9817 3492 542 4794 9319 2242 3994 7694 6086 4986 944 8467 4844 7594 2812 4987 4237 8262 6712 1729 9504 5354 6433 3058 333 9933 6083 1008 7833 2925 7013 2155 4925 8725 3038 8525 6405 963 4530 1805 1850 3363 866 2280 281 3031 7530 2415 7240 9476 5922 3201 1781 4289 2416 5997 526 3315 4415 366 8101 5218 3393 6514 4176 4631 1241 2078 3522 1231 4514 7039 5556 3406 1793 1040 1290 1189 2464 743 5116 2897 9591 6489 7843 8301 8516 1239 4816 7295 8221 4682 3257 6227 1902 8677 873 7221 648 4957 2657 1507 1346 73 9577 7527 557 3727 3546 9382 57 
5299 9949 8374 8299 8949 7949 3999 2159 5109 8534 9610 1110 9860 985 860 7192 8592 4335 5261 961 8561 1817 7386 6619 3686 3444 9111 2892 6911 3969 4587 5612 1986 7494 8762 6429 4337 5904 2479 4279 7829 6904 9108 7958 2808 288 7100 6380 4113 4375 8875 4155 5513 9855 7075 1438 9763 1800 8413 6875 9255 6280 8688 6393 9126 6031 9922 8163 7214 3028 1070 4747 997 2765 8526 331 7193 326 9678 5790 4165 8097 8545 645 9631 4140 7053 5420 7915 7114 2222 1693 5318 3378 8131 6365 9620 8114 2653 4895 8540 7156 676 656 2822 8439 4922 4632 8546 6173 24 7921 4246 1907 2048 6127 7682 5302 232 8673 5677 9748 1923 4273 9752 2502 727 2057 
2874 1924 1399 5424 4399 8734 9799 2384 2935 2009 8735 4060 3760 1385 8809 8967 5010 5692 4761 886 3219 311 1344 2319 7611 9361 6661 1019 8319 4387 719 7537 6886 6487 6279 5529 4012 5604 3304 8229 7183 9404 4208 855 6558 6855 3358 5550 9300 4805 5480 5005 1375 2475 4455 6230 9555 8438 4950 1655 213 7901 5265 7745 1451 2965 3456 372 2866 7018 8381 8751 5981 6701 7597 4341 8770 340 1890 5880 1695 7397 4697 5993 8947 6068 1626 726 1193 9918 2331 7376 5026 2715 691 4953 7343 2115 8722 2443 8847 4501 418 8414 2343 4197 3289 5172 9665 127 221 2357 5277 3471 7271 523 9407 1071 3298 9557 7446 677 2232 2323 7352 2571 2623 6221 6557 
4474 5924 5949 2074 5459 9424 6199 2449 3124 5559 4360 2535 635 60 3435 4917 7392 2235 3317 5269 5761 9544 4111 2094 1361 8936 217 5461 8144 4937 869 8986 569 3687 7669 1812 1562 8729 29 9054 9158 3983 3833 8008 6408 8183 2400 4100 5813 9500 7563 6938 2213 6630 7305 3105 1788 6363 6330 5505 9550 9313 6470 3131 8031 3668 1739 3876 989 7515 1740 6151 120 5991 2753 3426 4291 8643 4666 1418 3814 3778 4264 7495 5693 6881 2543 9416 7481 1372 5040 8091 3214 8122 1147 1041 5014 3018 1478 7068 2440 9570 4114 520 3268 2840 443 7539 7845 198 6682 5623 6027 9348 4296 5246 857 1798 8796 5323 8227 5948 3321 7402 2902 1677 6007 8757 6207 1471 
4799 9159 9624 1759 874 3184 6409 1699 6984 3434 8560 2310 5442 7910 6985 8510 2317 5444 769 3742 2719 5519 7342 3142 1842 2412 7936 986 3861 3661 4836 2244 7336 6837 4962 787 9879 9829 3637 9654 3129 8583 8558 9508 3758 5033 3030 4988 9830 2255 8530 7550 4255 525 1500 7030 5180 4688 2131 9900 825 438 853 4772 4720 276 5581 981 4168 9347 4278 9514 1476 4740 2072 8851 9243 4691 2341 3815 3776 8353 8928 1126 1993 2468 7897 2841 7072 3491 556 7918 8781 6876 1220 4668 7291 3963 6340 5945 1016 5440 2447 5741 6281 5839 3747 7531 3652 2857 5848 7807 9273 4532 7321 1107 5896 2452 9352 8132 5157 5682 6971 4502 3523 3382 2448 8082 
49 899 6624 5749 1734 7424 2809 6099 9484 3149 4785 234 4960 4717 9542 3735 5094 842 7067 1467 8786 6686 2486 4586 2536 8386 2311 7511 8269 711 2712 1337 2512 3037 4312 3137 6604 7204 1979 3208 2858 758 4983 6733 3033 9733 7900 275 3875 7513 7930 6638 7130 3063 3300 9063 7138 180 6775 7663 7726 2406 2251 4764 5201 6243 4065 6870 2939 5276 4231 6678 6197 3053 5126 8691 7028 8341 5206 3322 9440 8603 2391 1406 9926 5690 6572 9572 8226 6515 1647 215 5356 3922 5906 5151 8806 1893 7906 3989 9103 6640 228 5520 1676 8965 815 9766 7640 7664 4673 9646 5771 7748 3152 4098 82 8423 7582 8327 5548 1082 7023 6652 773 3521 8232 3932 3827 
2574 1524 8199 3059 4885 3609 8999 9399 6334 1785 3459 3310 9217 7117 5767 9692 9169 294 7911 5986 919 4017 2117 6394 6942 6036 5036 9061 5569 7361 312 7787 2662 8937 2612 6087 5279 2137 7679 9229 6979 8783 7908 3233 808 8858 8508 2138 2555 1163 1980 3088 2525 6750 9155 9425 1950 6563 5913 4250 8580 3355 3251 865 6591 1065 5643 5226 2039 1918 3891 1064 1631 7589 1456 1151 7797 5514 6918 90 2481 978 1203 7951 4226 7516 9515 2366 4653 3139 2493 7040 1790 9556 7356 3381 6114 7990 9739 6568 972 6745 2878 1370 6789 5968 4956 1297 4464 9765 7440 8556 6223 2132 3832 9952 9227 7073 1171 1448 6152 8857 3002 7057 2727 2327 9623 1873 5857 6746 8721 1423 
9899 2424 3774 5699 3209 2584 434 6374 724 4034 809 6810 2884 9085 4509 4792 3842 5967 4860 7842 867 1292 2344 9511 7036 1417 1869 6094 9337 9419 3912 3837 9112 8661 1087 6312 2654 9704 9579 4129 9083 6879 3883 8258 5358 1200 6125 6375 2205 4313 5280 5 3630 7755 55 313 1225 5538 425 7838 8963 5270 906 5645 6426 2601 4856 8990 466 8650 4328 8814 1745 8390 6726 8768 6539 28 5789 3395 1701 2865 2466 6103 2022 6895 9345 8597 2731 9576 3389 2831 395 9115 8078 1331 8443 7851 265 1856 9866 5965 8206 270 547 5072 4214 7082 9196 9598 452 3657 4207 682 4473 1173 8827 9346 5507 6677 1146 9573 3898 5523 632 2521 8048 
1249 9324 3274 999 4324 6434 8785 4460 1299 3359 8960 3035 3109 5884 3485 7960 9617 5617 6460 4719 3367 1486 8667 4811 2169 6236 4712 836 5762 6012 6054 6112 9911 4454 1204 2037 2887 3829 2437 4758 4329 4608 3583 7533 4283 6633 6783 3563 3780 8000 9225 100 8255 3413 5930 7600 5488 7938 4880 8305 9295 2551 6593 1081 2045 6445 3591 6220 1441 5055 1997 4026 5222 953 5039 2265 7872 9740 5870 2168 2306 5216 4322 8790 95 6993 6518 615 9864 8451 5995 722 9820 9116 3195 1920 6266 6626 8703 7564 2 341 6095 247 6481 4841 3240 3364 7656 7148 2257 4348 5846 2252 4152 296 7482 7502 7571 7902 9427 7027 271 6296 8598 2998 1802 3107 7757 
1749 1949 7199 9884 7974 7299 3335 5684 7160 960 9435 1910 2192 4635 6185 5667 1392 1769 3167 5060 8492 1267 8019 9086 4687 4661 4669 23 5119 2294 9437 1362 5187 3162 5112 4379 3904 8812 9962 4908 1358 7158 3658 3308 8758 7758 4763 9688 4675 7658 5700 3863 950 8325 3713 3100 9675 2730 4105 1855 1505 9543 8856 780 5401 6422 4778 7931 5176 9014 3156 6022 5990 4247 9095 2595 6543 9714 878 3376 3806 4251 2390 1395 3581 8106 8331 8241 964 8170 7615 518 9966 8991 1228 2101 4939 2368 9339 7066 814 9628 4515 3947 1697 6995 9268 7443 595 4752 102 9927 4882 1427 3127 3896 1477 1598 5973 6552 7832 9973 7273 8307 9048 8702 9121 7373 9177 
5449 7124 749 649 9534 6224 9234 8449 9460 3484 5484 7685 5610 7234 7742 5560 6485 5217 9442 4835 6792 7642 7867 5042 9636 6769 6717 5636 3436 617 7667 8119 762 9462 2087 4019 7561 1937 7037 5937 4579 1962 354 9354 9179 4079 5929 5258 133 6758 8158 2833 833 6113 4800 7483 980 5588 6730 188 4480 7705 9700 9033 5463 8225 6825 5355 3238 713 8370 2403 1440 9141 1768 966 9101 45 6140 6803 9695 5266 9415 4315 3791 8501 1576 8631 3226 301 7241 9351 4622 2793 3614 5015 1878 7353 2643 1214 6697 820 9553 895 3870 9 8151 6670 6645 5847 6328 4606 6072 256 5666 9418 2116 2797 822 2231 7403 416 7453 4203 2197 9653 714 4323 4398 2602 14 7821 1123 9173 6748 2746 2948 8507 5702 9471 9057 6302 1523 6052 2146 202 802 8282 8573 7882 252 2607 6396 9377 
7224 324 8884 7759 334 8499 5534 7259 5934 6609 9359 8099 7435 1535 6067 6292 1810 5642 8742 7042 2067 6294 5792 7017 8794 5161 1544 9519 8286 8611 2619 3744 1011 4412 8787 8887 7387 2537 8029 2387 1179 8137 3554 7179 8104 2104 6133 7454 8129 7579 6208 7633 8483 4863 2930 8030 6438 6830 2650 7150 7055 9630 8630 7950 8063 2063 4205 4813 3013 5455 588 1097 7776 8776 2401 1095 1468 8016 1489 7822 6506 5214 5289 845 4789 4431 8951 5865 3906 4641 5414 6564 8478 4889 2006 3495 3847 4272 8731 6091 7143 8116 9370 7381 1947 6145 8141 840 1266 4347 7428 7565 720 4206 2439 8547 9551 8239 2431 3295 6616 7989 7618 5331 4891 2281 4393 7346 9026 4552 1221 9371 7823 1996 9677 3996 8252 9207 1282 5473 6932 1446 7382 4873 5146 2921 8523 1307 4573 3707 7332 2532 3977 3673 
2199 7749 1449 659 8549 5849 9849 4759 2084 2684 8509 9834 9034 4210 435 4742 5960 3784 6517 1560 6635 5086 3767 6269 4936 7886 4394 3269 1936 6836 9369 4462 4261 3769 7844 3511 5912 4011 7762 5812 5787 4562 254 104 8062 1904 1758 1829 8908 1658 108 7208 3733 9305 6425 1033 1380 6150 5100 880 625 3375 2788 1480 2145 1888 2238 5000 3653 6576 3041 2140 6856 143 2418 4695 841 522 2770 6101 9216 5531 6203 941 4806 8522 9640 4265 8240 2678 7568 8072 1389 1578 1031 5003 241 4343 2347 5676 6720 8093 3714 4306 1143 316 1551 7751 6615 9045 4120 7439 8591 6303 5840 7768 7043 5947 7995 6743 6097 8051 2918 5668 2893 7772 7093 7621 1814 8946 9796 7307 5777 3632 6248 7498 507 7246 9757 7371 7173 548 4221 5832 9023 3573 696 982 3873 7396 402 2596 9396 9373 
1199 399 6259 1224 2799 5709 5509 1909 7009 7599 5409 7110 9184 9635 1435 1585 8160 4535 9035 4436 86 2586 5919 6567 2986 5611 9917 44 3486 8861 2611 69 6319 8092 8686 8737 3019 9394 79 1112 8094 4779 8687 3087 6479 8179 6629 5729 4808 2983 6050 8038 9825 3783 5275 1355 5938 2305 1413 738 9238 8350 7380 9755 1880 2080 6705 2913 2625 5955 6866 2780 6872 5293 3066 145 7720 7415 5028 2318 1072 5281 9215 5851 1170 2316 5751 772 7889 9231 7545 6795 1343 1956 3539 2095 5316 4326 2645 1028 4547 7595 7651 7368 4481 1256 806 3690 8551 5468 2193 6706 8176 5597 2516 1889 6497 6265 1664 2806 6318 7120 718 2815 9381 1322 6448 9298 9146 1332 6582 6982 1782 5752 3346 707 5823 6527 6857 6073 5332 3446 5127 8602 757 3723 3482 527 6546 7196 2648 9582 3498 
5274 9349 7899 9099 1374 6124 4624 1609 7735 7909 3910 9709 3684 410 1559 5360 2285 6592 5035 4117 3010 1117 2194 2392 4611 8419 4386 2511 2969 5711 9286 8817 2019 9194 8544 7187 8669 5894 4812 8819 2837 1312 5479 8162 2704 6079 1254 3808 5758 4583 5379 7683 2433 6233 375 1925 1088 4563 6538 1150 8513 7263 8088 2988 3605 9105 6975 7480 3500 9355 1680 1176 9166 4451 2972 5491 7222 3056 9456 889 9293 2589 81 8626 1639 3166 6526 2301 5953 766 3265 2020 7578 6797 4589 501 4139 7622 214 8326 4115 5691 5118 9066 1690 2856 7370 4081 1465 4941 5518 2997 3390 5931 4220 6818 7340 1565 581 8456 2178 4516 4893 7468 5245 8064 3445 9764 8027 2498 4457 5421 9896 6907 1871 1627 8407 8496 2832 3532 2396 2732 282 6371 457 848 2696 9621 7746 2882 1757 7652 8007 7132 4996 
2949 4824 4159 5499 5199 8959 8834 2059 660 2134 4009 7535 9235 609 785 2385 6884 4894 6417 6710 6242 2869 4169 3811 8969 8167 9792 5311 7492 5719 6511 1961 6262 5287 7011 6387 337 162 3587 1912 2854 9529 3937 9629 6362 4458 3154 2933 3558 3929 2533 6858 9858 1583 8683 2150 3425 9505 875 5305 4338 5050 6013 3430 2363 6055 3255 150 2430 4872 2968 2564 3126 6420 9939 3070 8003 6047 3476 5322 570 1053 1751 1356 7206 353 9868 4241 8089 2666 7195 7965 2451 5439 3489 5372 8531 8839 5515 451 7115 3515 3803 8343 6964 4443 4970 7993 1928 1226 2631 5095 3820 9266 1556 3422 1866 6291 1668 9256 6368 2990 2915 597 9391 2503 2290 2402 7095 7202 6232 5298 407 5107 5082 7302 5073 7421 9398 2373 9902 7852 2652 2046 2807 3182 7998 1073 6698 8932 4507 2446 5596 5098 
9549 4299 2459 5174 2859 3949 2834 5249 8259 4959 2860 5210 4234 7934 6310 2717 6160 6960 2910 6442 1985 5192 894 8060 9644 8894 3867 144 6467 8769 87 2442 262 4569 3761 1286 2987 5637 7661 8086 5254 3862 8629 3012 5083 5504 4554 1554 9883 7708 2908 9583 3600 5563 9125 6388 2975 3613 2113 3450 1063 8713 9925 9213 1188 4550 3113 5025 7555 6805 1201 901 6431 2953 1326 7655 4722 7228 295 3551 3528 1990 3218 9091 3153 670 9495 1215 2864 2051 8766 314 6122 1347 1543 4141 251 5243 3176 7051 9614 697 9622 1190 3116 7197 8293 5389 9441 6503 7416 8881 3443 7690 465 3081 5240 6666 4378 1222 9253 4193 8566 715 2881 406 793 4391 9277 3120 4607 6157 1771 1102 6696 9702 2871 9332 1957 1327 373 2348 2982 173 2646 8021 7473 8623 6252 6723 4802 1148 571 3196 3948 
6299 8974 6424 5049 7734 7684 9160 9809 6534 1334 6285 385 8334 6660 2635 7260 6017 9892 1792 6935 9142 1186 6842 6136 3186 6161 6411 1336 3844 3469 6486 6994 5419 9869 387 2886 6361 2337 3312 1754 6987 3737 3362 7379 4479 3608 5054 2004 4783 5108 8633 9483 5683 4183 2405 75 7638 5530 3905 3313 7525 3655 4013 7275 8080 513 4000 1013 9850 2126 2422 1263 9076 4768 6414 4797 9655 9806 4201 1926 9970 7781 2976 2264 7393 7514 2868 920 7366 4731 5572 6065 8578 5720 1897 1006 839 3903 4268 8728 9595 6715 4828 5347 8420 9872 7106 6820 9043 5197 1691 9047 245 681 5793 6772 7276 6703 8416 9670 1506 7672 7666 4043 6297 3926 5391 8915 6523 9393 6998 6452 748 8907 2052 902 273 1857 2007 3248 7507 9002 8477 6382 7773 1271 7123 7107 2627 346 3702 5821 573 8273 2177 
4899 5724 6059 1274 2749 8524 7809 4934 1185 6759 109 5285 5660 6709 2835 667 1284 4010 7085 42 2617 3042 2861 4469 669 1317 3461 5211 4244 7961 5987 4319 1586 962 4517 9411 6944 9561 8337 5312 4212 7904 1412 6104 8004 1104 3379 1208 1879 8429 8383 7404 9280 5075 9150 5863 9730 2005 2450 9405 563 4575 1330 2463 5388 6051 6475 6888 2655 9605 5805 3666 3672 4564 2147 9097 1116 4643 9020 5489 5601 9516 4714 26 2056 6922 9506 1043 6641 3620 5431 8826 8620 8201 2745 3247 2220 1951 8653 8128 9920 3543 5941 9022 7856 7916 2740 5803 6020 3828 9447 3706 4039 2716 3345 4881 8495 531 8568 3353 3372 4126 5889 7418 5672 7828 8565 1818 6377 2195 2421 482 3373 6846 9182 3582 2927 1846 6102 1527 1657 2477 7521 473 5871 3757 871 3646 6171 6702 6952 421 2548 8427 8357 
8399 6674 8774 7159 3809 5659 1934 3474 2509 6585 5135 6909 3934 9167 2685 8135 3567 2010 4767 286 4617 7660 4911 5567 9017 5294 5511 9694 1369 1762 4536 3386 7737 9586 7369 4162 7294 1561 9512 9737 9012 62 379 7779 9304 7629 7254 979 9808 1933 4658 6108 5008 4833 913 3408 2575 1325 3788 1913 6613 9450 9350 5730 2663 955 9888 1425 7355 88 5338 9281 9128 6126 1791 8047 1051 7101 47 8268 1915 7239 4245 5551 1393 6897 1422 1295 4741 3415 2540 6943 91 4664 5278 3851 6781 1953 4266 4145 1514 5140 6290 5353 6172 9856 8664 8143 6718 4497 3745 1472 8716 8291 8606 318 6490 1039 8181 8872 1315 7668 7406 6491 9195 3831 3991 5453 9082 2895 6852 6146 998 5273 1727 5698 4602 8446 6623 4173 9502 4723 502 6048 9423 7223 4171 1252 5748 5223 4798 8052 7677 7327 1557 
2474 7799 8784 84 2209 3449 5209 7099 9059 4059 6 1735 8635 7610 5785 3342 7310 1217 3292 210 1410 5817 2419 7367 8342 3294 8736 7467 5619 7519 5869 1119 5344 861 936 1436 211 3187 2912 8436 3644 3804 5754 8554 8204 5829 9279 6779 1579 6304 4633 958 7083 4158 7725 5933 3130 6600 7230 3175 3675 9513 450 3900 6605 3730 9905 5830 4513 6325 3651 4566 8368 6451 8931 9931 9172 5765 1541 1168 5447 6106 4016 2214 5864 4595 606 939 7718 9118 8818 8791 8415 2741 1970 647 1678 3078 2651 1022 6689 4928 2545 9489 1895 9722 3343 2018 1945 5831 3193 8115 253 7689 8920 1515 1820 8306 1681 8231 7091 2843 7464 1503 7293 7681 9666 9527 7097 7007 5921 1746 8923 6707 2096 8548 877 3871 1377 5427 6873 8077 9552 177 9723 9852 1246 8332 2827 298 8182 577 8277 5052 
7174 4374 2649 2760 2274 384 4284 6249 9859 6135 8309 7385 5834 359 484 4585 5110 4560 3067 2217 94 5167 1517 1892 2944 8211 1669 2994 9619 4069 7944 9212 8536 6287 3717 9637 1294 8244 9712 4679 3786 3762 862 6379 2529 9929 3029 2229 9533 3104 8208 458 9233 4533 5255 4738 8005 8155 5855 2688 7425 3155 5430 2705 1705 6655 1005 8150 3705 8313 3601 7413 4038 3976 2947 5766 1720 1428 370 2203 7820 5914 9470 5951 893 3920 8864 4593 7478 7939 2364 6890 9368 1345 4540 1968 4931 7972 4166 2531 1289 639 6968 1045 3772 4447 8740 3016 3514 545 5828 5940 8714 3941 2801 7031 7331 3915 4095 6295 9191 5231 5895 1689 6293 3416 8295 539 441 1827 4998 2771 2952 8882 423 1752 2202 3202 5946 1452 882 4646 9957 8457 5402 598 7723 1373 5827 5296 9496 898 7752 7427 2598 
4699 5984 6824 7449 6284 6134 3549 6009 3749 8249 7834 1159 7034 9434 6260 2374 2734 6484 8385 5760 2210 6209 5092 3384 5335 8835 2434 7010 8360 1885 5310 2485 18 5717 3267 7111 8017 7692 4686 1092 8644 1494 2762 1169 9536 1661 8361 7186 7444 7044 5644 1719 644 5136 9119 1111 7086 2069 4969 2844 6736 4336 1487 5386 1836 519 5512 6687 1737 3329 3094 9687 6662 637 6512 5737 1587 1887 7879 8379 7304 4883 9604 404 479 4229 1058 283 1704 5583 2258 8454 6533 900 5333 6588 9908 605 1350 3205 2388 6275 8100 7580 9038 9938 4488 2188 3463 4975 7063 7363 4963 6880 4655 1138 2700 5613 1825 8250 6088 6625 6713 4125 7605 9539 7330 293 263 3040 6378 6215 2206 393 4991 1453 3253 4801 1645 515 8020 2356 9365 7570 8156 918 216 2928 4190 4047 6276 190 3895 7581 8797 4353 1497 1470 1339 4116 3901 8222 9176 6522 6501 7268 8668 7997 5753 1397 2906 2370 3464 3278 5128 2241 7981 3231 7401 191 801 9968 5545 5820 264 4915 5145 8793 5366 5845 9815 5797 8618 6272 2839 6990 5001 5381 5165 1593 8622 1566 3106 540 8103 8964 7490 239 181 3914 5097 4545 4916 8470 9770 5664 1516 589 21 818 8290 168 2097 3640 5103 7256 5939 3114 7641 2191 4181 2082 3743 3398 3951 3956 3698 7198 4977 2898 2552 207 3052 6398 1832 9721 6927 1998 5196 6273 9521 8146 2996 8298 7946 5202 6177 1296 6471 8046 4048 3371 3598 9402 8202 5496 5532 5398 4252 3496 3402 4477 2098 6996 7248 2896 8127 3157 1848 5102 2457 4596 4857 8246 8621 8823 2923 3721 702 8902 3273 
2774 6599 4684 7049 3849 4499 9774 1874 6974 7674 5284 549 1109 5260 1099 2185 949 4874 7760 9409 7359 260 4892 3285 9510 7035 767 2034 5735 8892 6267 2592 5059 6335 4367 9410 5235 235 9517 1135 6667 3919 4161 4642 6492 5117 2292 5144 2669 4494 7719 7242 3092 736 4437 9844 2042 5487 9486 242 1686 4236 1444 8637 2136 8912 3111 1162 6162 2369 8444 4904 5037 9386 2404 3229 4354 1654 754 9329 8954 5387 2579 3654 5854 929 4254 4408 8087 9037 429 7354 2083 3283 1129 7008 8708 158 3455 483 2550 63 9005 650 1080 1713 6650 9880 4230 4138 750 5313 7455 6025 9750 1300 5138 4913 2905 2163 8405 9913 8913 1305 8230 3725 1530 1275 5450 813 9164 491 9114 4726 4776 5403 6447 6663 9006 53 4331 2164 5976 8853 3801 4743 5220 7956 1195 5703 1240 126 1466 9340 6953 1651 170 7626 2593 4351 8966 13 6691 3493 8314 4656 4356 368 6076 8665 6828 8465 4406 2901 2328 3320 1140 2345 5370 9181 2790 7297 8718 5665 5681 7064 4539 89 8868 9072 165 7390 8347 1965 7391 6981 1156 4191 3853 516 1672 6647 2791 8431 1815 6264 415 4031 690 3281 3241 731 78 6316 928 4253 9768 5472 7670 2720 440 2514 2891 703 7914 7695 7266 4106 2518 422 3981 9197 9795 9041 3943 8918 5723 5376 5627 3027 5232 9271 2271 5023 4271 3148 2971 4932 5852 1732 9302 6782 9498 4277 3452 4498 9857 9073 2107 5573 7348 4227 2496 8657 6848 4332 4023 5602 5457 6346 1027 2021 7457 6821 9157 2907 1877 9257 3198 6357 5077 8973 348 2221 1032 1232 9232 607 7671 7873 7796 3132 4132 8696 
5999 6274 2849 6549 3574 7649 1784 5124 4974 4599 2024 8909 6749 9210 1974 784 6060 3759 2959 9759 7459 9259 1635 3734 8210 6459 1060 8984 8792 892 5935 317 8392 9910 8235 7736 4444 6586 3517 2817 692 7636 3542 8919 9461 7436 9736 1944 6811 4887 1911 8394 9594 4142 594 5369 9786 2144 4086 2587 8111 3887 611 8212 8236 4112 8837 6037 9237 3604 4429 7569 9062 4704 6754 954 329 8354 3537 3479 6829 4 6229 1229 2408 7733 8504 9254 9458 308 7129 3458 9633 9708 5158 5475 9783 1605 4258 3050 9000 4538 725 4363 1775 7875 8055 325 9600 575 4063 2563 8955 4238 6513 8375 3555 2675 7180 5325 4080 7825 3380 413 7880 8463 4422 128 5045 2143 7818 3955 1122 376 9528 6164 3326 7778 6416 4118 3878 3781 1518 7320 3520 8772 915 8926 8264 68 2726 5689 5718 8139 4845 3703 5816 8628 9597 8520 8595 7953 7643 6289 8876 7056 8778 6251 7895 2620 3093 1301 2114 4143 5943 97 5422 3647 8656 3181 8895 7041 6139 5466 8745 7116 4918 2581 5706 5539 7491 8428 4526 8172 3095 7103 4041 3718 6331 3770 5190 5181 1564 8303 8147 5670 8070 6756 8228 231 4122 9265 4843 2989 745 3428 3 5393 2628 4195 2441 8922 3239 7697 268 7328 3118 3940 1572 272 9389 2245 3839 2293 3607 3297 7182 2798 4846 5198 8002 6807 7357 8098 2973 9907 3748 6521 1823 3796 9507 4157 2852 3323 8498 8627 7207 5571 496 1577 4046 432 4807 3007 6121 3448 8877 5873 3998 5727 2002 5802 8773 8777 546 602 9682 7407 8521 8023 2157 5032 4102 3277 2877 6571 9027 32 5652 2277 596 7648 
6074 2759 8924 7549 5374 7209 2699 7324 3174 6924 3284 2334 6784 6659 1534 7249 8759 4109 5959 6159 1259 5460 534 8234 209 8659 8010 6634 7217 4467 1192 6560 7360 3192 5994 1242 7285 417 6910 6117 1061 9161 5544 394 5317 4786 1736 7894 7311 7769 1744 5017 7112 3237 3036 9042 4819 5011 2211 7567 6536 7461 2562 5244 3536 4612 8412 7712 7212 7437 9919 37 4754 8612 279 3204 5337 8537 3879 8904 9412 1037 6337 1529 2804 9387 2779 4683 4358 3504 8304 9433 883 9358 5908 2483 7258 1233 7813 4900 280 1513 5630 1363 783 6250 6200 7300 5380 4930 8780 888 1338 8755 838 5405 1580 7250 9250 7905 8938 5300 2425 5655 255 1238 3763 122 5253 3530 1563 1840 2945 4372 9306 2393 3203 1447 351 4876 2764 4716 3639 4603 5501 7964 5856 8006 5016 7231 4791 5131 3397 9493 1981 8220 240 3766 1591 5247 6247 9690 3122 6791 3418 6339 4318 7147 9865 9241 6115 2664 4239 4556 5368 5614 3497 622 2247 3751 4493 8245 8476 2428 389 1047 5853 2120 3290 8828 193 543 9341 7272 5841 1964 2903 618 178 9728 2541 7706 5620 7853 8066 2776 7866 620 3716 2626 4814 6739 3641 3728 8193 795 1501 5728 5543 6476 7653 8956 1941 3341 445 9378 8916 1264 7420 3978 7345 6057 706 4218 9376 907 3282 8798 9193 1948 2382 646 2298 2027 8371 3207 1773 9877 6957 5982 1721 1932 5721 6757 7232 7448 7171 9102 5923 3432 9732 8432 4248 4907 8977 8752 3021 4357 9946 6407 7771 3146 5071 2848 8571 5746 957 7996 5782 9773 8771 2977 6732 4827 7102 2782 9871 9052 4823 4902 9648 1302 1023 3121 
9224 4449 3899 2599 2824 8384 6999 9374 3099 4574 9049 9024 4809 4209 1809 7634 6034 2284 8042 6184 9909 6959 5992 7084 6835 1160 3892 1460 4985 4810 7985 2735 6860 7167 3634 1717 2561 7617 1642 510 1536 8192 6261 6042 3569 1592 3286 8037 3311 19 4294 1394 4269 9686 4311 844 1086 5262 4867 1519 4644 7811 7061 694 4194 112 7344 2487 6344 4287 7262 9154 7862 7729 6537 2554 837 7704 729 6154 3454 6679 5179 2329 3333 2758 6283 1608 2029 5533 2183 5708 2308 4058 5608 1483 5508 4558 4875 2313 1750 5713 2863 4680 9488 7025 4413 3230 5125 6255 8880 7700 2605 8663 7963 4580 2980 6400 7113 1930 3405 5725 5575 9845 5272 380 4825 220 2225 3215 2414 1726 9491 322 1365 3568 2931 5791 4739 8026 7493 6847 8401 6545 6201 3918 1916 701 6355 1391 5964 5631 5041 378 8214 5866 7520 8764 8843 8697 5989 6116 8514 514 3618 653 1764 4301 976 7715 9453 9801 7876 1366 4441 897 2015 3506 5122 7614 5445 9353 2778 626 6889 8789 5651 5739 8743 5106 5695 7616 8140 9316 3765 3789 1270 9251 2641 3291 7566 1853 1891 3872 1706 1931 6495 5339 9031 8126 3478 790 8065 9923 797 5697 6765 4390 5814 9264 5090 7118 8468 8906 728 8445 8178 5070 7645 7541 8972 1870 8322 8190 9664 2289 8903 9071 3953 5407 8607 7848 6621 4796 4007 3071 5582 3032 6021 8927 1977 1882 3782 1602 4396 4521 8223 1152 7952 9782 6196 3048 5502 2377 823 7982 9357 5282 7877 1227 8102 4671 2023 5007 8652 8123 6627 6082 4746 8807 8748 5927 4971 7657 1532 6123 427 6673 3957 4982 6482 1571 9971 3821 9107 
8049 4724 3199 7524 6349 3334 6499 5324 4099 5759 5859 8724 7349 1509 499 2634 4735 2899 1884 4659 2784 35 8910 1235 7859 92 4285 1510 2810 7792 8459 8610 7559 4694 7767 9292 7542 9242 9385 742 8142 9067 942 8711 8460 6342 6192 9894 717 3942 1794 8517 2636 2219 994 7261 411 6794 6219 4211 3044 9011 786 3519 1569 9661 4487 9967 7586 6812 561 5162 2361 2162 4062 8187 5062 3711 7462 1637 9044 7062 2287 6404 908 1479 7079 4729 5679 8479 9779 4529 3854 6158 8958 4108 2658 5133 5183 1175 5233 6808 983 7205 4425 6575 4980 8950 1450 4650 1455 6163 2480 1038 3708 2175 1388 6063 4263 6175 4630 5213 38 155 4505 8800 3438 2100 1589 7741 9030 788 9289 205 3276 2141 3470 3165 5715 6118 5256 1614 914 9965 9540 4093 6741 8989 51 6041 6147 7489 6551 1590 6520 4290 1076 9364 2201 1340 7341 3643 5428 5228 1528 9745 6978 2845 7865 4489 8690 5306 7131 8756 9226 7945 345 568 3015 1703 5606 5966 6716 9406 903 1801 4541 8489 8120 3301 5826 1495 8741 2093 8953 4076 7026 7264 7372 4466 3266 8418 1276 9756 2681 6764 5020 1666 9566 778 4215 3678 5970 8747 3993 7714 8890 3990 3228 5143 7165 5726 7289 7326 3726 3731 9053 2647 5878 20 9793 716 2847 6722 7290 7528 7693 414 3697 7631 6620 5464 4878 7639 7798 5390 4432 5096 3982 7673 3557 2152 8352 9771 4071 7696 6921 4732 2071 7927 7721 8171 4123 8382 6607 9898 5148 3971 9673 3098 8396 2707 2352 4952 2957 323 7377 8896 498 9698 5121 5952 798 8982 7127 3527 4757 7632 5177 4082 8152 5996 9846 1021 2873 4377 4973 6477 1473 4177 5152 1007 
9174 1774 8034 424 1074 3624 5434 7384 6474 224 9199 4149 9134 6309 2460 1849 4524 684 3799 9335 1485 3859 5910 4184 3835 6110 6084 1767 8860 509 3134 160 4660 9185 7460 9560 9785 142 2517 7817 3611 8767 7485 9867 7410 6144 3211 7092 9192 9469 5811 2736 8186 469 5669 9162 4219 161 9136 5861 6986 4961 9069 794 1212 4737 9537 5537 1787 7887 3936 8012 5212 236 7104 5587 3387 1262 1862 8579 1687 6254 1454 129 2254 5887 7529 7754 9729 4433 3712 6583 1158 7883 9333 1504 6383 2383 7383 2208 1108 4288 2683 6530 5425 5950 3800 6580 2263 5580 125 4463 230 7000 1055 3338 763 5825 6700 6305 9325 7730 141 3180 6780 9080 830 225 6813 3525 3072 9388 4766 641 1847 4751 7215 9731 689 9651 2456 6131 3897 1843 5818 4570 5495 6253 2926 3191 2070 8701 2180 5868 6064 8639 6278 6256 8256 7941 4645 1581 2689 1401 1118 6653 7445 8340 9093 7301 2365 7572 8945 6372 7890 2489 3014 881 5101 665 541 3691 695 8553 4256 8865 2665 6166 6364 4103 3916 6306 7547 2539 2890 9803 4490 8647 5876 5678 8464 8815 3681 2239 197 9606 4491 3101 381 5653 4903 3431 1303 7841 3545 6690 590 1353 2981 5416 8570 7647 1553 3076 4395 8472 739 3356 3368 5345 7678 8968 9270 7431 4852 2818 2506 1182 9397 5395 6323 9152 582 1323 2346 98 6402 1248 1098 7021 9848 4848 6721 3777 9482 7098 3046 8121 1157 6777 7932 5607 446 9548 327 4896 2482 6877 3177 1582 8732 7898 2423 1048 6257 146 6727 1982 8632 7548 4021 6352 4423 6752 3082 7398 6796 7827 4448 1852 7152 371 923 1057 8177 7077 
5099 4424 7824 4274 974 4024 9299 5574 1709 3699 4359 4249 409 6384 249 2984 4484 6949 2609 4349 6859 1710 8934 9310 7659 7409 1610 1409 1984 9060 2769 5185 2567 5585 2110 4135 1942 9742 1835 5467 4067 8685 2842 7744 6742 386 442 6019 4992 4192 7211 7219 7992 2686 5186 8992 5392 9711 1311 7986 1811 2011 6544 1644 3062 2187 8712 8962 7286 8169 3419 3961 1144 2687 4262 6562 5412 6894 9287 9587 437 7237 9454 3254 687 7587 1779 9479 5983 8929 9208 1854 1279 204 6258 3954 3258 8358 583 7329 5308 933 1383 6430 4350 4355 2500 9958 9013 1625 4600 8900 5738 4508 8863 8238 2638 6913 3213 500 2488 8488 455 1288 7375 1900 488 8043 8980 8388 2775 1000 2938 530 3039 7463 2603 3930 5076 7280 6931 891 6595 9001 9706 2156 4597 3170 3245 2315 2326 1770 1153 3147 3889 1139 5490 5565 6403 6589 1822 9464 6816 6920 7926 8889 6566 2789 5716 2876 2870 3695 4640 306 2714 7476 8765 9015 6601 2572 3091 1797 1481 3347 4966 2218 9443 6693 7451 747 6965 2668 390 1390 9645 428 3403 1414 8165 4389 8406 3022 7472 5191 2640 7540 2656 668 3845 7606 672 1001 5465 628 803 6301 4945 9603 664 7447 5114 6370 6343 4381 2920 1670 1522 5168 5843 7265 3366 9791 1131 8564 5139 4518 7532 1803 7414 266 1939 2621 9827 3753 8191 8189 1673 7727 396 2282 2557 48 1696 4052 1821 4002 4702 896 7907 107 9532 7557 4627 8248 9098 4421 8321 1298 1748 1632 3377 2721 4577 7477 1196 1498 4223 471 3077 2273 3502 3246 7623 8957 77 4696 6307 5646 8482 8596 1652 2777 2432 7607 777 4821 6898 8057 5757 9652 6432 
8799 4174 2349 7274 74 3599 4685 5985 4784 474 6509 8559 4199 374 9574 8885 4160 7984 3534 1309 5810 8074 3060 1935 7134 2234 4417 1959 8036 3217 9485 917 8535 3085 2360 6542 6617 5867 592 792 2885 8267 3110 2261 5592 7142 6967 1244 8369 3561 4842 4594 3594 5819 2811 1411 5694 5744 7069 2862 1861 1612 1894 9836 5236 4044 1537 7312 2754 2262 1387 1237 6962 1712 7937 9762 879 6937 4519 4604 6004 7604 8704 8662 529 3429 7429 8033 83 6929 8883 1333 229 3683 7608 6033 2733 7983 2633 4088 1683 2030 1430 4330 6080 9800 7925 5750 1600 2050 4280 2738 9363 9338 1405 30 6755 5238 9625 9153 8563 9680 5413 856 7830 9580 4130 8280 9290 8040 11 9545 2956 553 8901 9741 6590 6878 5568 291 2165 1415 2951 4618 9478 401 7014 6120 3795 5320 7966 4270 1351 5701 6270 3340 4839 2526 4616 2693 9481 5888 8503 3140 6815 6751 5481 1914 5303 7553 6553 9003 8539 4790 3001 1778 2216 1120 3141 1628 5006 7920 3631 2756 7140 6966 4147 5972 5570 9915 2728 2706 8897 5047 1539 9964 5418 9414 4470 7756 1281 8153 791 3676 2118 9639 6606 8345 8328 9778 8145 3365 7139 3720 7753 3490 5189 2472 6770 5328 1864 7847 7770 7126 7339 4840 1806 8315 2190 6753 7620 3965 3997 8281 6768 5093 8289 2127 3843 9668 5153 5252 852 1898 2507 9007 8782 8373 6298 4057 6573 977 4707 9202 9248 6823 2173 8532 8473 4073 3623 521 1432 8257 4352 8377 552 3923 5977 17 9632 621 4832 5998 1482 652 3332 2073 2102 996 5173 3227 5671 2582 7 9021 9948 2227 3677 5957 2246 3927 8707 1421 1321 4371 9032 
8899 1724 2549 8574 5649 1649 3234 259 6174 6834 3884 8874 8699 1149 5784 3024 6649 1859 4692 5034 9084 7510 859 4534 9735 7284 9135 6785 7484 2135 5267 2785 1310 9942 4035 7517 8567 6392 5342 4317 1917 1442 2186 6317 7585 761 4361 8336 7161 7169 3392 567 4094 5219 7686 5469 9294 6561 7969 1919 1094 7912 811 3812 7836 686 2462 2937 7637 1036 8387 9612 2637 5079 8487 9204 4537 5462 1054 8312 1512 4154 3112 2304 2729 7337 2679 5404 1004 6554 7279 779 4708 2958 3908 6183 2608 5658 6483 5975 3533 3475 2750 250 6238 8400 4400 9875 8788 7105 5113 355 8813 1738 2900 8213 2580 2763 8275 7675 2830 663 8105 4989 2338 6214 5555 8338 7613 2565 5155 7303 1431 5290 4053 6016 4101 2576 6793 76 651 481 6006 1078 8681 1640 8090 2322 3597 7789 9331 3216 153 9240 9222 8389 4831 5768 2476 5743 6165 943 6681 7456 8316 8678 2690 8870 7080 8976 8993 6618 4240 1293 2240 3615 990 2228 7903 1643 6556 8645 3020 566 4576 6341 6081 4591 5603 347 2339 3516 6089 7766 9426 6628 2795 5903 1178 164 5740 8997 9068 2426 9578 5178 5456 8541 9626 3339 7603 7691 8056 3818 4178 8572 4815 9070 5415 4397 5470 1278 8195 9772 3689 741 1318 7441 4189 3966 7543 5341 3722 196 2278 3439 8447 6548 7978 5378 8582 3552 5048 3577 2032 4121 6271 9446 973 8873 9921 5396 9246 6827 9096 7598 8198 248 3946 1952 946 9727 4107 1646 7577 7973 7971 9823 5657 9802 3271 927 1223 4471 7552 3232 3477 6871 132 3752 732 7596 6798 2821 4523 2407 6498 1121 2248 123 2427 8302 3023 3421 4871 6948 
3074 5824 5084 8849 2499 2934 4459 1674 5809 7109 8124 3509 8409 4259 7499 59 1384 984 8359 5899 9885 9535 4559 335 3242 3959 3510 9810 1860 4859 6359 8260 7892 8417 2411 3685 2542 1542 2692 8942 3894 2035 67 4967 167 8886 4411 1211 111 9567 2711 3194 8242 2794 6519 287 4342 8869 3669 6786 1187 4544 8261 1062 61 6869 3369 8562 6437 6612 3944 3287 9937 2436 5429 2787 2212 7987 6579 2012 1604 5237 6804 6058 304 6204 3179 4054 2629 8854 7504 9679 179 604 4933 7033 3079 358 9758 5808 1533 1433 4083 4958 3325 6030 6505 6950 8575 2850 9200 8263 2325 7788 4163 3688 6105 305 4780 363 2380 9963 8613 8905 1875 3855 5030 4180 6455 4838 1230 4755 5476 8888 550 3330 9541 4014 8455 4718 2505 1603 6015 9691 115 9693 4090 5541 4078 7791 4222 1464 4070 1253 6040 5593 4926 1101 2066 9291 1068 1776 3314 3866 4940 8706 7318 9914 9881 2970 7365 6916 5115 106 9051 2697 7253 8753 7968 8490 940 4364 1772 5622 3881 4018 339 3447 3103 8518 8672 8297 4670 6231 1443 947 3318 6672 2372 8878 9064 6178 1520 8491 156 151 8866 8164 22 528 5018 6651 9589 6639 6622 506 2995 3541 6972 2722 189 420 243 9190 8995 740 9797 3841 2090 9615 7153 4216 4847 3115 2515 9753 4820 4520 6268 8068 6366 5066 8318 5156 7090 3701 8440 6148 7278 4482 5521 5207 4402 4777 7707 673 4146 1077 321 952 5371 357 5673 9123 7323 4496 2752 9132 5046 1407 448 1698 6423 8871 971 7957 6532 7052 5498 1648 8898 8207 7546 8173 6077 8577 6632 1371 3848 6277 3798 6657 2077 7782 227 9432 3396 8552 8646 4546 3427 1552 2321 5546 4782 
1799 99 5524 4949 5799 9074 6584 34 3909 1234 2559 2534 7149 3834 5634 3034 8184 310 3309 5734 6684 5074 3810 5710 6510 8684 135 5160 8185 7835 2467 9467 8310 2942 535 3592 967 1742 1367 8660 4217 5286 342 3061 5842 1035 3986 4542 3967 2086 1692 7536 8294 7394 2544 419 5087 6367 192 6587 2386 7819 6892 2061 8311 3736 9769 5686 6461 6861 662 2737 8362 7162 8069 5137 8862 6237 5362 6369 5662 812 4929 6912 654 2079 9562 4104 7412 7108 154 8329 5433 5029 1679 4383 5633 1733 9308 5208 8283 5833 2708 4450 858 4750 3200 8775 8638 8380 9138 1613 3880 3488 8550 2038 1538 8355 4730 4700 755 2330 3805 5775 4438 1313 925 3280 5838 5639 7763 1213 7850 3980 6955 2872 7005 7630 5547 3590 6472 6143 2772 5589 9466 1368 139 3164 4543 4528 8481 5526 9853 3090 4416 6906 328 6053 4316 7590 9301 3316 9891 951 4651 2851 6239 1420 6141 3089 764 6831 8203 7243 4297 2490 7315 8726 8081 6631 5731 4376 5503 2014 4089 7601 9420 6643 8581 7141 8506 8941 3293 6066 9564 8670 6714 816 4045 1206 3693 6170 1003 8614 1272 2718 6997 3939 4951 6893 6695 4456 4468 7826 1165 6320 9616 9581 5089 7831 3840 3715 8589 8891 2547 5340 6603 3441 1868 1306 8441 4897 8403 2520 9039 5170 7164 5482 7765 2089 5397 789 3740 1207 3931 5065 5632 4257 9832 6577 8948 2182 277 3171 9323 2307 6002 6902 9477 6348 52 2698 7227 4623 71 7177 257 671 4198 9546 8682 4748 3602 6132 7121 4898 1573 3802 3296 8723 4446 4527 3221 4946 807 5773 1357 7046 7923 6598 3857 5557 1198 4298 2846 5257 7146 6282 1548 4921 3823 