144
































































































48 66 
173 139 
20 
103 
10 
121 


















49 34 35 42 44 37 29 33 5 25 16 52 32 
0 1 6 18 19 8 4 12 155 51 26 14 
149 134 135 142 144 137 129 133 125 43 156 152 27 
174 159 160 167 169 162 154 158 50 131 126 132 7 
99 84 85 92 94 87 79 83 75 130 150 151 157 127 
74 59 60 67 69 62 54 58 38 30 31 82 57 
124 109 110 117 119 112 104 108 100 76 77 
136 95 88 63 68 106 102 
86 2 113 163 15 13 46 
161 70 89 105 101 107 
23 170 120 90 80 96 168 
61 45 78 55 56 
111 145 138 11 81 21 
36 73 64 93 171 
97 91 153 17 
172 116 118 
72 115 143 
47 114 9 
22 164 166 41 
147 39 40 71 
122 123 140 28 
148 53 3 
24 65 141 146 
98 128 165 