72
211 172 738 203 940 898 
697 470 488 388 441 132 
272 395 355 40 891 32 
147 363 690 318 873 
72 528 816 973 
347 365 180 621 
847 691 366 307 
622 316 51 893 457 
447 116 341 173 
372 28 681 576 282 
747 90 118 66 657 
870 213 918 626 523 
386 922 938 765 218 332 
811 920 188 356 739 182 
936 495 663 93 916 931 496 
136 520 541 728 465 327 
61 220 638 964 772 71 
436 420 413 815 216 298 
311 95 322 588 803 856 248 
611 597 238 55 814 431 452 
786 70 163 380 201 478 432 
586 672 155 693 456 598 
461 195 838 103 840 181 198 
411 120 540 764 506 896 
886 545 39 63 655 106 368 197 721 
236 45 895 763 41 756 851 827 246 
336 695 338 455 956 906 628 777 
536 97 314 805 903 965 443 121 24 
161 320 795 880 863 101 315 939 96 
961 47 839 905 43 676 751 706 877 
111 620 113 11 401 214 716 671 
361 845 513 614 265 864 752 557 
186 645 740 788 678 806 493 157 146 
836 970 78 330 81 741 797 389 427 
486 222 138 15 326 126 553 857 
686 286 745 913 230 266 943 382 832 
799 511 711 370 569 562 605 630 818 522 941 102 971 
674 636 547 89 538 530 438 306 589 445 293 798 46 
624 609 761 270 38 133 855 726 139 464 647 507 627 
224 209 210 170 88 263 755 901 865 595 393 371 377 
199 184 185 192 194 114 963 30 105 31 881 145 381 646 632 
149 134 561 770 91 255 730 953 141 928 568 152 7 
299 284 285 292 888 80 480 966 68 472 565 582 648 
949 934 935 942 944 937 929 955 430 226 426 439 640 746 277 
574 559 560 122 539 688 205 705 168 890 240 848 257 
86 661 822 722 613 405 951 968 468 241 98 698 
36 861 972 820 813 305 200 65 481 653 57 702 
736 23 345 313 463 850 789 16 489 123 73 
774 573 335 342 792 794 29 608 600 400 353 878 615 656 239 17 532 
974 959 960 967 969 689 8 404 279 680 775 364 866 451 872 9 302 52 
174 159 911 267 567 837 829 258 130 575 301 768 590 701 952 948 707 
374 359 360 367 369 362 354 429 433 125 264 428 165 3 473 946 623 
474 459 460 467 469 462 179 733 725 543 453 828 466 566 696 402 
749 734 735 742 744 737 729 233 783 825 914 131 215 406 290 323 652 
124 109 110 117 119 112 104 158 150 650 351 376 831 289 641 373 423 
499 261 135 142 144 137 129 308 300 930 618 670 518 231 596 852 
524 509 510 517 519 512 504 508 580 5 251 414 753 22 207 727 227 
74 59 60 67 69 62 54 58 830 713 53 178 193 631 352 477 
0 1 6 18 348 394 387 379 383 505 601 843 593 297 572 682 223 
849 834 835 842 844 537 529 533 108 780 926 776 276 128 556 802 723 
99 84 859 92 385 642 269 769 262 487 83 4 408 925 708 500 115 331 503 591 64 720 295 189 498 823 446 546 552 
324 309 85 310 685 94 667 419 237 912 304 754 333 875 900 375 531 841 791 889 415 156 665 422 13 664 77 773 202 177 846 
874 34 909 584 860 442 344 644 719 787 287 33 75 558 950 425 256 581 766 339 245 56 945 2 868 27 807 471 521 748 
549 699 534 659 535 760 242 767 717 494 812 437 904 479 808 458 525 800 288 253 603 166 790 328 666 714 570 396 882 127 571 782 
649 234 409 635 610 892 392 444 669 294 879 329 454 933 483 633 675 550 491 514 715 243 703 515 527 932 548 771 821 107 
49 399 634 784 42 710 167 319 87 337 187 254 679 579 658 858 100 750 700 853 731 191 578 897 643 391 247 732 82 196 757 296 
249 599 759 435 885 485 417 592 37 687 212 804 712 358 683 12 225 76 151 403 490 826 551 651 397 321 232 357 577 271 
899 259 384 235 660 44 617 217 869 312 612 862 604 204 958 283 25 325 876 176 153 616 416 668 497 228 378 607 407 957 482 448 
274 924 434 35 484 910 317 867 894 244 887 962 662 229 854 833 583 50 555 606 801 206 190 915 476 20 291 390 221 252 171 346 921 
824 724 334 684 260 785 692 544 619 594 637 762 954 654 908 183 704 350 475 280 26 164 343 440 781 21 10 278 48 673 273 14 923 
349 809 709 410 585 819 694 919 19 79 587 629 554 208 175 275 526 625 268 303 778 140 143 947 718 281 677 902 602 796 421 
449 424 148 884 810 160 817 542 917 492 169 219 162 412 154 883 779 758 250 450 563 340 501 793 418 743 516 639 564 398 907 871 502 927 