72
1654 421 1017 1607 909 445 995 1736 1414 320 1913 1417 1681 
87 699 427 824 1486 1069 589 687 1197 1378 1393 1438 
1444 481 1076 1153 1461 412 1368 54 1185 16 
559 500 958 1330 745 1718 996 423 1454 29 1386 
55 1129 73 1796 706 508 1389 6 217 1209 
323 486 863 555 1191 517 507 272 1495 1515 1370 
854 441 304 740 917 1805 1914 1753 169 1657 667 
264 1149 1902 675 1296 923 163 524 649 1773 369 
1326 1548 1371 1237 142 647 1839 33 57 1844 
825 417 3 1355 293 1612 1787 375 471 726 1043 
795 540 922 942 1284 587 1849 1113 613 452 
566 1066 899 1335 1027 965 493 1363 885 1851 1018 
651 240 1365 363 529 557 222 778 1780 306 971 794 648 1771 265 1358 
1536 1538 1348 1725 776 1324 774 1422 556 1056 492 1256 1382 1384 748 
1890 1833 513 663 1925 1558 714 660 53 1000 390 1079 553 827 1252 
382 1184 1103 781 1684 1094 437 1002 1806 1028 685 1415 1514 630 
1739 1597 345 1012 1843 968 262 399 1201 767 413 1614 1408 1399 1775 
618 751 1720 1838 563 332 786 1205 1292 392 51 1373 1268 1431 
972 1125 250 1507 850 951 243 1038 569 700 1704 1083 1181 1301 
1123 1031 1636 658 1512 1178 588 961 1496 488 1231 1458 199 178 966 
1359 1247 1223 1543 1737 734 420 1923 433 1669 177 848 1729 216 
205 1542 1575 1489 32 1566 439 981 1238 1828 1510 171 1687 1220 1080 
415 913 1267 1307 155 970 1035 864 1731 1559 1533 1635 435 494 1429 
1798 1896 545 1071 260 234 1250 497 1677 743 708 334 147 475 
1005 1346 1347 1046 1280 245 411 883 1730 1147 1166 1672 548 1274 294 724 1367 241 121 1337 
1943 1942 1723 692 191 1897 1206 1481 1060 1276 1381 1544 499 1882 805 1377 21 807 1537 
828 948 122 248 368 717 1861 537 1532 1132 1769 1727 1576 901 941 111 1374 442 1303 1313 
1182 834 994 484 1661 1501 1394 15 765 601 1107 1233 288 691 1277 1749 318 1240 383 
710 1715 653 109 1621 835 568 1491 1048 498 1099 1156 583 1762 410 1829 1924 195 1124 5 
297 1479 338 68 1253 1271 688 773 1676 904 364 448 41 160 617 1410 182 1858 275 
1707 1706 1700 1701 1779 1743 911 1520 1322 1040 1039 1298 1180 50 846 959 1021 1733 
1064 1070 758 1312 1248 52 1145 891 1068 314 902 676 792 1770 626 276 1195 1556 
1300 1302 168 953 604 83 1104 13 1571 614 1711 1747 809 381 764 1691 967 796 
1831 1243 1341 1484 599 1265 1448 1638 1453 1668 523 1808 1786 1297 426 1667 1372 
1595 1007 581 1870 1194 470 1807 1540 1848 1920 1376 514 1871 659 1651 1832 1670 296 
1241 4 476 1525 2 1135 273 125 1617 1738 1721 1850 788 1534 110 259 1574 1139 
179 594 1052 1288 277 1192 385 1784 1036 1273 496 1263 989 1187 976 960 1590 1200 472 1572 292 707 642 1842 72 1193 1611 908 
1294 1293 1287 344 928 307 1680 1189 1037 1853 214 542 137 753 28 567 803 921 1593 252 1443 1082 1150 1476 1042 1716 1091 
61 63 771 1466 974 1400 1001 623 683 1473 1689 1874 1309 1541 1815 1748 943 1059 701 354 718 316 1421 12 1183 652 984 
1058 1057 1051 1483 1820 1503 1171 309 1449 378 1768 479 1840 1735 1119 489 906 784 56 547 143 628 1917 1653 1380 60 1927 
1418 1420 1754 1583 1230 1931 422 446 1678 681 1836 1305 116 541 573 253 938 1703 75 1613 1032 190 1456 1906 1608 
1412 1411 775 926 690 1407 840 1508 686 1314 832 1212 1579 104 319 558 135 1586 1131 759 1616 88 1016 1254 239 
946 474 1306 574 515 1602 1164 1425 1763 1567 1366 852 950 1659 1619 944 1236 1856 212 213 1207 46 1290 1413 1455 865 772 591 
533 539 480 1937 456 127 31 1440 1866 17 1756 627 374 1710 1790 1887 464 905 1898 1202 1134 1622 1203 180 
1772 1774 227 1015 1656 1664 1666 858 1029 419 1886 340 370 666 937 1364 482 8 607 511 1439 1299 1316 731 
1353 1352 889 100 207 1074 1092 722 450 268 1010 1435 596 954 1159 1319 1020 1531 1196 1255 766 544 1136 1498 962 1075 
238 1424 71 1406 1634 894 1130 209 1650 845 1933 85 525 430 584 263 153 1472 868 136 157 1692 317 200 
592 598 299 1053 1487 186 1430 1158 673 184 1246 1794 818 1767 625 1585 1291 1881 733 1941 206 1810 1893 1126 
645 821 358 461 543 661 1282 502 503 30 741 752 1050 814 813 1934 1186 380 833 201 551 1402 1061 1554 1392 176 600 1944 925 1712 768 1535 254 973 
1235 1234 181 366 1878 1518 425 916 1803 1152 1155 342 1344 242 1802 27 616 879 156 84 469 1173 1864 750 115 1504 737 536 431 1375 1788 
763 762 756 244 1837 749 1446 36 1506 860 1627 1391 1204 931 196 1427 1709 1560 582 1325 1492 510 449 76 312 202 95 595 785 436 560 258 1102 
1530 1477 520 285 462 1660 1900 211 1331 1814 1817 1816 1494 837 150 386 330 1867 1822 1746 69 1275 235 1072 1097 501 512 546 1868 123 1655 
350 1175 1877 602 159 463 679 680 92 103 106 105 655 483 732 804 396 823 1451 1078 1121 1705 1708 611 1905 359 310 1891 603 44 1321 
356 362 1 1813 810 1643 1695 1744 93 1106 1499 1442 576 1776 504 896 1502 1336 278 1550 1146 117 112 1172 1409 367 140 1320 730 64 99 
527 769 830 1405 808 1800 738 739 742 575 578 577 550 1781 1630 791 997 246 669 274 1426 1795 684 777 348 790 983 654 1143 34 1144 
1589 1588 535 1936 1459 1105 1742 1745 918 1332 1519 1522 1521 1482 1835 1088 352 1945 18 1791 725 884 405 590 1115 1215 1852 839 119 1160 1594 372 
1884 467 1778 1761 1044 677 1133 42 1565 682 693 696 47 538 424 491 1258 1926 783 236 215 882 761 1885 1846 1041 1901 1793 713 831 1606 1847 
1117 1116 952 218 869 1112 1385 1624 151 1922 1855 509 183 1304 1789 1663 406 1485 1694 1395 1475 219 1620 826 1662 305 1497 689 313 495 131 1633 
887 1883 126 987 1892 561 1693 79 269 1755 1758 1757 1722 255 1600 1625 552 665 1690 670 1500 1118 1350 118 982 428 355 453 549 1903 1244 
1713 120 1110 1582 838 1310 1577 1162 132 978 800 1827 203 360 1343 1127 799 920 1628 261 728 851 735 295 861 1100 249 300 1910 1665 903 829 
232 703 1470 933 639 108 1188 657 817 1090 89 1916 1269 857 1387 1270 1683 221 870 1154 991 637 990 1462 188 301 1225 871 1013 1854 1845 802 1383 1467 1631 746 1826 1216 1249 744 1797 194 1333 315 1085 945 629 1434 82 650 1262 806 664 780 1792 81 1257 
409 408 172 402 166 1523 343 816 1229 985 572 779 1741 1872 1879 208 562 326 1151 624 1388 1626 1685 1637 283 165 1699 164 1285 1167 78 1423 391 66 1527 1436 820 1045 139 1266 1823 912 455 429 1570 1019 862 233 1114 646 1645 1946 477 1478 1101 298 1242 1911 1004 1563 158 900 1122 1751 
999 1591 231 225 1228 1819 404 1752 935 876 1170 1546 797 1801 1093 388 1862 1919 398 162 932 1463 518 1168 1226 478 1403 129 1894 656 257 1912 980 465 204 910 836 1030 1174 1323 1148 877 702 1098 843 86 643 632 1357 1278 473 570 394 1869 957 1279 14 1488 1198 890 1006 
586 585 1529 1759 893 875 1524 102 736 161 1605 1562 975 798 22 1095 329 634 1578 1283 1227 282 1639 7 1777 65 1697 432 1140 1128 49 1587 1728 287 1688 1528 1137 1055 936 842 1239 351 1177 347 1260 1629 1909 1396 418 914 376 1419 1830 886 1008 671 782 678 1067 
940 881 1765 880 284 1641 397 1111 1428 867 130 1251 266 1398 443 1860 1682 1804 1214 801 516 339 1932 223 1580 1108 892 247 1245 1081 715 327 530 1513 528 1264 1441 134 438 1340 1555 256 760 1120 610 1259 97 1138 1908 1615 534 11 554 1161 251 1480 1834 62 662 1632 855 
1766 939 113 1818 1719 934 40 640 1782 19 1339 1289 35 1938 1564 1329 977 328 988 1224 401 1165 1049 341 1009 124 1199 694 622 361 175 1732 451 1679 311 927 197 1468 1646 1437 1474 333 1812 1354 271 895 1649 322 74 141 723 1219 98 485 888 133 1598 1740 841 1063 
704 114 998 38 992 185 993 716 956 1642 1457 1221 620 1929 1859 1447 387 919 1096 447 1873 457 519 1401 25 1404 812 963 458 96 635 531 407 1526 26 847 1356 819 440 1592 878 1295 1089 1561 1939 641 1141 1915 947 949 1490 608 1397 490 1557 1547 1724 849 709 1674 
1471 290 349 697 403 698 395 1811 43 336 1361 856 1210 267 1918 444 506 1450 1272 1390 1696 1109 1286 1935 459 1717 930 1658 144 1895 1899 466 170 1024 1281 1880 1517 1023 1351 198 1618 1062 80 1610 979 1157 377 1783 532 605 237 770 844 1726 192 907 711 1809 
1825 1648 1824 1647 638 874 580 757 189 631 9 384 1857 1033 1505 90 1211 270 152 23 1047 224 755 872 1014 365 1317 70 727 91 321 986 193 1652 1865 174 1334 674 1349 128 1433 1432 59 1644 1940 1142 101 1163 1928 672 571 1552 357 1675 1379 1261 1734 898 1084 789 
291 37 644 579 1464 67 712 303 521 897 20 146 915 1584 148 1623 149 564 505 1213 280 1921 811 1876 1581 460 1875 754 373 281 1604 1217 668 1599 719 597 1222 1673 10 1308 371 229 1054 289 705 331 353 389 346 1603 1179 1930 308 487 1077 619 1573 414 1445 1025 1596 1785 721 1549 
173 468 526 107 226 1760 1011 1169 633 279 286 1516 522 454 1328 1702 621 210 1863 1509 929 1460 24 1640 695 1698 1022 1545 302 609 1907 1086 964 1232 187 1190 1764 853 1416 228 1469 434 1218 1003 138 337 1821 1087 606 615 1904 1799 924 1065 324 77 1493 1338 1362 612 1750 593 
822 1176 0 815 39 1465 167 220 1601 720 1208 1841 325 1369 1034 565 859 1568 1686 1342 873 1345 400 636 955 1553 1671 793 379 1073 969 1318 1511 48 1551 154 787 230 45 94 145 1315 1569 1452 1888 729 1609 866 416 1539 1714 335 393 1311 1026 1327 58 747 1360 1889 