72
6191 7134 7370 4840 4309 5373 7505 1525 87 5495 4652 1636 5263 2863 1744 3279 5354 106 3385 1757 2112 4353 2079 4788 2607 714 5367 6050 7576 306 3623 6214 4313 5709 601 3125 609 1496 1088 6348 5366 2573 573 2553 3576 3596 1957 5071 7277 5706 6466 199 324 5795 276 6210 4443 
6073 6603 3529 5830 3898 4525 1479 2427 935 3804 1505 2410 2519 618 1508 2217 4105 3672 7620 132 2669 7584 636 2740 537 3429 7471 1659 6994 2594 1132 242 6568 2091 7451 5369 7485 5411 2595 169 4095 2239 7708 4831 7723 5050 4210 5750 4124 1433 5527 6613 6401 4218 7272 6550 
4657 2474 7718 7364 4496 7383 4119 7623 2049 775 6164 1459 500 502 447 5815 800 1017 3667 695 7625 7362 3790 496 5393 2948 1335 2358 1486 2661 5557 1658 765 3728 5848 2818 5452 614 7519 7487 2911 7492 1003 5352 6678 3950 4461 6913 2927 212 7077 389 5604 5792 5741 641 7806 1008 1970 4287 6991 
7784 7783 2054 5895 3129 6598 7543 7416 1328 2683 2342 6030 433 4919 1742 5456 329 4754 4813 5319 6006 1602 3554 1666 6876 6681 2307 7453 2320 6370 1271 4954 419 6981 7577 3964 3028 2322 2169 3016 2353 625 7669 7847 1694 2267 4623 4629 1218 5562 1909 2789 257 1113 7946 6576 605 4381 473 131 
2828 7672 7554 2598 5318 2604 1890 4073 690 5397 6245 3168 7701 4633 4459 6700 5206 634 2605 4118 1725 4285 3546 1206 2333 7618 5932 66 1276 732 555 6804 5629 3422 3087 5379 2579 1094 5234 1377 3165 4128 2772 1618 5584 49 6667 5184 4165 2383 192 2990 3562 3732 7378 
2592 830 4551 5194 4512 5253 6494 5941 5832 1739 3688 6000 36 5048 5166 5108 624 3431 6150 5909 1108 4847 3341 3446 6398 5985 7753 5957 7066 7873 4667 5570 2445 3020 7568 1899 2731 2318 7809 6189 5956 1649 4535 6956 2193 7308 187 4661 5597 2736 3284 2717 1657 2441 2496 
3005 7731 5666 4946 179 3843 6105 1398 2844 3581 2211 2108 4576 5756 7566 7421 663 2111 2759 4403 5039 2602 7460 6044 7165 4457 2489 6103 5098 2738 3658 2279 6661 4720 4994 2454 879 1887 2203 45 4424 381 6764 6296 3324 3933 1278 3982 4565 4051 7633 
7495 3418 6970 2467 6007 6089 4239 3819 1221 521 7642 564 5638 5520 5531 5201 1935 2900 3490 1363 588 3256 2810 6935 2397 7807 6173 6501 2311 1349 852 2451 2603 5327 6635 3475 311 3873 3473 7958 3709 7687 2986 6643 6290 615 768 5431 7122 2205 6918 1026 2660 
6545 4545 3430 4833 4901 7442 5672 5587 6439 3729 3924 3345 5292 5471 2866 7881 1194 5238 1130 540 1462 7578 1453 7230 5388 3138 5159 7184 3880 5768 6724 6960 5326 1323 6811 7302 4736 7957 4383 1635 4601 7427 803 6015 6292 3481 4838 4848 6057 6690 3687 5618 1379 
828 2238 7010 231 7619 7210 4370 5056 1487 336 454 5145 974 220 3927 3573 7738 5475 4321 6831 4852 5355 7382 7766 1376 3585 4916 1520 3282 3323 7461 1461 1617 4221 4376 1232 1354 2033 6796 1846 1721 1555 6646 6543 1924 4214 2182 5154 2812 7865 2481 6377 5510 6814 
1654 5128 889 3352 7674 5141 4665 3109 2128 4042 205 565 7349 5324 7384 2905 486 5072 6889 734 2910 104 7158 3656 3420 3905 1966 5631 4634 3929 5583 2590 5227 4408 4365 1045 4640 4991 2294 556 2697 5428 6683 202 648 7876 7710 1150 2619 3621 
3778 4834 7660 5550 1715 928 1896 4669 4024 6297 2549 5469 30 6936 7561 5378 7920 5968 7440 7205 5395 1689 124 7943 5277 5465 1676 1308 7434 1200 6152 3945 1238 1231 1408 1378 6074 2547 5951 176 3773 5661 4087 7355 3425 667 4524 6269 924 
4244 4243 7665 6957 5371 1243 4842 2757 6026 1267 3312 7108 4079 6380 1741 1623 2450 4751 978 2286 1578 1581 5888 7207 5260 2819 1897 3441 7589 904 4259 7825 7314 137 6024 596 1086 3631 4628 4097 6686 234 1157 1325 2064 1039 7948 3185 5245 3582 7780 4307 5702 767 3502 3696 5449 5818 6448 4642 1198 4780 4523 5252 2247 6908 4662 560 
7312 2415 5423 5187 7600 2952 1996 7560 3957 5137 4378 20 4055 5176 7287 1918 4869 2155 2689 6464 1404 6478 4729 3726 599 7853 3448 4803 6830 1246 1187 7146 6286 6037 5730 3695 2641 6645 7476 5581 7942 4387 4391 7240 5427 1131 910 7336 1572 2711 670 558 4536 5445 3093 6570 6916 1928 2599 296 1616 1513 1665 890 5977 5620 
3536 173 7488 3063 4368 3247 7778 6262 1339 1693 1516 5536 3878 5235 1151 130 6934 3394 2984 5590 6124 3587 1012 5592 4648 5120 2771 1027 2679 7217 3184 125 301 799 7361 4963 1040 4116 6299 7470 5330 7754 7804 3439 5289 733 5244 330 7159 2992 5512 1603 4359 1179 2092 2471 6275 3735 2201 534 1327 2906 369 1987 178 6786 7404 
3772 2120 4473 1582 2055 4905 3365 4887 2822 4710 7123 7092 3981 5891 7406 522 6642 2570 4636 7540 990 1521 4825 5619 3605 2240 6586 1364 550 2425 5249 2620 3302 4588 1566 1319 791 1217 5331 6659 2023 4772 7749 5749 4445 1292 455 2531 6928 5453 552 4275 4147 6098 1628 5221 6090 4735 5409 217 6353 5859 3069 796 
2356 3424 4126 1995 4886 6081 7733 4356 4016 1975 4453 4289 443 6002 797 5934 503 5000 5708 2702 6301 1307 4026 7303 1317 5211 1768 7441 85 4554 6732 7019 2261 7264 6109 694 6817 7112 1912 1845 4419 2252 647 4956 3910 10 1933 1290 4789 4540 2558 1544 2612 853 3025 3067 4890 626 1320 5728 2147 3343 2316 6648 7238 3504 4159 
5719 3182 5777 39 6839 4193 6303 2292 7652 2047 6599 4787 1977 2331 4083 860 3101 2158 3469 3882 519 1639 5297 6912 2959 2051 4364 4816 7630 1330 7027 1840 4639 1225 951 4103 6895 6861 1028 1945 4563 7454 4537 6624 2947 53 5543 7764 4568 1137 138 4644 3953 5523 700 6812 418 6033 571 1279 2831 2778 848 3462 4802 3907 
2061 2060 5548 4774 7955 3076 7261 166 2777 100 6363 7580 7285 2978 1034 1152 631 208 2096 2216 3171 3174 5415 7035 6064 5021 7458 2917 2666 2662 1414 4044 2523 2653 3035 2076 3210 3625 32 31 3593 2918 5192 6625 1215 1610 1570 1865 3685 1727 3272 2520 7815 944 7274 3060 2979 435 2618 3545 3461 2636 3543 2198 5677 
7200 356 3942 3057 3417 5908 4 6557 338 6834 167 5183 4927 2816 5931 4338 4810 3220 2157 1758 7775 1135 3232 5083 5614 1855 5878 1671 1507 3821 1591 4431 6358 4137 3218 3336 293 5362 2326 1236 1356 7959 1823 7839 4504 1291 7872 4450 2724 2263 7788 3127 2505 4519 6795 6095 1380 3916 6904 5724 141 2021 5783 1504 1515 
3064 4656 5417 5725 7914 2600 5609 3839 6885 4769 1465 6738 3642 2174 3689 6226 5518 6287 3997 5416 3410 931 1838 6477 6499 3526 2582 4908 6822 4246 538 3931 1571 4785 5671 247 4484 1222 6618 3565 6069 2714 4992 3619 941 4815 3008 134 3714 6920 5529 370 7520 1939 6218 4464 4015 7828 7928 4978 1438 4818 5763 
4893 4775 1241 2899 1064 5772 3450 1702 6120 3922 3214 1562 1090 4829 515 5458 620 2511 4531 3351 6419 1607 958 1304 6181 2249 5237 1625 1718 3754 6311 6168 3979 4156 3212 7727 5093 3743 3556 2031 587 6163 1216 3700 3637 583 766 2616 7662 6778 5480 3626 1259 7544 3497 6801 6647 532 5811 7848 2871 6859 5746 4782 3435 
6250 7247 580 6893 6085 5377 6671 7425 441 5950 7169 5124 2226 326 6521 1391 1047 152 3820 165 5298 4826 73 637 4744 812 7222 719 1383 6704 1442 7871 4031 3736 1147 1895 2556 5603 3478 6608 6161 3801 3224 825 7191 3578 1646 6751 7889 2005 3744 1177 396 4241 2826 3815 62 4617 6755 5687 5398 6685 5392 2137 
5247 2893 7954 3647 5122 6362 3666 6067 7071 2132 4416 972 6059 5294 3157 2391 7527 3751 1637 4472 5121 1248 3908 7932 1494 1737 6055 4508 6319 2976 7635 3977 970 1422 380 7569 3442 774 4526 2295 2912 4830 5503 7155 1277 440 847 6043 862 6879 4324 669 6484 3325 1268 7026 7397 4261 4797 2028 5940 5549 2029 
114 5954 4007 6892 3181 5240 7011 67 4020 1188 6539 7012 4728 6789 3273 6502 6046 3155 5499 1388 5164 5872 7114 3396 5284 755 814 1344 1109 1285 545 3377 2346 5454 7145 3669 4254 5827 458 1324 1735 3872 1204 5572 6673 2336 1055 6194 4730 5310 6076 4064 7256 2059 923 597 4028 1205 6028 4740 6388 5251 407 3557 4806 2455 6133 2280 7132 4996 2448 2491 2068 428 3440 7732 2507 6883 5939 5408 6689 5972 
468 6486 5312 107 4715 6551 5076 4768 2285 6118 4232 7682 7757 2875 2860 6708 5204 4689 2528 5989 2981 2214 6582 4410 2522 2407 1189 1463 5769 6418 5321 1971 2746 6025 3715 1579 576 4162 6693 5140 2161 5080 5085 7104 7604 4864 2734 7824 5217 1644 2328 7798 760 7490 4696 2003 2708 4972 2671 79 851 979 1703 2857 3030 5899 2118 6703 7393 1903 5028 4898 3850 6508 5669 3718 7852 2837 903 7034 
7430 5306 7016 5896 2237 1656 7556 4179 7265 2270 5322 5928 7949 2637 4643 7328 3627 2165 4220 4456 3335 4223 6652 621 2168 1876 6853 3291 2315 4294 5496 7445 6155 3610 3269 4333 4423 7399 740 4575 5439 1448 411 2220 268 7594 2851 6136 1753 1907 6633 6660 7395 6488 1173 842 4570 7079 4435 379 1964 5212 7332 7510 6517 6919 6510 4688 4714 5185 235 2304 2673 7758 4690 1692 1832 2479 6744 1360 7095 6847 5146 
1176 4951 6485 2591 5064 934 2231 4964 2840 2409 7033 5633 7595 7484 3996 4348 2801 1428 7819 4809 1154 2039 7467 801 7891 5295 7684 4471 2728 6005 840 3990 2384 778 5926 5493 7913 2274 6134 7209 3505 6737 7394 2135 3859 1056 7964 4737 1828 7823 1281 920 5508 171 3540 4009 4520 3373 1849 7037 3421 761 6452 2575 792 6115 5091 5722 4277 3781 5446 4438 7221 3201 5634 3602 5097 3521 945 1085 3673 
5601 7902 1883 3116 875 2834 1760 7129 6787 993 2999 6420 264 6304 4630 4350 6638 7346 4987 2508 6995 2335 7714 2699 5062 6950 2052 813 4235 5887 1934 2897 7912 321 4739 7696 5013 6337 4436 5690 4844 2190 3192 1030 4718 6034 4778 7195 4422 507 5920 541 4050 1590 347 6666 3734 1041 3936 5015 5507 5261 348 346 5150 3537 5861 606 7120 7789 6412 2609 1439 2264 7494 2078 3403 3012 5490 1724 
4480 4362 6190 6964 6610 4592 7719 3294 1 404 7918 2173 3935 5764 956 6915 2580 5222 6815 1624 7704 3633 2512 5461 5534 6145 5383 7443 1779 4203 6142 5336 7668 1265 1482 1954 5001 7255 3382 3487 7892 6750 6522 3500 6674 2359 156 1013 2797 3180 1141 7251 7020 7295 4914 7686 2756 1586 823 7899 7316 7074 2739 2970 3281 2065 2852 2461 6827 5370 6607 3553 4192 973 7810 5264 1261 6234 6807 3836 6800 7886 
4303 7666 3771 1818 6315 1660 1524 2704 1348 6244 7320 5596 3118 5655 6651 5735 2482 6179 1210 146 5517 7645 6170 4587 6051 811 6360 6832 4493 4557 577 6322 6850 1777 1029 4752 3387 7676 1717 3151 4019 2063 4149 4208 302 745 7353 7590 6897 1747 145 7042 7192 4505 6389 843 1492 794 1786 1672 1854 7048 2370 6542 7385 666 5230 3891 1458 4127 487 6395 2684 490 3128 6566 5870 7675 7237 5644 1160 4212 6460 
291 6898 7901 6544 4650 698 7737 2305 2172 3013 4555 7403 4925 6561 7298 126 4888 1900 7583 5223 2095 2509 3337 6406 4705 5770 6065 7743 3645 5828 6615 1925 6940 5296 2430 5380 27 2043 4659 3507 7086 4529 5937 7486 3464 6157 7156 7166 4106 547 5067 7250 5514 5976 6955 4317 3915 2219 5286 6329 1382 3068 628 6312 2116 5716 3340 3191 2518 2363 688 4558 3676 4499 1067 4330 2282 748 3663 
4185 533 1588 933 2895 5554 6321 3190 572 4586 5849 1369 2344 2624 4219 7582 2136 5987 3512 207 2629 4753 4695 3643 4646 2466 2015 5732 7893 5442 7204 7224 5401 2502 6619 3134 3802 6240 850 2544 1848 1001 96 6417 5789 2943 2750 3092 2741 4418 6355 139 846 1731 154 1107 1710 5073 7063 4363 1998 4022 674 6371 4264 4284 5684 5622 2798 4971 6390 7437 4725 6267 1785 1917 4190 3209 4025 5205 3451 
1825 4716 7423 2644 946 1483 5654 6258 2309 816 7062 1841 4466 6207 6953 7759 1564 4121 3571 2568 5282 211 1449 2053 2171 25 7030 5555 5474 1035 4490 3920 6614 7407 3559 7342 327 4569 3467 7047 6733 2856 3113 2901 1394 4976 1019 2398 3620 6070 4386 6629 3974 5368 7628 2638 3103 135 4442 3301 3523 2498 6423 6305 2773 4123 731 5736 3031 3756 3848 6159 671 1139 4465 5738 2795 367 
3654 3240 1647 1831 6715 815 5904 3072 3411 6856 109 7698 7741 3758 6874 5477 1444 7937 3393 7763 6403 5698 3042 3053 4767 3764 2937 5142 6976 5088 6863 3841 7694 5034 7 4541 950 5991 832 3577 3787 6391 4895 6783 1024 7106 4012 5553 5755 7588 3438 3152 901 7218 7368 4349 2675 3932 6313 7174 7867 26 5975 3003 6392 4146 6782 2145 2149 6154 1126 5193 5905 6471 6151 4202 849 1773 5962 7338 6578 
7489 4184 1942 7659 2533 5359 462 4297 2659 4217 7418 3493 4997 4828 4614 2447 6835 3629 739 7644 5990 4281 210 2581 5357 2230 7657 3608 1071 1076 4117 1237 3951 2902 7559 3833 6468 6324 845 7327 6160 1553 2366 6927 7281 3867 1796 548 982 170 7706 2617 787 95 4564 6939 2298 6410 7765 4779 4612 6458 6507 2647 364 4677 3045 1098 3968 6453 2729 4912 4605 1852 5686 2323 7614 2833 1927 5018 
4598 880 7075 2179 6249 4361 4250 527 2585 4374 2254 6675 5351 2191 2034 4171 3699 5045 561 1634 6443 6826 6697 6639 5695 977 6228 1568 6405 3879 2817 7894 894 2347 4257 3313 6595 4470 1709 5047 7504 4549 2215 5978 5288 4550 3960 3572 3547 1140 6409 3369 5522 3349 1233 1054 1201 1711 4543 4283 2891 1340 46 5879 2103 6784 3674 7219 4290 6205 7631 7874 7013 3886 6983 3501 6264 2713 7391 4460 1100 4224 3988 193 6591 6567 1476 3558 119 5682 5551 2597 3874 3208 3661 5215 4603 3934 308 5856 908 7339 5030 1018 
586 1235 5778 7606 7482 2775 7202 7070 5790 3058 5043 7005 1857 3308 7130 19 3509 6776 5491 6068 6828 3391 3039 2925 6877 3102 269 6465 693 1106 5472 4649 7834 1371 2583 1698 4707 4373 4331 7171 5144 2543 6640 6096 5275 1119 4904 4187 5199 6556 6844 5363 2072 1069 1023 7392 2343 7426 2006 820 7647 5014 6211 4269 4977 3419 1142 3759 7690 5307 1736 412 7546 4932 819 3399 6334 1561 3710 1631 2387 375 2446 256 3860 6235 1606 6021 6670 5374 136 5844 3838 1455 394 546 1313 494 1674 5726 4679 7152 4666 2080 
940 7193 4532 1287 6656 2763 6669 4355 3306 7324 1542 5078 5200 43 5419 248 3590 4573 2962 2823 5279 3925 6993 7585 3515 7350 3987 7124 6947 1460 3704 2 7952 3731 6241 3372 5819 896 3644 5334 2687 3900 2923 183 4057 2720 5898 675 911 4790 517 2574 7608 2337 858 5337 7664 2908 2830 5953 6056 1239 2977 2613 1613 4048 7333 1554 6369 6581 7885 4248 2377 3539 2960 5851 2259 94 3006 5765 6779 219 7282 2800 3322 2538 925 4270 6588 4957 60 77 7827 6139 1750 2223 2951 140 2559 829 2319 6564 416 
763 3949 5069 2244 5246 2940 821 2303 63 4960 3902 3434 5058 948 102 1988 4180 7357 6238 2469 2152 181 598 2980 4161 6167 4692 7468 3702 1095 5767 3115 3468 3254 7502 1484 3141 2374 6855 2013 3251 4069 3564 6665 7854 6332 5224 6450 4175 4449 3015 2038 5612 5494 4215 7927 7450 6547 2062 718 4446 2730 5057 3652 3911 4596 322 3380 3829 3137 5420 4199 2499 3228 215 5090 5938 523 649 6747 3314 7278 6011 7273 4081 4253 4615 3569 2560 5136 1514 4336 2968 1574 1209 1869 7616 1557 4556 2668 7515 7345 2437 7634 
37 703 579 61 3188 2291 3837 7837 5613 4002 1046 4610 2423 1289 5574 677 2114 6636 2403 6148 6343 3453 3334 484 5933 7242 149 2571 5107 6357 7835 2997 4380 1226 1875 7008 5437 5329 1861 4226 3597 7323 6320 4010 13 1789 1794 6273 7550 5447 4580 6455 6969 4811 673 5396 2564 7922 1207 4913 2148 1502 7712 5921 3946 2380 4033 5525 7428 6705 1528 4658 1534 3775 525 3297 5602 3678 4653 4799 2596 2444 5997 2418 5599 1898 3899 2087 4566 3659 1370 6631 4027 855 6314 4148 2776 6963 2577 4379 2566 831 3049 4861 5450 
5365 1293 6662 4132 1123 284 7082 6848 244 5786 2764 869 6952 2954 307 7593 3288 2873 2486 89 5869 6756 2106 7111 4279 6878 798 1213 3986 2640 4174 516 3233 7153 2288 304 5973 6504 47 4495 3551 2299 2838 2327 5552 4200 52 3231 4154 5696 7643 4462 3684 2392 2535 1958 7771 6291 243 295 2537 4821 4578 3812 4500 1963 3803 5178 3855 6253 2199 4306 7528 4231 5776 5303 3203 3733 3029 676 6247 6248 3213 4216 5935 4682 1429 512 2222 7140 4624 182 7390 4841 3520 7050 7463 4860 1375 7532 6106 4969 1480 2774 44 
6781 1648 5129 710 4958 5607 2010 2408 769 5065 7167 2468 2232 4394 6793 6577 1033 3965 3316 4075 5753 5515 975 1036 5225 7054 6701 1519 5462 991 6714 3436 3549 2524 4911 6091 1902 6143 2700 4018 930 3566 3153 5218 4318 4934 6193 6528 6442 352 6909 1894 5616 2110 7292 2457 3443 3814 188 1415 582 3716 6338 5213 3753 3303 7433 4240 5893 5539 423 1812 2100 4594 143 5228 2883 3970 1944 7905 7000 2141 1941 4889 2314 1075 3423 3816 5114 570 4867 6470 4145 6373 4084 6100 6884 5087 5559 3268 1006 180 
6368 5837 1824 822 3706 4178 7259 6951 657 4709 3589 6498 6374 1282 1280 7772 3686 4040 6931 2527 6797 3865 2521 4750 3748 918 5580 3869 151 6818 221 6537 2525 6622 1253 4021 1548 6209 5317 4344 1212 4765 4234 5473 6378 7833 3795 6712 1684 142 214 557 4672 3370 1059 4973 1020 7729 3480 777 7787 1871 7726 7038 3143 2562 7072 2411 1399 5407 4924 6408 4579 7417 1882 5304 7337 406 1097 2475 5868 2439 6720 6482 5191 643 6623 1077 1726 147 4625 123 4312 1632 6798 4641 723 7093 6862 1421 6637 6175 4111 613 3402 
3713 1765 3299 5836 5784 2473 4604 3784 7536 2755 3544 5727 1251 1959 3229 2667 5707 6107 6533 679 817 7760 7232 3455 6641 4341 3338 752 6711 24 7598 2642 4375 127 3318 4139 1199 6868 3618 6929 6901 7963 2864 7786 655 65 478 3939 184 7879 627 1073 1153 6146 3449 4494 1787 1393 2767 1410 33 5980 2204 5248 6989 6425 7868 7493 7638 6017 1264 1790 7857 3383 5625 3978 7469 2868 252 3244 4686 6489 7410 6943 6041 82 5568 501 4052 4310 4263 4169 2913 11 3698 2153 3628 5502 3091 6626 3720 1397 
7961 4066 2355 4892 2703 7128 1182 1170 7226 225 1044 6911 7064 1997 1879 3236 2921 4357 2224 4711 4455 4337 2037 6402 3692 4399 6347 3043 398 6891 2348 3823 7802 4058 400 1425 2074 1191 1245 6063 129 4049 4942 7335 2476 568 7268 4510 3395 4757 7648 2779 2510 7572 6172 1763 7808 725 4417 7411 1121 3615 4776 2236 4553 2770 4796 6215 6212 3727 2402 6938 2749 5464 3009 5497 3019 1593 1797 4654 6546 3363 4107 3862 158 57 1016 3145 7650 4979 730 7457 5328 3368 2754 1303 1552 3392 6326 4683 1063 2635 4839 
1766 7311 1700 697 3483 5712 4197 2185 1361 2067 913 5360 771 3522 3227 226 3583 5115 1103 7110 5537 1092 5400 1390 1214 6760 3161 4764 3348 6183 5829 7212 2723 5673 2996 4144 6676 7609 7689 922 2628 314 6075 942 4195 1284 6986 7736 7500 7702 3959 2386 6514 5945 6261 5925 6233 1968 788 1983 1668 128 4897 7746 1780 5733 4047 3657 6094 6998 5959 1156 3298 331 3262 6768 41 6979 7293 2376 3834 2513 3356 3457 3149 780 6434 1080 1611 1021 3992 29 1965 5044 6589 6198 7919 5210 3187 7439 259 5864 3971 
6309 7135 3594 6014 651 5771 1306 1247 6612 1310 1538 7189 3176 1990 5430 9 4062 7121 2431 1105 4763 857 444 602 1804 1447 5757 4812 6052 6298 4944 4965 3114 2406 4943 3409 1355 437 3454 1014 1309 2030 715 6162 4988 5544 6379 4305 5701 5780 4687 5190 2692 255 5361 2557 6188 2022 4857 5927 1974 117 7073 2058 3044 3797 3416 2649 3154 2985 4800 3776 6231 6038 3398 882 6 4155 2655 4300 5799 1148 229 236 1395 5664 5156 2727 7227 689 6058 4406 1653 2105 3309 5290 2196 64 3386 5387 3638 258 5854 3305 
1058 1057 1529 3359 7187 5653 7542 3955 358 3530 7306 5889 1129 6887 6144 2056 2646 6341 3885 592 1230 5255 3347 6459 1931 7170 1978 2154 2924 1981 2334 5639 6888 4056 2994 3941 5711 4708 722 3940 1543 2782 2338 3665 7617 5165 7735 3271 2438 2102 6973 5460 7137 2725 1158 753 892 5852 1722 2443 6900 6252 2933 5900 3921 1256 7396 4366 3675 5538 2680 1163 4622 1297 784 5481 2536 921 3877 3717 2494 6323 75 5894 1260 3280 743 7014 5563 3384 392 5132 954 4209 4268 3856 6725 2151 632 2483 5138 7909 7083 7742 4426 3541 313 3038 4743 4041 5214 3344 6529 3307 7626 6984 7220 1788 2670 7415 2066 3722 544 1670 
4421 3241 7429 887 232 535 3601 1641 7796 644 5713 6203 1341 7365 3096 5648 5558 7475 5845 7446 1149 5233 5161 2036 168 594 4928 5871 1565 2865 2453 5579 5944 1450 6239 7953 4354 7679 2310 1580 6799 7558 509 144 1305 5022 4731 2982 5734 1979 7799 883 1638 2995 4372 963 863 2969 5814 2156 6999 2839 448 584 5801 1374 6053 1826 7722 7916 6035 1839 4258 1704 805 2234 6511 4006 902 878 429 5691 7004 3085 6982 4699 5739 5877 3178 4098 5803 6414 6532 5486 642 3211 492 7157 5254 2302 5610 914 6454 4721 6117 7709 2813 7924 216 6318 3622 1573 3427 2501 3494 4428 6980 6316 839 549 1622 251 1783 
350 1884 113 4591 5305 3004 4488 6479 7792 1951 2919 2726 7088 1111 3135 3524 5823 7875 1723 4260 3021 2578 3354 4748 2506 5163 7052 640 3040 6462 3632 7773 7537 280 623 1640 4115 6617 3881 2546 7271 3023 1756 2615 78 5742 4392 4824 7283 5760 6988 4326 2032 1427 5721 5688 5511 4993 4077 1545 4382 1351 1454 1451 4981 6230 1822 1805 7846 3752 5250 7826 3832 6365 4441 5540 7343 7139 6351 3995 7841 6762 112 5841 390 1915 6306 3222 2208 7018 2419 51 6806 4678 7131 1082 2815 2442 5311 7592 190 6609 3840 5982 5863 3445 4094 2459 6446 6283 1851 6385 612 7039 6335 453 6803 6092 2094 790 1834 6554 
1412 3595 6367 1346 4191 3765 1470 2178 3117 1125 3175 952 3472 7956 4201 3788 3745 7831 736 6590 6695 5174 7936 3806 7464 159 5341 1446 4101 6110 2393 1165 1991 4351 4590 1932 1699 7448 6536 7094 3999 3962 5855 1499 1343 2569 4746 5747 6219 968 7091 3146 5131 4798 2464 7884 1697 2339 1730 7373 2150 7579 2130 1196 201 5209 2516 1413 3952 4771 1885 1559 5025 551 320 7254 4130 3693 3770 6541 2832 701 3460 3811 3870 2140 2440 3124 7096 3196 5798 2672 97 3121 600 3304 278 272 664 3681 2007 1396 7699 2422 5627 6790 593 2914 3108 3248 5269 5350 7768 7203 4792 7260 1220 2083 841 5974 6672 5391 2694 
1530 7607 4479 2709 1477 7908 6197 6243 6126 3725 7615 1583 1464 4571 7947 3131 3817 3760 7344 4291 1584 3552 2401 2993 2587 3375 5104 2627 3456 7939 93 4340 870 103 2404 1168 4236 7148 3 872 5501 6027 3967 1720 604 4398 2721 7677 4036 7032 2017 3479 5966 4698 6509 498 28 17 209 7814 4078 6880 6153 5996 7621 438 3609 7944 337 7149 3002 2691 2277 7636 7667 6071 430 1526 764 5775 5866 3969 3147 6954 7545 4182 685 7101 1550 2888 371 2752 354 508 5835 6838 6677 5838 1089 3909 200 3140 2375 2854 6259 1362 4801 7103 3966 7452 7688 6977 5256 254 7144 4995 4843 1633 2540 7414 7388 4878 1134 3912 
6132 7725 3122 1005 7377 7613 6774 1536 3943 3766 2113 3017 2368 1813 1798 3111 2705 4053 1162 7300 5773 5117 7700 5528 4574 6384 2567 3099 4577 2630 683 7655 3525 2098 1994 4295 6858 3077 3586 2878 6772 6086 2936 989 6339 2025 981 4491 5670 5283 4293 6083 5965 7087 2207 7930 6886 2898 1314 4685 6902 2354 6644 7552 1732 6628 1350 905 413 2707 861 5012 2623 1585 4004 3084 3827 2885 1829 5036 2221 6736 6428 4655 659 6467 5876 3887 5588 5680 4265 4627 2853 4522 3888 1078 6845 7624 5054 6257 2373 4034 7565 1358 844 1101 3958 886 7752 6552 1799 650 7683 4910 4430 1844 5645 711 4440 5231 317 1556 
5011 5424 6308 1405 1359 238 7501 1819 6066 5299 3235 2742 1031 5123 5353 4968 279 5381 7779 4645 6717 4866 1929 5882 6579 5694 1270 7288 859 2747 388 6937 575 7478 3584 5885 4885 5029 2487 2492 2192 6740 186 7740 1022 150 5426 7656 1145 1874 6383 3985 3205 6496 7263 1435 6896 6516 6922 3690 6192 4805 4286 1475 7756 1500 7695 2026 7503 7882 3947 4939 1651 1367 4762 2593 5942 50 7782 4949 4273 6251 7115 2929 7509 3989 6431 3104 7133 4933 4719 6441 2086 7116 253 5571 3321 1120 7435 5033 7817 1372 1901 3757 357 6444 3024 88 4204 195 1185 511 5325 6196 6294 7640 6967 3142 966 7380 7109 7280 
7076 7141 874 7371 2414 3660 4014 172 5843 3489 3662 3463 382 1503 6140 1870 2639 4475 2541 1208 5102 1269 2073 639 3983 916 6344 7408 6816 4400 1863 4163 7245 4292 873 1286 6596 5737 1403 68 2433 4434 368 250 786 1127 7176 2681 5258 203 5662 6206 3007 6437 5808 2889 4680 6457 4082 2122 2799 3328 7375 5793 1738 5031 2242 1491 3592 2867 884 3591 42 405 2225 1662 4225 3930 6430 76 3516 3221 2436 2988 7015 6289 937 2632 3871 3357 3963 5084 228 213 3331 7059 2809 3320 4405 6965 6749 4153 7456 2184 3789 1025 7511 21 5197 6741 3073 7522 4664 6921 5113 7921 1242 2127 7258 4448 6668 3189 
704 999 1943 998 5948 1877 1007 7143 7424 5418 867 4846 5027 897 5589 7713 4947 3531 3080 3367 6223 6769 5340 2167 2565 4822 4114 4397 633 3158 92 7291 5875 7006 5413 6475 6062 7185 4734 4498 164 6386 191 2004 5198 3677 7925 7748 6221 2869 5485 6438 3492 7491 4836 5170 2843 5806 5229 7858 6865 6763 1081 7459 6664 1318 2057 5008 2027 3447 7472 4393 885 4918 3401 5035 1821 2396 6001 7341 7830 1249 759 5759 6039 5656 3769 3980 7284 1551 5348 1908 528 4168 5840 4122 2794 489 2790 3119 4733 5467 3486 7213 334 4152 2614 4985 2835 16 6630 3225 383 2802 2896 6932 5923 7692 1254 2146 947 7935 4194 2045 
5070 1411 1051 3653 645 3896 2246 7029 4474 3825 7855 2126 240 4827 5082 4984 4437 4783 3937 6679 6710 1682 1643 5436 808 2490 90 267 7762 742 3278 7596 929 2807 162 5239 6773 6123 3613 7067 2465 6300 5052 7622 4411 1368 2563 6345 6227 3813 5106 6792 6910 163 2928 3703 5860 2379 2987 3164 5346 7587 3330 2634 6555 7198 4849 3560 1609 5042 4509 1989 5007 434 69 2412 3001 684 5995 4832 2621 6129 7697 2435 4151 1038 6500 2162 3047 6753 5404 1808 5444 7299 3634 6310 1867 6600 6602 5582 747 2245 6336 3857 3132 2186 2378 4485 1122 2989 4502 2011 3671 5162 726 983 2104 436 6942 5433 3864 629 4851 7275 
5955 4008 7960 7724 5358 3542 4492 4238 2663 417 4781 1326 3603 4584 7654 425 463 3944 7602 7859 7307 6531 2462 1859 5884 810 6933 385 4518 4045 2804 2452 6288 5059 1873 4104 6003 2109 6654 7797 2229 2170 3785 5651 1743 4726 1048 7117 7401 6691 1599 3741 1128 706 5139 7294 3079 6968 6084 360 3033 1178 7525 2766 7444 2321 6864 7906 4747 110 735 5389 4360 6575 18 3818 7813 2241 3183 5833 3242 1357 6726 6364 4983 997 1436 2082 980 524 2488 1687 2693 4205 6490 3238 1468 6112 5074 5500 4347 133 6375 1143 1751 1042 789 2861 709 782 1681 4487 3697 7567 713 1338 4249 7869 6495 5842 7398 5821 3805 5913 3022 
7194 3476 6131 290 5004 3234 4001 1110 6138 2998 712 3648 3721 4593 6480 7661 474 185 4158 1575 4276 2388 3059 480 266 161 5478 7878 328 1093 6169 3750 4102 5285 6655 7068 754 2701 3903 341 2133 4616 5850 3264 2308 83 773 4272 4516 2228 5970 3172 424 2956 5906 6914 6771 5157 2194 1836 622 6860 2792 2301 2944 635 5958 1061 705 3914 4011 3379 312 5219 6372 5470 353 4005 4511 4343 4599 5466 5169 2890 3851 3973 986 1645 4401 5463 3265 6777 7529 2842 6742 5685 2829 7351 1062 1004 4447 7907 4288 1952 4100 3014 4089 5703 2656 5586 6328 6985 5846 678 7211 4582 7216 6491 2894 3976 3010 4170 335 5323 
2946 2945 408 3830 6780 2650 5594 1523 7305 4533 6256 2250 2362 5019 1774 1955 7483 7601 40 574 2350 1053 5535 5241 4315 1407 4724 5006 6620 4173 456 6658 4409 6754 7523 4850 3611 987 3994 2814 6376 7641 5432 35 3404 6284 5046 6400 6413 2803 3866 6285 3928 2748 1980 5402 4164 4871 1626 1814 505 3112 5826 2227 6829 2879 696 7716 105 3195 5533 2664 4552 2787 4884 5796 3822 5060 1748 7150 7499 2209 7715 2561 4038 4626 4982 6004 445 6201 1010 7412 2858 3459 1827 3389 7196 450 378 6202 5270 2784 510 1099 5498 491 3361 2974 5053 2957 5611 5320 1999 3861 4467 7233 4873 4755 7653 6962 906 5385 2416 4332 1769 4065 3186 3296 2654 6823 4935 84 7177 4998 1688 6692 3179 877 5605 1708 5986 5758 7352 5658 197 5917 6987 5748 5744 118 4242 1569 7041 2413 5761 1472 4638 7136 1864 6447 6456 482 4703 5663 6694 6279 1159 4876 4671 230 287 2081 6820 4713 4088 4880 5109 2177 3484 5822 442 3923 1478 6137 2555 1181 2340 241 4371 1733 3081 2493 7376 1667 2212 1244 4900 2732 4759 7162 6217 5055 6707 1488 1240 2206 249 554 652 4035 3791 393 1065 7591 7317 6276 7850 3319 3503 2872 2365 4738 2125 4074 5606 4760 5134 3563 2500 239 591 
7548 7547 2002 762 2716 6958 1116 6079 461 4427 3293 6728 7188 5314 4547 5595 4429 421 2903 2941 7534 3249 397 5338 926 2586 7711 323 2545 2608 720 5617 55 7269 5692 3701 2744 5086 3640 3000 915 779 5930 4704 2685 2115 2077 6108 1332 7465 3630 7703 5105 5344 6583 2935 270 1755 5992 1224 3289 7360 5003 342 932 7363 6890 2820 4530 7480 1366 3350 4793 309 7089 6735 1430 7597 7381 1600 5924 4503 1558 3094 4267 4562 399 5216 7322 6699 4903 3400 3310 3159 5911 2071 2266 6842 6745 439 4929 3513 4167 6871 7866 3374 3243 4706 340 7962 3252 2504 6476 6869 1791 4404 1856 7214 5202 3650 2916 7923 6010 5168 1850 3458 3679 3655 2554 5723 8 5309 6246 7728 943 5112 5160 2044 7402 7863 6525 5345 965 2849 5287 4481 3567 2572 2210 6130 2159 5130 2631 7514 4181 6746 6585 4140 3362 5858 2470 493 3126 3517 1982 5116 3051 4637 4186 2180 3845 7257 6104 5110 5099 611 7105 6810 4859 3614 265 4113 7161 6562 6080 2550 5151 2257 6224 4367 2973 7001 1043 3730 4700 1608 6512 1810 2399 2677 7473 5922 7801 6906 3156 4548 2265 6176 2658 3364 5745 7751 5964 4454 4902 6277 452 7945 6505 3579 2542 2163 5988 3858 5468 5547 608 6621 3604 1417 2035 5509 
7253 6899 1352 2886 5010 5188 2001 5718 4414 7836 1949 1052 6597 992 7241 344 108 6966 2821 285 3548 6426 6872 1229 1695 6127 2364 3906 6356 1070 7228 6354 4999 7890 5220 2698 3452 1164 7366 6282 2372 3568 3037 6946 122 5635 4160 6009 4099 6225 2449 5577 1211 3276 6698 1155 1273 6524 7290 1862 1685 5874 4694 4233 7301 6593 4413 6416 460 1049 5356 4766 4198 6182 2846 6327 3527 1956 223 2138 6713 3664 3433 4777 1060 5729 7637 3774 5041 7707 6632 3723 4967 6278 4727 7045 1781 4352 5524 3913 6029 1807 7904 2089 3488 1381 4432 976 5847 2371 6497 2805 2735 3842 4274 4862 4345 6187 7538 1967 4476 5916 6018 1629 2477 4477 7118 86 3919 7739 3598 6340 1881 6012 3828 3266 7691 6650 4189 4323 315 6393 111 2269 5556 3202 7513 7190 7535 3245 4245 1138 3095 530 3207 1104 4328 5781 2381 6128 4172 3533 5448 6548 1115 2160 6684 5632 3498 3239 5094 3062 5807 263 2090 971 5802 1913 288 2144 5149 2101 5630 4863 3355 7270 3993 595 5092 4936 3167 4228 4915 949 1655 1948 3875 6200 7769 7811 4920 2046 6099 5881 737 3799 7449 3130 1911 6825 1771 2260 3376 4346 7793 1775 5998 7685 2361 7102 2019 5960 5 1714 1419 2955 5441 2972 1203 4607 2931 5526 1537 3333 5079 237 5266 
2297 7252 2296 4597 349 939 4486 1234 343 7849 4060 5483 539 1347 893 6013 1595 5005 5135 4663 3194 5831 2014 5489 7521 3465 1385 1518 692 1872 1937 1400 5766 749 5300 5794 5196 2313 3052 1892 6540 5242 6186 7051 6481 1387 3216 476 3413 3406 562 4043 2332 1745 1037 7821 22 4046 2275 4282 4872 7880 23 3938 506 2099 7186 1817 2761 5593 6242 5002 7389 2760 2197 3200 781 427 1661 7266 5147 4670 5203 1009 15 1501 7466 5513 7028 420 5111 6350 955 7951 1068 7455 5376 4786 7479 5262 4613 1250 7603 5434 3046 5578 4647 6752 2417 7517 271 833 3066 386 2942 7926 222 4693 3755 1527 3255 1392 7805 5386 1806 4817 5640 3532 6587 4054 4334 1923 3852 1384 3550 4037 5621 531 4917 6397 2429 6220 4304 6761 56 3415 3405 2360 2200 1409 1255 7100 3148 3106 7900 6972 4206 4063 2793 691 1174 665 6281 864 6382 2085 3036 3339 6719 1426 6687 4874 2117 3835 4758 2341 5824 3329 3360 590 4207 6731 3166 4674 5207 2330 475 58 2400 1321 7533 1962 6047 5016 6213 7043 1497 5901 2796 7331 7929 3798 2965 275 5077 3437 7022 376 3612 4076 2850 2791 5999 4856 7044 1183 4229 2963 4131 3378 5372 2953 6208 4784 7002 5333 4030 4143 1091 4133 5929 5349 4110 
3831 4067 6722 1300 4302 2290 5542 2880 3719 7069 4899 6427 3426 3471 6852 1406 7248 299 6020 7025 4527 7180 6185 7639 345 2958 1066 6990 5943 7800 661 5476 5825 3670 520 7477 6592 3649 5705 4468 994 6421 4335 3050 1112 6813 5853 3747 5530 6520 6875 6048 7347 7173 7586 1919 5343 682 2983 387 3810 7950 5521 6121 1283 6770 3705 7658 7481 2584 5560 5652 5024 7330 776 2428 7126 6949 4611 3018 5316 3055 245 3926 891 2253 6653 6101 1776 260 3290 871 1678 4567 5435 3538 7099 660 7845 7386 7276 1853 432 909 3749 1402 7078 3054 3408 273 3075 1749 7058 4870 2042 6924 2262 995 589 6702 1336 497 59 5068 4773 1770 3474 1172 2048 7903 7767 7160 1531 2284 5455 7175 3641 4950 2503 5405 708 6959 1669 5969 3796 4907 2884 868 4835 7646 687 5740 2808 3206 2529 6407 4814 3061 6821 1087 3110 6451 6515 6978 333 5186 4301 2975 6424 6135 1114 4717 6254 2825 6530 1888 7080 617 6565 1940 7354 3794 4896 4071 4320 495 3267 5382 318 6023 5505 5667 6682 1456 7201 7474 6572 807 7671 3499 2432 3897 785 98 4507 4572 1598 6394 1792 1262 6727 5155 1716 5280 7178 4974 1032 300 2611 6849 7887 1891 1493 2695 6078 4926 2743 1969 2920 121 1549 4513 1490 1809 14 
1707 2887 1706 5659 7842 1471 7790 6840 1302 2119 3070 2349 3883 3780 716 7379 1365 1837 5961 543 4651 2836 7851 4256 1811 4606 751 4940 120 7829 638 7888 286 1424 3767 4938 3847 1223 6022 2460 1621 6177 3170 3098 4702 7877 7524 3570 4868 6461 6580 5754 7526 446 2040 7055 1686 3219 4528 6819 2758 7065 6180 4882 7599 2643 5118 7009 4970 2610 5914 3259 1784 2841 4906 3763 2369 7243 7938 2964 4085 7681 4339 6122 2268 804 6535 116 4975 2367 4608 5519 793 7432 3100 1532 2131 5839 504 5788 1802 6260 1914 6758 4141 4621 2181 2497 7289 5347 2548 6854 3694 2426 5820 7840 7610 2589 2652 6156 2357 6054 1880 1274 7864 3575 1620 1533 7046 6961 2676 5335 5984 1517 3432 1266 4542 3792 305 7931 6366 101 7400 7611 7883 4559 7236 3894 5175 3287 6102 5009 5051 4922 4032 6216 5643 5910 5267 3786 2478 7138 471 3088 5268 7315 6569 499 5095 3519 2926 1432 7518 7941 7097 233 566 6601 1311 5615 4858 5657 2576 6559 5787 6709 962 6503 3496 3853 3226 7142 5575 4017 4211 7447 1337 2243 6019 6571 3444 3956 7496 3895 4308 5752 6873 6926 6765 5173 1868 6519 1563 2904 630 4506 5038 3740 3090 7296 485 2552 4251 3285 1498 2719 2382 4742 3086 2845 7557 7356 6748 1161 81 1986 359 
3477 4952 2768 5364 6604 3712 7023 2008 7147 2827 7436 6302 7895 5181 6905 4134 4125 3707 5482 2781 526 6716 2934 581 1184 1782 5182 7049 71 7564 1133 2526 5412 1761 1171 3295 6518 4881 3257 1192 7359 4879 1074 4986 738 4732 1938 4791 2273 227 189 2213 5281 2686 1509 2276 7822 741 5816 6229 3466 1922 2050 1050 5649 3761 1227 3292 5180 1489 1816 3849 6381 6794 4675 6527 6268 3495 7571 4080 4980 2012 6404 1481 70 3428 7420 6627 656 2248 319 1540 6280 1984 7040 7348 3783 1886 3892 332 5257 7125 6634 5414 3518 2751 2097 5308 5867 2780 6573 4108 563 1190 1315 5032 196 1705 115 4595 1767 4342 1673 5936 6045 4227 1512 4953 5425 6171 2706 7358 6836 6945 7898 4188 5862 5487 6330 724 2218 1795 5171 969 7721 3390 5779 6097 3635 2950 1079 5484 2514 7031 2859 6119 961 912 3534 5438 7267 7313 2075 6802 4660 964 4854 2107 7369 6526 610 4855 2783 1437 1946 5626 4891 246 900 4865 603 294 5981 7581 3199 298 2892 3083 4561 1712 2142 3150 4723 5089 2306 6082 6293 74 414 827 2517 4819 1675 6925 1535 5332 6116 1252 1847 3954 654 1858 5457 7860 3777 6788 4329 2139 7574 6432 1547 5805 2389 770 6255 5693 5623 772 310 1316 1195 3327 6036 
1353 2651 2710 1589 1772 3948 2762 6846 1713 6125 2718 1701 362 1228 4722 6492 7497 1719 2645 6616 5731 7438 6833 854 3607 1820 7084 2018 7934 5912 3353 5646 1754 5890 6008 6649 4003 6295 1577 2351 3708 2785 7405 5576 6472 1916 7229 5399 1466 4278 4807 2093 513 3217 4517 7940 5226 6049 1272 5167 2394 7183 1401 457 2806 4941 1696 7776 7127 4059 4000 7304 1843 5678 2251 6917 4262 5179 3844 6204 4439 6870 2633 2456 6232 668 7761 470 2484 1835 1973 3223 3193 2485 4023 2317 1663 4385 3782 3041 1263 1258 4883 1423 2712 6791 3854 4213 5081 6114 2084 7605 6042 7627 1373 48 681 373 3599 1926 2278 1298 2606 2648 7234 4837 2530 729 316 3616 6349 5302 2690 2016 2293 4585 449 927 3683 4560 6222 6469 3169 5189 1576 4948 7056 569 7785 4795 5276 728 4619 5743 3904 4756 5101 1146 5271 2870 1677 1416 488 3261 5272 5717 6270 5994 4602 3508 2395 177 6271 5774 6805 4463 5681 6688 5647 3034 5516 3346 5125 6574 5274 1072 6997 967 7329 6342 5384 2678 1219 4322 5804 5585 5451 959 2255 7747 3250 5915 3071 7119 4794 4684 7279 157 1301 3258 6808 1793 3366 1596 3246 5762 4701 3097 4583 3617 2070 6766 4808 4093 3274 3482 5800 3027 7334 4395 4389 5628 5665 4546 3555 34 1960 5443 
409 3123 6663 4420 2939 3470 5017 4237 6072 1759 4945 7777 0 403 5023 757 2881 6657 1878 3485 4534 3253 1664 6553 2932 4230 1680 1642 1601 7816 6907 4909 2187 5410 7462 277 5751 3876 1546 2329 5714 5967 6992 325 4673 1329 4770 5301 4515 5971 1506 6415 5440 4691 3807 7172 4222 4930 6111 2688 4931 1627 4635 2876 7832 6534 2463 7717 4823 1522 3528 3056 283 4316 422 6359 1993 5710 7856 6440 6558 6445 6563 6851 2515 3074 7530 7235 6016 5342 917 4377 3901 7053 7795 1992 3762 6948 5642 4921 1322 4609 2961 4444 4875 6265 2143 1541 5650 6594 281 7249 7663 6463 5394 6560 809 7573 616 1866 5979 7670 1334 7223 3668 6923 7680 466 2949 1511 7057 5422 5897 6506 7208 3270 4327 5817 465 3711 1275 3163 5479 3144 1679 160 3742 4618 4070 5674 3561 374 7021 5143 153 4452 6718 4092 5720 4150 472 7372 261 5834 2123 6723 3893 996 7309 6882 1930 5809 5546 2134 960 1452 3089 2121 1441 2176 6785 1905 607 2175 1842 4894 7107 865 4749 6824 1906 2088 2930 4961 4369 1893 1124 7199 1386 2625 6729 4937 4544 4384 536 5679 7911 6867 6449 6331 3260 377 3580 6513 5273 3381 2788 5037 5492 6031 477 907 6272 431 6411 6739 5785 2420 7321 4271 2009 7555 1691 1102 5075 3975 7803 7061 
2769 1294 4538 7017 7246 7541 6721 5063 297 834 1169 1778 2722 6184 7678 6433 4415 5949 6538 1418 4138 7896 5668 1015 4252 6199 559 4311 6730 7838 699 4407 3826 758 2882 6325 5810 2069 2272 856 6767 4120 1752 6061 2233 4761 3139 4396 5812 3275 795 4112 2390 2745 7231 5813 6757 3691 5049 1803 6996 3574 6346 5697 3809 5236 1096 2345 1345 2289 7422 3646 4177 7507 658 1167 899 7915 5265 481 6032 2551 4176 7563 5375 4962 6147 5907 727 5565 686 7917 3808 5026 5406 2189 2622 3800 5865 2287 3105 5637 3606 3998 483 7340 1953 5506 3133 7007 7562 7774 3972 5100 361 6809 2000 6606 5624 1762 5390 1630 2811 4668 1180 2588 4804 7225 1764 2848 4425 80 4029 1614 6903 2907 7781 5952 7197 3388 2183 7750 2874 2665 5040 5504 6333 451 1904 1587 5699 7551 5208 194 4966 2967 707 744 7310 2258 7549 4581 836 2472 5127 1083 7367 3162 5293 6483 6274 1469 5573 3793 5598 6843 746 3065 6841 5641 6605 3120 6077 2166 2041 5715 6549 2855 1445 888 2737 4266 1299 72 1539 3032 7179 4388 1729 1136 6165 7498 12 5608 6387 5704 806 7575 2458 898 5291 6696 3510 5020 3639 7508 2909 2786 206 7168 99 1144 7098 3215 7693 4631 5232 1431 5903 6158 7036 1202 6352 7870 7629 7081 4853 1257 1950 5103 
4539 5660 1117 585 3890 1175 3535 7206 2657 3824 415 4296 5902 3358 1011 1288 303 6317 653 2539 1833 2480 4433 6775 3961 6734 7387 7182 1597 2696 6894 4514 4142 3286 3371 3412 7897 3863 6236 985 4319 6944 1605 2991 6474 7818 3511 1457 4820 4632 1801 1683 1860 1331 148 4989 7113 4458 6523 1342 6759 7419 3160 988 4469 5177 3230 578 7244 1312 4412 2256 7539 5946 7861 3082 6263 953 6971 363 282 155 1619 2915 7163 4314 3682 6396 542 1166 4482 2325 3918 5152 2405 837 5983 4451 4255 2733 1650 7812 5675 5919 3277 1296 2674 1473 4845 529 391 2877 3311 7820 2352 7844 6881 7215 1604 5066 4745 6941 5591 4090 6399 1485 2385 4483 938 783 1728 7164 5421 2971 5545 826 1690 1333 7531 1652 469 54 6743 2300 6195 410 2495 5782 567 6307 6060 3768 4955 464 7632 1443 4299 2534 1592 2966 6473 6093 3506 4157 1295 702 7326 198 6113 6837 3237 3026 4166 7649 4712 6584 4109 5566 1118 5689 5126 802 1510 514 5797 292 7553 5153 5564 1615 3204 4325 721 6040 6857 2715 984 1084 3107 1734 426 7730 619 3600 7506 7297 957 5918 6866 6611 5339 7734 2271 4959 1976 4497 662 3317 355 7085 2434 4489 5429 866 7744 3263 5148 2753 2424 7319 4620 553 6149 3779 1889 7673 2024 5315 6975 
881 7843 3300 5600 467 38 402 3889 756 6361 3011 3588 5541 7318 2421 1936 7239 7910 4061 838 2532 3884 876 2283 7151 7003 366 6974 7720 395 7770 6435 3198 1420 5963 6266 4298 5676 5259 1800 3332 384 2195 3177 2626 2862 2922 218 6422 6166 680 5636 7409 3984 919 4990 3514 3868 5403 5459 1567 3397 339 1921 5993 2938 3407 5947 401 224 5061 4589 717 7325 2020 459 3173 3136 5791 1961 835 518 1186 7755 7794 824 2312 5532 1815 91 4390 4600 7512 5683 1389 6429 3724 5886 4196 262 1920 4280 3636 6088 4923 175 3315 1560 4136 3991 3197 479 2202 1612 4521 1440 5873 6178 2765 3846 365 7933 1947 1972 5119 5243 4741 1495 7181 1197 3342 895 818 3651 4247 4402 2682 1474 6930 4501 1002 4068 7705 4039 750 2235 6237 7745 1985 7374 4358 1000 174 5278 7431 5883 351 6174 4478 3737 3624 936 6087 5857 3414 7090 7413 204 274 5892 3283 3491 4183 3078 3738 2824 5700 4681 6487 5158 1746 5567 2124 5133 4697 646 1467 4091 289 1910 4129 4096 3326 5096 2324 7286 5880 1193 2188 5195 7791 5172 7060 7612 1830 1594 3048 3746 4013 7570 4877 7262 2129 6436 6680 7024 5488 4135 7516 4086 6493 5561 5569 7862 3680 3917 2164 372 1740 1434 2601 2281 672 4676 2847 6141 3739 6706 7651 7154 5313 4072 