144
0 1562 1135 3035 1541 2548 2252 337 3693 643 2035 1716 
1005 4 1720 1625 3782 1899 1305 312 2832 2555 689 
1149 1601 73 2433 3389 2249 144 2700 2143 2242 464 921 1476 1202 
3247 2919 68 1807 445 1187 314 2478 2123 3936 508 2914 1042 
736 1007 663 1802 2161 3192 1561 6 1141 3651 3378 3445 
356 1459 2723 3066 1560 1237 2043 2456 305 691 2382 2989 
1975 2034 540 203 214 2948 3690 2135 1259 1416 761 3272 3423 
3922 3686 3495 2746 242 2923 3724 3915 18 1590 381 1667 
205 2447 1189 209 142 2277 3945 448 1964 357 2281 
2860 972 1253 368 47 2426 3749 2359 347 820 3624 1657 1397 
2270 3568 2546 1735 1781 686 360 348 788 2247 12 
1916 2605 2687 3105 2957 2498 41 2842 197 2833 2802 
1798 2132 3790 3754 3872 2207 1668 2354 145 2623 2198 3201 
1857 3273 1784 2156 2320 1035 2300 1652 2398 582 1965 216 
1680 653 3023 958 2738 3311 2810 1886 2412 423 3722 1080 
3096 599 3920 1265 432 429 1256 3360 3238 3191 3781 
2093 1385 2900 942 1225 2311 2530 648 912 1008 2304 
87 3863 2610 2327 681 981 3025 3894 1443 177 2872 3558 
1267 2427 422 2274 3918 3507 2263 1142 803 3582 2656 3319 
1326 840 3656 1271 1281 851 647 2693 1606 1498 
1739 3195 627 1158 1199 2830 1688 1239 311 3103 3081 2375 
2388 2015 1566 3223 1600 2278 3342 3776 2457 1608 1497 
3037 3200 504 3420 1276 3606 1592 3290 253 1334 1219 1379 
3804 299 2152 2487 2515 2974 1840 287 138 794 390 1773 3486 
828 1896 227 1407 304 557 3859 2956 50 587 2000 174 3635 3746 2212 1611 
2185 3135 3817 661 1838 1979 439 740 576 1704 1231 2652 3221 3563 3425 1842 
1418 1420 1503 1248 1040 3218 2358 3952 399 3481 154 2770 807 3799 2257 
3365 3013 323 717 852 2771 1486 2370 2402 261 2562 906 1948 97 1085 
474 2187 987 2079 953 2102 2856 175 234 3752 3801 920 2859 3717 1077 3484 
887 1715 3708 3490 498 1166 2476 2692 2353 2505 3506 3700 554 652 2365 
3627 2698 264 2251 327 3387 734 2038 1201 2534 3498 2713 2188 1665 3204 
2539 480 500 1779 1153 3184 3821 3094 1828 2675 2435 1078 2576 1198 967 
2598 1011 1543 3844 1324 850 824 3045 1669 1550 937 407 1456 2552 
1359 3544 604 2787 1440 2485 3125 479 1673 1763 1469 2908 1962 2695 
651 657 867 3785 2712 31 1709 104 2357 2494 1233 777 3196 3923 3083 3381 
2329 2211 1961 3951 2122 2504 2805 3036 2326 1989 3634 608 2990 2684 
1595 2423 382 3549 2451 1619 2995 295 861 2929 1409 193 532 3265 3521 
2506 146 2669 1591 2004 2653 2269 386 1491 294 2811 308 3031 355 
3332 1066 2941 1371 3431 3513 656 1855 434 1586 118 3655 3673 2906 3718 
2008 2014 2074 2728 1973 1330 2661 3446 257 438 765 2942 369 1327 1370 
3450 618 1130 1425 509 597 1394 584 746 2117 3714 959 1830 789 
2126 854 191 1484 3867 2110 3774 2499 980 2075 885 841 2909 3614 
3214 913 899 3931 2443 3800 1703 3224 1999 3331 1882 2424 5 3246 
795 3485 559 1489 858 529 2902 3947 573 1585 3711 1114 2619 3150 2847 
297 2683 581 658 883 2510 7 917 642 2573 707 2140 1712 2245 
3745 3155 781 1607 1389 32 1599 378 2121 2208 3533 2730 3757 2979 1004 
3542 303 2374 722 262 706 3341 3264 2298 2322 1367 3599 3798 3857 
2421 834 3548 2233 2315 2333 2240 1579 3715 2162 1377 548 659 2717 3048 
37 3430 126 40 1053 481 1630 3379 845 496 660 842 583 3919 1554 3399 3095 3779 2319 254 
710 1774 2545 3788 1046 3849 321 2386 2072 2784 793 2293 1705 2118 2547 1496 1646 3580 2955 747 
2716 3725 1171 3876 835 2197 2563 3130 1992 2430 3269 373 1687 3812 1957 895 1098 907 217 99 
1831 2781 3937 1230 2020 2133 1737 3138 1422 1027 1190 469 3792 288 2218 3727 3326 3504 3680 
3300 3299 3293 2403 3903 1194 1206 1925 70 555 786 1180 2090 615 2440 2647 2176 3090 924 629 
1654 1660 749 362 3372 1076 3400 3939 3741 2751 33 961 1982 625 488 2316 2599 796 
3595 2069 2077 3253 3 2905 2445 2248 1001 3459 2294 1121 292 996 2200 2690 64 3735 2658 
3129 2191 1813 699 2846 3254 2097 1835 2733 1081 1255 48 2986 171 3519 827 3482 2737 
1536 1538 1693 3670 545 83 3007 302 2666 3159 3946 46 2085 112 547 1856 2222 3496 2660 
3483 598 758 631 127 2841 2384 332 3054 1659 922 2337 1677 787 965 75 1849 2340 536 1594 
3837 1306 1988 1444 3136 2502 1094 1789 538 1612 1974 2671 156 2617 59 1059 2324 1775 671 
2775 2777 1 928 3082 2299 3282 2740 1368 3019 95 1767 1452 3658 44 768 3907 
3660 3313 185 218 1112 3077 1430 1945 2961 2679 3205 2638 315 552 2210 3593 3815 1242 3600 
415 417 1184 1208 1366 3436 3538 2202 2839 2396 1290 2436 995 3460 3280 88 1311 3385 
1772 1778 1997 159 3318 2192 3636 1186 694 3559 45 825 868 846 3803 2985 2163 2105 1655 
2651 2650 122 3111 1518 486 1689 791 255 1376 1292 1138 1510 2853 2042 2829 3520 591 1834 
1300 1302 2755 456 2469 1902 3726 614 1482 352 3251 2514 26 864 3828 230 16 603 3285 
2067 2073 3367 2934 1956 3141 2569 293 2091 306 3034 2536 176 2888 3491 669 2314 966 2625 
592 594 3118 1221 2964 3554 2089 1127 2561 3618 333 2100 3029 2475 960 1020 1136 2080 2483 
1477 1483 1723 1400 3608 2782 1145 1448 1532 2032 1569 1736 607 610 2554 370 190 1262 3602 
3011 2368 2816 1031 3667 1678 1381 2012 542 2169 351 836 2589 1436 2631 3756 3027 2854 
533 535 1597 2047 1897 1984 3243 260 2063 1119 641 3637 1513 528 2389 770 3024 
1182 2958 2541 1636 3672 2681 391 2220 3880 3762 1495 1266 2221 964 1727 744 475 865 2481 
1064 3843 100 2862 1661 2551 1571 1402 812 884 3060 2116 3355 701 3596 98 1574 3816 
2061 771 1228 2528 1938 307 3295 3219 1312 3574 1676 3572 2312 3113 3252 3256 3398 2203 8 2907 3421 1613 1061 1419 2083 3284 334 
527 526 933 934 633 207 3288 2689 2450 1036 1383 268 3016 437 3802 2936 1249 3929 1196 3623 1839 1913 3266 3386 416 3248 1906 
2303 3594 1760 3198 2645 926 1362 2165 211 1745 3278 968 1204 1697 2438 2397 2295 3067 2870 3162 1791 411 3609 2794 3262 1209 1358 2951 1847 
1123 1125 3884 3729 3589 1859 3908 3455 1627 470 3033 3795 2915 3813 2376 252 1533 53 3152 2005 1812 2800 2611 3687 1244 180 3732 
2480 2482 948 2726 869 2018 742 2037 2040 2594 3682 3315 3677 3467 2395 1069 2648 2874 1728 818 1822 760 376 324 3071 178 1320 
1648 1647 3190 476 2283 336 3581 186 2807 1096 1768 1178 3605 2261 1907 2387 3575 1947 49 3557 3565 2280 764 1750 200 1633 1021 3730 
940 939 1542 1188 838 974 1666 3751 1602 675 1132 1473 3212 3051 380 1218 3860 1357 1277 2971 2772 1986 2491 3156 501 
769 775 2718 720 3059 798 800 2924 563 28 2607 950 3336 1662 882 3416 3886 927 2944 1651 405 490 3260 2577 3720 
2474 2473 1892 1282 3000 3590 3377 3101 1012 2148 1461 1317 3448 1205 236 272 2750 2911 2943 1915 3296 2550 667 2972 829 
61 2659 3642 3944 3885 1634 3613 3042 1212 1088 184 2076 1895 3597 2343 256 3696 3910 1100 566 3852 1072 890 3934 831 3097 2045 
3306 3312 2250 3760 3021 2637 2 1922 3892 2620 400 930 517 1392 3728 2159 56 2885 2219 1806 2134 1240 3933 2011 81 2422 
3778 3902 1164 1931 1525 1548 1863 3691 3328 2268 1658 2898 3429 2131 2284 2455 139 3709 1738 3508 2672 3561 3392 3140 1313 3108 2736 
1713 1955 3640 3412 1900 338 2369 2256 1803 1017 616 1874 85 2851 3930 1157 2317 1172 2236 2225 1426 3475 672 2184 595 3107 1724 
3070 3076 1051 71 425 9 2959 505 588 2799 833 1258 52 2279 365 1747 2092 1780 3362 2057 523 3443 3895 3897 1445 3697 
1058 1057 3666 1664 279 776 2138 1213 3926 1453 2484 2792 1322 1009 3030 2529 1215 685 3143 3615 3474 3604 1960 3142 157 3451 
3188 3194 2895 2468 1269 132 3868 2417 970 2308 2662 2779 753 1177 2616 3002 792 1323 1517 2059 364 2673 1969 2434 317 
3719 1247 1424 3826 1369 2492 1567 363 201 3408 951 635 1029 2520 134 3277 1432 936 3044 2825 1087 296 74 3444 3621 
1949 1951 2899 3334 2173 2174 1843 860 1307 3041 976 2367 3231 458 1679 2883 1131 2852 541 3871 1555 1610 3255 1084 251 3562 3622 
1890 1833 402 3170 55 894 3731 3361 804 340 243 2720 3302 3325 1551 2416 2062 1787 1823 2044 2302 3739 3208 1889 3014 
3424 3426 3839 2696 876 2460 2428 3259 3743 2615 863 892 2352 979 3419 2848 705 944 110 3244 487 2791 359 3791 1903 
1241 63 285 1479 345 245 2664 2574 3395 1815 91 3846 1672 1238 2849 938 2950 2992 1898 1115 3875 3543 57 1552 
409 408 3017 2292 89 1725 2310 1147 2928 3075 774 1427 320 805 2590 1408 2916 3093 3768 372 11 136 2070 1751 
2657 2663 2364 220 168 427 1071 1796 3566 2366 3146 1099 911 2380 1983 809 617 1336 1850 2798 3437 1891 2007 2129 1478 
3896 3898 1656 3236 344 738 3018 309 1507 1684 2307 3546 3610 2418 3065 2632 3009 1746 1762 2707 2033 3301 1025 82 485 726 
2415 1090 2821 712 875 3177 574 1328 366 149 3810 30 870 873 2168 1757 2877 3526 1912 3904 2318 1500 589 3329 733 724 2706 3169 3261 2965 258 2931 2635 3333 3461 
1471 1470 1116 3235 3347 1990 3168 2549 1446 2391 2394 2983 2935 24 519 518 2969 1866 1861 1107 1531 3314 530 2891 2588 982 3211 3626 1104 1844 1504 866 2255 1869 3503 
232 179 1837 39 698 2903 1398 2686 2865 1921 1165 2640 3469 2642 3586 2497 963 3151 2622 3026 2749 1393 1097 670 2734 1864 1039 2243 839 2500 249 428 1429 
1884 1883 1877 1110 167 3080 484 3865 1082 444 1273 3938 3941 342 3055 990 137 3854 568 2181 1295 2890 2575 2103 3228 3084 3540 274 3287 1556 848 2778 1799 2715 2559 
1943 495 2486 2467 1251 2962 897 502 503 1804 3573 1876 2584 2583 124 955 1958 1022 1200 3357 80 2867 3237 3560 2477 3775 1113 688 2566 1785 313 14 3427 
1412 2893 3721 2764 1365 2685 2921 1851 1978 1388 1390 2404 387 1519 1522 1521 1128 3547 15 2262 2708 1690 1526 3674 2741 1354 2970 1318 2614 2066 3579 367 2265 1927 
3182 238 421 3588 2055 3406 1741 1742 3514 2345 2348 2347 609 1481 3330 3684 715 3415 3304 2579 2960 3932 3163 3685 3449 1653 119 2139 3663 2904 3187 
3890 946 3784 580 1052 2993 1564 250 2335 3348 3351 3350 3913 2674 1068 3370 1926 1179 246 3502 1474 1732 2824 718 354 2437 2597 2518 3209 2186 477 
468 2952 2836 639 3629 2331 620 1683 1686 2627 2630 2453 283 164 129 2189 2190 3428 628 2321 3716 389 802 2789 1485 2124 406 335 1674 1852 900 3149 3912 
3713 3712 67 2521 2254 161 20 35 1154 385 388 398 3527 837 2013 150 3197 684 160 3818 2714 233 482 3432 3183 2953 133 2363 780 1091 549 
881 120 3072 2644 1575 286 856 857 1272 1626 1637 1463 1403 3310 3644 3500 1073 1297 3061 1174 3862 492 700 3207 1888 374 435 2206 1987 1901 3874 2678 
350 3607 2114 244 1546 1223 561 562 1332 1401 2869 2819 2253 3134 2633 2488 558 1159 3008 3523 3576 1315 569 1030 1893 2104 2507 2088 3617 3510 
999 2244 1523 343 2600 3050 2803 2804 2098 446 2817 1501 3564 3763 3369 3842 3808 3911 3363 1384 471 2665 2444 2419 3464 3556 1563 147 2282 3659 2896 265 
3831 3830 3824 3131 521 2991 1105 3393 3394 3397 2629 2157 1217 754 2346 3172 2889 2381 322 3870 590 847 3388 472 3668 1056 3769 3435 593 1616 984 77 192 
3005 3004 3308 1641 2586 3452 3630 3257 3337 2276 1578 1581 1580 3900 3374 3092 2130 2259 879 1222 2949 783 2336 2966 1045 3203 259 654 3794 785 3402 241 
3241 3240 3234 38 697 1280 441 2095 2213 2214 2217 270 1971 3164 871 2025 1558 2864 3062 2606 3501 1821 1908 3827 3829 3239 3550 1539 2496 131 2087 3343 844 
2592 2591 2585 2940 1841 522 2509 2511 3161 2570 2987 3861 1545 27 2338 1710 1492 1829 2739 42 3339 2593 1871 687 379 393 2729 3086 2920 3327 3274 
1530 2362 1243 3465 1820 2978 1192 3748 93 2925 2266 1414 1671 1836 2215 2209 1207 2041 117 94 3383 3222 3202 2339 1023 3499 1681 2153 1910 1303 1832 
1353 1352 1346 1347 830 640 3375 3039 3040 916 2876 2392 622 2523 13 745 3100 1534 2065 1614 3679 2815 3675 1649 2808 2078 3853 3628 3189 731 3250 
3064 3063 3057 2054 751 3878 2580 2136 2981 978 162 3577 1296 3028 2228 1304 1014 1086 76 3683 3401 1805 2553 3534 3442 759 1024 3307 1868 619 3494 2601 3676 
291 290 284 2344 1811 3493 1487 404 2216 329 2535 3695 3901 2017 1604 3551 1148 1291 2596 3891 3380 96 507 1940 2175 1549 664 3864 3671 662 709 
3601 3603 2722 3463 1070 2932 3583 3632 2806 682 319 1853 78 2556 3841 2267 2613 862 263 143 1572 2680 2058 3089 3759 1714 1691 1809 2021 3838 3376 
3418 3417 716 3649 3758 1929 677 2332 2334 1391 1508 1263 1499 601 1776 2150 1777 2628 2385 169 1146 51 1382 1308 3855 2006 1314 2501 1692 1810 1911 1134 1279 
1235 1234 2840 240 1702 130 3511 3512 3515 3276 3279 3289 3292 3291 1520 2425 3505 3454 2595 449 1415 278 1458 2676 271 2180 766 3366 1734 2458 1952 2019 1573 
3477 3476 3470 3942 816 108 810 1406 3847 543 3294 2049 443 679 3338 1155 565 2571 3879 575 2761 2463 2997 2288 3173 2170 17 3382 1355 3433 2258 1711 600 3384 1939 430 1968 1378 3811 3003 3206 1635 1887 3480 2141 1351 3078 2127 3840 3073 1220 2432 2538 3364 3167 1268 2892 3322 1261 2068 
3359 3358 2349 2527 1996 3354 3530 102 1577 3522 248 2565 2390 1210 3633 3456 3160 3643 1932 814 1227 1698 2229 2602 1191 2582 2325 116 2503 1808 3893 877 3356 2564 611 626 1620 1333 3127 3001 1609 1645 2149 2765 3737 728 410 1006 1181 560 678 3555 3305 1032 436 426 3317 1380 723 
1825 1824 2414 3765 2408 3943 3345 3229 2667 1695 3699 1151 1977 148 1801 210 1980 1744 918 1873 1168 3764 2878 2052 2287 1718 1284 1756 1060 1794 2082 2513 2537 1570 1511 3888 1475 3619 1325 1528 2884 1038 3124 3185 3068 1019 3120 2930 1043 957 2164 3698 1455 914 1490 2609 3128 2968 1337 
2533 2532 821 2526 1818 1288 1819 2232 3109 2814 935 690 2639 90 3807 3570 36 3869 22 2227 2879 2230 578 105 282 3020 419 478 222 1494 3723 361 128 1437 1797 1880 54 1156 735 1413 1845 3856 2239 1885 1644 2756 3297 3734 318 2009 973 1733 1018 60 3091 2373 72 383 772 949 2330 
1176 1175 231 815 2290 2178 1701 2342 1959 1754 1428 1800 3806 1152 3158 2099 1568 1449 3761 1224 1404 1286 459 3232 1933 668 3833 2897 732 424 2988 1216 331 3414 3517 878 3887 2151 3165 1559 213 3478 3814 2826 3144 1062 1083 3268 140 947 3545 2420 2855 553 3681 570 2142 3541 511 
3949 3948 762 1588 3352 1464 874 3176 952 893 1752 3139 1466 2272 325 2567 1211 3043 2039 3525 2452 3528 991 1934 3468 3787 420 281 155 1335 1743 1435 2516 1544 1790 3786 524 2691 101 1441 2649 212 1924 3242 3088 1603 1118 1395 1298 962 1316 1139 806 2028 2146 1278 300 2973 3022 2753 3612 1321 
2887 2886 644 2762 1582 992 1878 2999 3371 2785 3701 2744 3335 266 975 741 1981 328 1283 693 3882 932 1226 2465 2379 989 719 3153 3631 2051 1650 1163 1264 1985 215 465 392 3110 3835 1468 2926 187 2977 1946 1795 1593 3447 3439 3368 546 3166 2540 29 1622 1203 1493 1740 1301 2383 2046 
3123 3122 3647 1287 2998 1170 520 817 2705 889 2604 2128 1682 3217 1387 801 2747 1331 2109 2286 3702 106 2289 2938 3645 931 196 537 1617 550 2543 170 1963 433 3321 1881 3873 649 1770 902 3340 3006 2766 3650 1941 1079 3422 708 3303 2719 613 2223 1396 2024 1515 141 1026 571 2845 1434 1183 
3654 3653 2768 2296 1411 2305 3411 2409 2172 1361 1341 1457 2608 2980 2626 3275 3750 2984 1095 224 3410 1640 25 1639 1245 727 2982 2725 3914 1576 1137 413 2101 1502 1846 1467 1944 1173 2439 3742 1749 3845 219 1028 1629 1340 1193 1675 1917 2618 3661 3440 544 2441 3462 3805 1976 2754 
1294 1293 3889 1995 638 3611 3316 3227 1872 1584 985 3747 3552 2096 1565 2512 2154 3571 221 1509 460 2643 1167 3881 1049 1954 3349 188 3046 1638 125 2682 3736 1731 2166 1998 3137 3106 531 3320 3678 2027 1867 901 923 3213 3199 2147 1729 2323 3639 2448 855 1417 2399 1160 983 276 310 
2946 2945 2237 107 3353 1719 1465 2873 3819 1348 3524 403 1605 3925 1092 1447 680 3396 2155 3053 1460 2702 1758 1109 1285 2071 66 3664 183 2641 3585 655 3087 1399 2328 826 1721 3567 3834 489 3121 2016 525 2026 3710 3178 2809 2634 1451 451 1054 3309 2479 1122 3789 3777 737 2459 886 1150 195 908 3263 
645 113 756 3706 2350 3825 1937 2757 1111 797 3531 572 3098 2056 3688 621 1033 1862 269 3230 516 3705 3587 3114 3905 163 1894 2976 1512 1423 904 3079 2697 2411 3832 1631 3921 971 676 135 440 750 2967 2868 3694 3180 375 3516 3032 782 721 2493 1970 2094 1537 2812 1792 1144 2264 534 1950 
822 586 1942 1169 1936 3529 3707 1524 3906 454 3509 277 1918 739 3099 267 624 859 811 3112 2581 3056 3822 695 65 1722 3323 1966 301 843 1048 778 346 1454 2086 3755 3652 1854 2912 289 455 567 941 3641 2767 3458 2793 3738 1375 2271 1257 3038 1421 2861 2668 3258 1726 1126 2677 1252 453 
2710 2709 467 880 3471 2231 2704 3472 1162 2844 2106 2410 515 1643 1015 2167 1329 623 506 3466 23 1106 3115 1875 2171 832 1717 2464 2917 2360 3497 2858 1274 2927 3539 111 2654 493 2064 3324 702 1930 2918 194 2724 2144 412 3773 2788 494 21 2442 2560 1439 945 473 3049 3917 903 2694 
3772 1706 998 1759 3766 181 2351 2882 1310 2508 3216 692 43 395 3866 326 447 1450 919 1755 3646 1935 2111 1344 596 3193 2194 1953 483 2377 1914 2711 853 3578 2773 997 499 2048 3877 954 86 2022 1319 2735 1120 3281 1386 2796 3010 1793 3267 2743 1185 888 2963 121 2517 1299 1124 
2356 2769 2355 2179 585 2309 579 226 3780 1782 2823 1516 2587 2646 915 2688 2393 977 634 1037 637 929 1345 696 1993 401 2371 1250 3074 1827 1442 3625 3441 1694 632 2003 2204 819 2241 1349 2783 2470 1433 510 1002 3657 666 3591 1909 1013 2871 630 3740 1102 2837 1488 3215 3638 512 3909 2636 1016 1063 
763 173 2001 3181 1700 757 808 2519 1289 1761 602 513 1074 358 2745 2449 1506 2275 103 1991 1699 3174 2406 2466 1462 1540 2603 2910 3492 491 3518 1920 3796 3346 3797 3537 84 1232 514 1275 905 3154 606 1786 1356 665 1618 396 3438 2260 1075 3916 3569 3145 3403 2835 2378 2205 1338 612 1195 123 
1707 1117 1529 703 1405 2246 2313 2115 1870 463 3404 1103 2462 1270 3220 1093 2522 457 280 339 1817 872 2701 1553 3703 2838 909 2759 714 273 1010 2572 1753 2107 10 204 2557 2655 2429 115 1374 2193 3793 2901 2031 202 3283 3147 1003 2670 1598 1065 2913 206 1480 1161 2786 2196 182 1788 1438 1858 
2120 1589 2119 172 2939 2763 1583 3434 1229 1642 2372 3052 3391 1621 1505 1623 1685 2748 1034 2699 988 2994 2820 3940 1816 2937 1140 3488 891 3487 1748 2843 2301 153 466 1587 2199 823 2612 1628 330 2234 986 235 1472 3047 2023 198 3733 2177 3457 1055 849 377 3848 2776 2306 1514 2813 3553 713 1254 1670 2795 
2297 1765 2880 2113 1129 2291 3489 3767 1879 956 2226 2624 3157 397 1919 3928 151 3820 1342 2407 165 2524 2760 1108 1663 2721 3665 2030 2544 3479 353 2235 2495 2831 3616 3851 3592 3405 2454 2947 497 674 1865 3186 3744 3770 1372 2361 2029 34 414 62 790 298 1596 1547 2727 431 2125 
3536 2801 3771 349 3648 2881 2954 2742 109 2108 2224 3249 19 3286 2036 3927 3102 564 2758 2050 2112 755 223 577 773 247 1363 3950 3210 896 969 784 551 1527 556 1923 3620 1410 1000 3271 1769 3148 729 1904 3598 3126 3753 3245 1557 3226 2201 158 1783 1101 3836 650 2894 2542 1615 898 
1766 2002 704 3116 461 3883 2822 3058 539 189 2010 2401 3413 2431 208 2922 92 2568 1214 752 1814 3823 1994 3233 1050 3704 2996 2489 3783 2818 1848 2413 450 767 1236 2081 2471 743 2621 3390 2857 2558 3373 2933 228 2731 2790 3085 2160 2752 3298 3899 452 3132 748 3850 3344 925 1771 711 3012 1431 239 
114 2828 2827 3535 2060 3175 3117 462 993 1133 3662 1339 2195 3924 1044 1860 2866 384 1624 3692 683 3407 2158 1047 636 3409 2405 1730 1343 673 3669 1309 1972 1708 2531 1260 1967 316 943 2472 1373 2183 3532 1826 3179 725 1905 1089 2182 3270 58 442 2400 237 418 1067 1360 605 394 2341 2774 3069 
2238 2834 2703 225 166 779 2490 2875 3935 2285 994 2578 2863 3453 2273 3689 3809 152 1696 3171 2525 3584 2053 813 341 3015 1364 1246 3133 2084 2780 799 2797 1041 69 1764 79 2446 1197 646 2461 2975 910 3104 3119 229 3473 2145 1350 371 1143 2732 1928 1535 199 730 275 1632 2137 2850 3225 3858 