144








































































54 















































114 113 107 108 102 9 89 90 92 83 84 70 69 60 
173 172 166 167 168 109 19 35 36 30 33 93 103 106 105 78 6 
37 38 39 40 161 148 149 152 91 86 65 76 
120 126 122 159 100 20 88 22 23 24 25 15 46 136 77 
61 63 132 140 130 147 151 162 165 164 124 135 
0 67 41 71 31 85 49 75 62 7 18 21 
146 4 138 43 150 28 51 111 72 129 128 119 
87 1 79 32 142 143 157 17 45 
55 68 42 144 26 131 66 95 16 
47 127 81 139 80 29 137 
96 73 44 50 134 121 98 13 
116 2 160 10 12 104 110 
52 3 115 34 101 11 27 118 
155 48 145 163 169 
175 97 99 170 125 154 
153 171 59 
56 112 8 
117 53 57 74 
94 174 133 
176 156 158 14 
58 64 
141 5 
82 123 
