144
1071 589 1023 1197 1399 984 
470 1233 163 649 782 
1248 1823 1363 560 
450 625 1576 1913 1775 
1076 943 1340 1829 1393 1358 
529 787 354 1193 
1925 1710 1592 1290 1716 
1512 1451 263 1021 
863 1356 1055 967 
155 197 429 1456 
52 1731 230 1016 
922 174 1850 169 1792 
273 274 256 1692 
1355 1200 455 885 494 
1335 1156 1292 1113 1301 
1768 215 705 1384 
1807 510 1705 730 
1650 448 1555 1083 678 
1394 1395 289 1378 1681 
214 1690 938 654 
1689 1767 1554 1851 
883 1805 1059 235 121 
1178 1238 583 6 841 
332 1061 1826 1379 
566 422 847 1020 1662 1911 
545 1276 1159 674 1231 713 
363 374 375 261 1849 436 
245 823 1266 685 546 
1194 1923 1822 1871 195 
1189 908 965 1137 1770 1675 
1548 1336 134 1180 276 1927 
3 1769 819 1028 1439 180 
1666 573 84 110 1261 
1543 551 853 1003 29 452 
1430 669 438 691 770 
899 1002 906 1550 1534 453 
663 1628 1517 306 1614 1220 
840 1038 1319 1030 1846 1657 
47 1307 1672 1496 1747 160 313 
658 1099 278 1078 1373 265 
509 309 981 1764 440 1786 485 
427 745 53 1468 1812 1773 667 
1296 304 1590 229 1368 1163 1740 
1784 116 1791 433 118 1262 
73 1040 1528 728 50 1869 
717 48 670 1559 190 
604 156 1790 413 88 
706 1838 1236 1631 1561 57 1537 
854 481 804 799 524 399 676 177 1771 591 
264 1484 410 1732 794 1848 434 805 768 973 
1326 599 407 912 833 700 615 844 
795 191 1630 986 475 896 1669 1749 119 
1090 1371 616 1389 786 1019 1924 1004 
1031 894 466 381 1191 1579 333 648 251 
146 776 923 28 1704 243 1274 1941 613 
1208 1135 451 493 340 288 708 1830 1751 
1503 1489 1436 558 904 1762 868 650 1788 
677 1897 507 1920 499 1815 1315 1415 1574 
1857 1253 212 1222 601 1531 766 490 789 
825 421 835 396 1277 660 145 115 1493 
1621 2 920 1024 944 390 111 414 1075 
1267 1720 1902 1513 10 778 41 1377 1417 
1562 250 879 1727 104 809 1367 1303 
500 368 1237 525 937 517 523 1207 1410 849 
441 68 1318 996 1679 788 1687 907 
1916 1425 820 1281 1284 176 1382 1893 
1680 781 528 1045 314 792 1374 14 
1385 1843 1532 1442 311 1808 348 241 
1149 1779 802 1914 1205 701 1079 77 1102 
824 540 1119 1201 1381 1677 1821 300 748 
1591 953 1866 1867 1383 1298 777 157 1655 
1001 127 1587 204 1711 405 642 393 1889 
1300 1306 1046 234 1533 1566 1845 125 371 138 1097 140 630 
1831 240 248 942 1448 170 1225 902 1196 1082 318 1785 
1595 1601 484 1748 262 783 65 1806 659 1504 664 216 
1241 1243 277 1217 412 734 1668 774 803 1350 1215 82 1203 
474 480 1310 1453 1094 439 569 70 1334 702 305 1455 612 
651 657 338 1709 970 1794 910 137 1054 718 367 62 
1536 1538 1414 1341 352 557 960 547 951 420 1364 826 914 827 
1890 653 486 1701 1664 1802 1619 584 1187 1416 905 1413 1268 1144 
382 476 345 1575 765 380 1673 1486 1541 472 75 501 671 1337 
1739 1247 522 622 406 1429 891 1069 198 895 1490 178 
618 1012 751 293 492 144 665 1789 548 464 1041 298 1858 
972 1125 1348 391 392 793 1325 1309 1612 1887 1708 1852 1598 1313 
1123 1896 1192 294 1212 552 901 871 1323 112 1077 147 
1359 1542 699 964 1088 142 971 1305 1107 1173 322 1065 807 
205 1184 471 513 588 150 85 465 1246 1475 143 1202 1724 275 
415 323 1103 1060 91 193 491 921 8 1497 192 1091 
1798 1365 1223 627 445 201 927 1756 767 684 1478 1596 99 
1654 417 958 1074 1571 846 498 1694 222 596 94 46 1539 158 
913 1361 1366 54 257 1856 432 228 1472 426 1734 
87 1656 1661 327 370 51 635 1295 1255 1832 772 
1444 1129 722 941 321 139 66 842 1087 1408 1667 372 
559 1066 1312 1945 1735 1738 171 361 253 482 707 605 1362 1257 
736 186 1607 997 1625 614 379 1746 292 1904 1419 709 
55 1660 1130 1000 1560 26 27 1828 1881 544 1327 
1117 716 1288 1251 1162 859 1567 1440 360 1245 430 351 982 785 1183 1847 
179 1715 122 462 463 976 860 1104 378 1263 989 1663 1437 1098 511 1514 962 
1294 834 1479 1878 1870 386 1919 1853 33 542 1659 1308 1062 724 359 1670 1733 
61 63 132 994 1282 563 329 1499 1006 479 1166 1433 1940 672 865 796 
1058 1057 1051 1052 869 1280 530 623 1678 556 1186 1907 1646 1882 1609 473 1380 1633 
1418 1420 838 1577 330 1449 496 1145 1304 1728 1839 1141 1421 1320 64 
1412 1411 1602 279 1636 268 1508 83 497 832 567 1618 1138 249 886 1198 
946 948 1700 876 1931 31 1501 1558 950 1933 836 252 764 629 888 1632 
533 535 1725 867 1584 1407 858 850 1676 1458 1199 714 1190 76 606 11 1622 1244 
1772 1774 109 307 1400 32 1265 1502 17 364 213 202 534 442 711 
1353 1352 1346 1347 19 1164 1737 1684 1027 1736 419 1526 219 86 1917 1557 1386 
592 598 631 692 1743 1507 1029 319 1010 1697 1780 59 643 1101 1498 890 
0 1 808 209 1035 1855 1322 587 1317 541 760 1142 1032 182 721 
1477 1483 779 568 681 968 1147 1056 184 1402 1118 1944 571 1535 855 
1005 1011 647 20 1827 1206 1617 1753 1730 1638 135 1864 1905 376 1143 1608 
769 771 1510 720 96 1861 909 969 1635 1481 1250 882 1131 1409 1552 780 
1943 1942 1936 1583 690 175 1454 1271 732 687 302 287 1089 1613 1842 1445 369 
828 830 1833 1015 686 504 260 437 514 537 1081 1174 1259 1100 608 831 239 
120 126 749 1886 743 1324 1086 488 1343 1258 1351 312 626 619 806 731 
1182 1188 1495 1053 411 864 911 791 688 1048 656 878 590 595 1810 44 
710 712 1892 1406 1369 1651 1796 1527 129 1039 272 641 1616 1891 1750 
297 303 42 286 1158 740 555 49 483 236 1593 1256 136 1910 747 
1707 1706 299 810 1473 203 1763 675 1491 1912 15 1461 1492 744 628 723 1311 1844 
1064 1070 1017 1937 1929 1297 852 1153 1232 773 1422 508 1120 733 532 1299 383 
232 231 225 402 403 404 543 1741 561 1505 1034 919 1450 870 1637 873 1699 1580 1167 1427 531 1551 1121 1885 1888 1909 141 1714 98 1726 903 200 
409 408 933 993 79 397 9 1112 797 1269 680 505 1037 1685 1758 1640 695 812 1423 1854 1426 353 271 759 1615 848 1397 1338 900 1321 
999 998 992 1759 580 366 926 974 35 1801 1093 387 1509 516 811 1165 814 1875 754 1520 1545 1599 18 1469 735 97 74 959 1573 1240 58 1139 
586 585 579 1464 226 934 956 159 1446 385 1860 444 741 1626 1873 1578 1817 1581 1816 188 424 1128 666 1146 862 295 1629 377 1691 335 549 1316 1126 
940 939 1234 1883 1819 218 935 384 1033 502 562 503 565 1388 1272 339 519 25 1168 478 458 1899 1688 851 153 194 1649 632 1278 310 536 1729 898 829 
1766 1765 1818 1228 1465 1524 1466 1872 738 1859 621 564 682 929 1519 1876 223 813 1639 1553 609 1264 1585 1432 346 607 1396 206 1515 1008 254 1122 
704 703 1470 697 1523 698 1761 1459 515 1879 208 443 210 1804 1568 752 1696 342 518 1462 7 1671 818 128 1572 1620 1179 947 1712 435 133 258 1084 
1471 644 638 107 539 1760 1229 1723 1221 456 679 739 1270 1332 634 224 1463 282 1722 845 1895 1467 1474 233 729 308 983 12 1547 34 1431 
1825 1824 821 815 1641 167 1752 661 266 148 1623 1151 1863 221 1047 1932 460 164 1717 1776 1013 1787 56 389 1603 1172 477 737 1653 1025 1606 1556 
291 290 284 1110 757 395 817 1525 454 975 798 624 1755 1273 1921 991 755 636 892 1540 719 1865 1500 331 1177 1443 1915 1783 512 1134 1026 1903 81 
173 172 358 4 108 640 572 1518 325 916 388 506 801 103 1283 990 459 1022 655 837 1073 995 725 1586 1354 1333 1645 1928 839 1136 1195 1488 1067 
822 1884 1175 1424 1597 1438 189 1044 1546 1742 1564 1745 1862 23 1390 1109 1286 341 1934 301 1435 597 1721 1392 1291 1114 1157 1357 924 237 957 662 1063 
114 113 1529 639 816 1111 985 336 1289 1695 1447 1506 742 398 693 283 1757 1718 1698 365 694 1132 961 1880 1216 1275 347 611 945 1793 394 1042 1906 1674 
37 38 756 343 1287 344 220 1820 207 1487 1328 36 326 1387 1095 447 1106 457 696 872 196 281 1894 1376 936 1795 1939 1115 866 1434 1161 431 1254 1809 
645 1589 1588 67 40 227 1813 1170 620 1092 267 1682 328 280 1460 637 1935 1285 183 1781 715 980 1544 761 337 861 925 259 1181 1868 317 1549 
881 880 166 520 1877 633 1642 161 915 1702 1329 22 1096 1686 932 1522 1521 1108 1403 13 1140 187 69 117 843 101 790 355 72 1160 1375 593 
1235 468 467 1293 889 1169 602 1782 130 1800 1133 149 977 92 683 1342 1050 1049 1009 1482 1874 1840 954 154 1570 1569 1260 316 1901 1219 1242 495 123 1370 
763 762 1116 185 244 1405 1754 581 1516 856 857 1211 30 1214 1036 1814 401 400 1252 1014 78 1658 1068 1441 884 877 1610 1898 1799 689 357 1279 1594 16 
1530 887 874 594 1582 102 574 758 89 1693 90 1803 800 1224 24 165 931 955 930 1604 582 784 1148 1452 750 1930 428 570 1185 1834 131 5 
1648 1647 181 285 966 1811 928 1230 425 1210 1918 269 1683 151 446 162 106 105 576 963 1836 727 246 45 1249 600 1085 1150 324 1480 1372 1360 
1176 526 39 1778 775 100 897 1105 1634 1398 211 1624 1331 1152 1922 1204 1227 1226 373 1777 1600 1652 469 1239 80 1072 1908 418 554 1476 1124 296 1209 
350 238 952 461 521 987 1457 168 1643 1938 917 1744 978 152 988 1155 1314 1401 1404 538 242 255 1127 1511 449 1218 1644 315 1946 949 553 21 603 1611 1043 
356 362 1007 893 1302 71 43 1605 1900 1330 1565 918 1213 575 1154 578 577 550 1494 1835 753 489 1349 423 610 646 617 487 199 217 1665 652 1018 
527 1713 349 1719 875 1837 1428 1339 1841 1171 1926 270 93 1627 1391 673 1345 1344 320 124 247 668 1485 746 1703 1797 979 95 416 334 726 1563 60 1080 