72
6781 2952 6072 7842 7383 933 6716 3489 7837 8369 9894 817 9039 985 6166 5528 8762 2863 7350 8589 7065 8127 1168 1757 658 5496 1934 8719 9595 3033 7007 3841 8933 3302 4390 3913 2504 6935 5983 1560 5696 2849 7333 8257 7715 9221 8377 4137 9482 3768 6998 1062 6410 6205 7857 9137 9878 3280 54 8611 5369 4912 844 6866 4206 865 9066 6090 7532 
763 9140 9376 8078 3194 8662 2763 5654 1306 9743 6295 6439 3649 3257 397 2462 9175 8701 5223 9119 8293 5059 8706 7362 245 1602 9867 9395 1099 1840 7420 3256 9013 7972 6370 3361 1245 1730 656 7702 955 3487 5335 1688 3281 5042 6692 9305 3169 9687 5352 1812 1790 7486 8051 6882 5866 1550 4873 8395 62 2540 7640 1665 652 8477 4030 3732 
1294 3713 9789 1819 3948 356 8780 5469 1841 8939 4099 3524 3391 4645 4999 6590 857 2391 6346 269 9769 1037 1640 7201 4531 3056 6853 2369 3613 2465 1425 8424 3290 9215 7879 4687 6745 5557 9190 911 6581 1722 4567 5296 4503 8000 3100 8705 6723 2143 2868 3245 2354 7490 1797 1786 3356 169 171 5877 115 9555 1264 7122 1216 1557 829 8224 1842 140 8830 1785 
350 6486 1831 9901 7731 8616 9843 1111 1066 8899 9291 677 3013 1990 1739 1997 8465 9719 2174 8723 6226 4281 623 505 1519 8248 8484 6327 5501 2642 7915 6851 5088 1335 2869 483 1558 2574 2535 2751 6981 863 8494 6450 8056 2818 8435 6860 611 735 3029 600 9288 4747 4876 8774 471 4476 7531 5597 4063 3710 4166 3596 2088 3576 4759 8927 452 4204 9913 3541 
9849 1707 6492 9206 8013 2880 9902 5259 63 3876 8360 8242 9070 1634 87 640 3937 2984 4397 1567 1686 22 23 3259 6263 3055 8033 7266 6084 7738 8856 9801 6876 8030 7453 6350 380 6999 3212 1920 6986 4550 8646 2607 2548 5622 6279 3915 9161 705 4991 3717 2829 6195 1687 4907 347 5112 278 4618 5251 6963 3088 5805 9382 5269 2727 317 2855 
7666 7665 2185 828 3175 3011 2093 2350 690 2667 3096 3168 8598 6931 2508 4232 3219 2689 6878 398 6419 7325 7893 5614 9744 3328 4403 9615 2308 3134 1992 4849 1532 5583 7235 6497 7943 3931 8187 1035 6128 4798 7289 9220 4790 6705 6688 1748 4863 7472 6861 9128 9804 3950 1569 6152 9869 5487 5674 5110 8888 8501 730 8806 7946 7869 4497 9125 
8492 4768 8249 8668 1778 1833 1005 3825 1820 9232 7202 3758 7947 5707 5576 4239 9766 1095 7880 6003 4708 6268 1935 8365 6917 7389 1835 6830 1836 411 8730 7519 5552 5873 8246 9152 7471 4246 4752 5453 4908 4167 6310 6871 6812 3519 9519 4444 3045 8926 7587 472 1323 9069 1467 1485 8783 8488 2144 3309 914 7216 4843 3540 2812 357 6647 
5902 821 7783 2179 1713 4297 5772 816 2172 5314 3308 9127 7674 720 2921 2646 2037 8291 4220 9473 9650 9661 1109 8247 4321 5850 6595 4864 9228 5288 184 2189 5616 2397 7165 9287 3193 2784 4491 8384 7866 858 5865 2194 9044 8089 7354 7337 5361 9793 1635 5675 9314 7000 744 2800 7975 9675 1325 316 3973 3475 5390 1134 1927 3565 8932 6637 3503 6277 2736 
4834 5247 4309 8904 6846 7442 2077 3353 8622 9607 500 3548 4512 1741 9393 1624 8176 6052 5107 8894 1838 9959 1666 127 7089 4318 9582 6733 8061 3901 8238 83 8174 609 7217 8402 6457 7394 9388 66 3036 6687 2692 8319 4756 7137 2328 7518 5658 6566 9456 187 4039 351 9762 2477 3974 7309 8709 3569 377 6867 4802 453 8814 9421 2070 
7784 7600 769 1995 1538 3076 476 9961 3371 5373 8386 9149 6531 5633 2844 1092 8232 3868 3925 4223 3115 1366 3667 5319 2251 4198 4326 8682 6850 3159 8928 4744 9466 2333 3762 2130 7912 2771 7099 8094 6720 9166 9231 1985 1378 1679 3360 7736 4299 9080 6076 4564 4363 9811 4831 2090 4143 2517 7633 5620 5264 3697 4025 5197 
1943 2067 4769 638 9560 4178 5005 5554 122 5831 2801 5491 1959 7123 2342 6933 2686 7408 1450 5167 811 9336 5474 2546 9749 7335 5072 8258 6674 6732 3754 3743 5485 3577 2038 9741 6391 1250 6025 8699 2445 3125 3025 7444 7899 6782 3460 1628 8355 7233 6784 6987 8929 556 4806 6292 5980 3447 42 5935 426 475 6276 1847 6847 3201 8617 4877 
3831 8787 8913 4545 5653 6675 9920 1247 6658 2816 8508 5558 5617 2624 9235 9238 3102 36 1876 1581 1286 8333 164 9545 5026 25 1389 6615 2838 8376 9649 5494 5978 9241 7755 4069 8259 891 4234 1322 1494 7292 9819 1486 2811 9047 2381 7529 9162 9652 4065 3910 7663 3384 783 2204 1024 9954 3978 1970 7162 973 3579 5880 8039 2920 
2946 2945 3234 3529 1361 2178 2545 4651 9429 1951 9194 2233 9481 2018 3155 7816 7759 3472 6461 6757 6875 6641 5108 2522 1047 1463 5024 2701 5673 3849 2079 9464 5603 7348 7681 8043 8828 4934 1638 9392 2897 2902 445 1048 778 1427 8253 3137 6098 8600 1708 6801 5481 8718 7551 9791 2929 2301 1967 5219 2713 2579 4306 9904 6924 8200 1138 6941 9124 9008 619 9740 907 8619 6217 4936 5205 3739 8754 3132 
7194 6604 1234 2054 1123 1936 7660 2881 5359 5672 6085 6199 9452 7033 6284 5419 1977 2331 3570 6288 6405 2512 7360 4469 8109 4410 5003 7835 6596 8741 4026 1248 2858 2728 3271 655 5022 5139 7196 8802 5886 7047 9721 8507 9700 8168 3389 8679 5270 7549 2150 2884 1399 3314 9279 3357 1113 8843 5036 9655 8945 5310 9788 936 5184 2360 9755 2815 6510 3498 3599 1002 1032 7848 58 3368 8096 9639 4287 485 8712 4336 5623 7508 
5306 2119 5069 6315 7901 8327 5076 2541 2106 7025 3603 4370 1754 1457 6046 1164 9608 3581 6107 9589 1745 5756 4812 8057 5944 4354 3941 3254 6654 7716 5147 1194 1481 3990 9046 1689 6750 1659 31 7158 1422 2961 5178 812 5878 2842 1204 1829 4647 6895 3566 3346 3298 3044 590 4703 4570 6194 6919 4874 56 9063 4671 230 4579 8313 7962 7392 9686 7107 5743 5116 11 2105 1244 7685 5405 5913 4624 1792 2847 3982 6626 7297 
2533 7371 8367 7252 4724 7483 7497 2704 9444 8170 4138 4121 2587 2403 366 8449 5340 7583 6049 326 9179 4694 1036 9012 3705 6794 9572 5710 6563 8212 7230 9033 1953 3900 9261 845 4162 1355 4344 4254 8279 7407 2720 4196 4470 7938 9229 1895 6694 8226 6900 4227 1662 3148 7197 8370 750 2280 135 2632 8023 1443 3753 1314 3207 3516 7277 2175 7811 2271 8981 1917 8241 2973 9797 7968 3385 3917 8122 
9141 6073 3358 7659 592 9547 3057 3706 7733 6911 6022 5550 2919 4466 8567 4702 9116 5233 9647 9530 4161 916 4164 8704 3761 1817 8130 1580 4316 3195 1993 422 9497 1897 3269 3374 8789 6280 968 3998 4154 9859 3736 3433 1442 9536 6187 3559 1668 3597 6650 6810 9478 5375 4983 5337 7872 4998 2293 7916 2826 4323 8344 7573 4127 6928 1137 8667 5127 5431 9101 1655 3209 6755 967 72 9504 2778 4131 5665 
6250 7193 5541 874 7777 1346 9960 5849 9548 7416 1229 854 4905 1428 8834 7464 5823 5281 9706 7347 9356 7939 5639 3750 3927 1342 9841 6322 5828 9100 4021 7440 7224 8817 2249 2700 3054 1671 9864 8810 2161 1663 4141 9447 2662 6398 1717 6864 1649 2221 1690 1871 3147 5626 1408 707 5486 4772 3727 4891 1413 7926 9727 9714 5171 3862 3283 2134 7765 5044 7581 5974 866 8594 6790 334 5195 5870 6259 6849 6159 
9672 8845 5725 2886 9501 7718 4899 3965 3885 1879 7247 3666 5351 159 277 9778 3059 8880 7288 9355 4341 9307 1814 8658 5416 9428 6681 835 2605 6477 5034 7743 1381 9772 5898 5498 9818 7563 2797 399 5001 378 6042 6206 3429 7104 3270 1187 3009 1645 5640 6844 3179 9260 4682 6296 2470 7177 7385 760 6275 530 1586 4771 3845 3244 4408 8665 3853 9807 5844 9758 5586 8396 4013 9045 3617 6154 1573 1733 
1530 4125 4538 7724 120 8150 5784 7778 9857 8192 2645 3131 8441 956 3286 8074 338 926 3688 3453 9237 5816 280 8599 3528 2761 6123 9840 4117 8038 7657 6134 6162 8861 1094 7342 7578 1088 596 1684 3728 1612 9565 2367 470 5455 2848 8217 5227 4510 6104 1881 9950 6172 7487 1880 2682 1603 4956 982 5169 9585 528 3929 9315 4301 101 6506 8490 2140 5684 593 6739 3681 2243 6991 5977 6571 7575 6036 4615 9410 5490 
4716 1765 5423 5299 7082 7318 2644 2126 4291 421 8347 7623 3273 3332 4555 7300 9009 9588 2332 1390 1627 9886 9602 1165 6006 7330 8800 1548 3468 6261 3172 9295 9320 9831 9387 517 3859 5991 4903 3644 5985 9472 2985 9877 3448 5380 3546 9760 2454 8790 3921 1083 648 2336 4890 4640 7603 1764 8280 1510 7118 423 5276 288 843 2107 1439 2951 9964 9561 7036 3592 5797 672 7924 8627 4974 6218 
2356 9790 9199 2231 2480 1051 7364 4763 2283 8264 6893 9114 3080 5322 6343 1149 3463 4230 6170 9412 5875 5697 9189 3292 2230 5791 5324 486 4589 5060 214 4706 2987 8338 8345 3905 5801 2327 6606 7963 8916 3087 8237 1376 6805 9321 2513 5621 6841 1104 7166 5133 2665 3144 9203 685 9524 6012 2949 3321 5959 8285 9201 3585 7105 5411 3484 8696 4860 1852 7388 1018 8804 546 2493 3591 2028 5510 
822 9613 1818 644 5312 1287 9271 6433 6376 7324 5751 189 7741 4348 7829 2637 8065 5812 7877 7878 8765 9060 2581 1224 2407 9213 8510 9073 2487 5190 4685 327 2594 6796 2582 4272 9426 4549 5701 8592 9662 7294 3821 4895 2556 6163 1850 5257 6264 9771 5085 3572 8847 3977 4720 7604 469 8849 4300 5582 9905 7164 305 895 2118 4435 5307 9598 3284 3956 3366 8643 1563 6550 8063 4996 4325 6283 5398 
5011 3359 9022 4597 710 3884 8898 1369 4429 7796 8858 795 869 3216 3316 382 4673 4394 4809 6108 270 1981 4576 3928 2702 8717 9272 8129 8720 9014 6686 7340 9446 203 8946 6122 6842 8764 917 5216 2338 5755 7989 7343 6725 5080 7336 7863 566 5320 5131 3919 9492 7059 4896 9467 499 5581 5245 6054 2824 2416 941 95 3416 1436 9928 8457 6137 1793 8983 2909 8088 9632 7966 4524 5854 4487 4723 5551 
9082 4539 172 2113 1759 4256 2114 6597 8504 7737 1398 2364 4710 8781 9865 1605 9806 9835 2401 2860 7285 2608 3334 7700 739 5518 6700 5815 7173 2747 9720 7540 5180 9154 3672 5592 5120 3790 3264 3311 7576 745 3310 4023 6501 3046 8907 5013 4149 1014 8166 6594 715 9969 963 4628 8254 9131 8692 729 7867 1704 1821 3362 1974 4697 488 5009 1495 9852 5897 8708 1315 5602 145 3814 8270 5879 289 9703 7965 8548 7528 9970 4210 3084 5113 9226 2481 8831 9795 7751 6080 7024 8863 416 298 8991 8931 2729 428 
2061 9258 3955 8958 1477 3306 2526 6197 7619 462 887 5377 594 4881 6557 7151 146 8006 1280 8478 2344 3670 8822 7052 6462 2335 1508 6877 1331 4528 2168 3410 2643 3409 5651 6949 3940 8387 2138 2307 5629 9038 9230 1861 9820 9367 5367 3488 2976 373 8410 7871 4993 8941 7825 1212 9255 306 6703 1079 7367 976 5326 1703 5894 8777 9460 3888 2418 2971 6305 2343 1982 8311 2975 9298 5244 9417 7982 702 9516 8184 6430 6399 4612 465 3480 6542 3038 965 4642 4202 3840 9108 6411 3107 8383 64 5092 9656 5559 9403 8289 5210 
8197 3771 2237 1942 5477 402 2073 653 5967 480 4606 1601 1188 9896 7536 5174 2980 299 2519 9785 7298 8067 3935 1682 55 1744 624 8294 9533 3289 6239 5652 250 3023 8151 7974 5238 781 4235 4698 9624 5316 2025 9564 5237 3113 576 8292 6221 3703 7597 8404 7976 3205 9359 8050 3355 8339 2690 1856 5362 3637 176 5154 3894 5969 5007 8416 5463 4773 3733 3827 9079 2444 354 8844 3657 1587 2617 3626 7628 353 7308 2756 9912 2795 6786 5450 9691 898 8499 4733 5901 9876 3364 81 2496 2153 8379 1751 
8551 6367 290 651 6374 5017 1241 6317 830 7914 5912 3863 4547 1125 9490 7543 5338 3139 7366 1310 1929 89 6756 90 4692 6406 4340 4104 329 6888 2525 3351 6086 1607 5678 3141 9862 3082 714 7873 6673 1855 9270 804 9354 9407 5793 6240 8048 5911 5945 8994 9683 7932 6004 3297 6093 8335 646 6886 6795 9770 6843 5015 3945 3578 4981 2616 1156 1618 569 8523 9170 5014 864 9810 9836 9728 1867 6448 1913 1767 3828 4755 5379 2225 2507 689 7154 3923 650 4867 6224 7026 4384 3735 9893 5999 2255 1268 2695 
114 9023 6721 2821 3063 4020 2777 3485 7200 5489 7143 6026 9216 7265 2941 3509 3413 6953 8487 6974 6127 9942 3452 3220 1329 2570 7881 1213 1696 8602 1489 5973 1076 4729 24 8660 6050 6101 5847 5347 6024 1145 4082 1107 4031 9910 8081 91 9097 293 9938 9505 6556 3272 6094 2084 7546 6281 1118 4401 1947 2398 7149 2277 7014 7562 541 9821 547 9457 492 2621 1590 8193 3532 4594 7841 1555 5758 10 8083 8420 5404 3010 6056 7752 8341 1316 2212 5468 8558 2483 6554 3659 1445 3086 662 2035 3150 
2120 6308 3535 6138 585 2246 2069 3470 5300 1542 5440 6067 1872 7446 692 1387 3404 4475 543 679 9747 8526 4171 2449 9058 3689 5579 8530 1685 752 5062 1699 4590 2315 9454 8446 8923 7952 5650 4870 9348 3252 9485 1789 8743 9112 247 6909 8474 1147 360 3787 4680 1317 9885 3303 8102 4714 5444 9262 7112 6747 7568 3479 5657 3019 6768 7941 979 3734 1846 7605 7461 8768 9499 3812 2252 2960 375 1915 9010 2461 7805 8100 8724 3439 5079 1622 5457 9345 890 5138 7806 1379 359 849 8005 4920 2163 2222 4440 
2710 940 408 9855 9370 4650 9914 992 226 3942 5471 362 8028 9881 7206 5241 3111 1487 581 1208 7838 6697 3590 9294 4338 5105 35 506 9001 2157 5236 578 1227 6150 3377 8896 5737 1012 1599 614 8208 5624 3330 4668 3105 2325 8533 2071 7609 8415 3016 7086 8638 7401 6535 1768 5470 5229 5670 1828 2867 8252 4678 607 5466 2783 7544 9197 6587 9815 8357 7889 7545 1340 1367 1620 3792 5213 1806 4028 9004 1222 8902 6388 7100 9922 3561 1311 6621 7002 3718 3333 8535 5728 5787 4572 6493 7022 5752 4641 2743 2802 
7548 3653 8255 5128 3719 7613 8970 8191 4016 2586 3588 0 6636 6970 9621 5495 3627 1459 3611 456 4689 307 266 8054 4102 7229 6760 6759 6995 918 575 5413 7127 4294 754 3350 7185 5206 2074 7327 9289 2622 3153 6273 7854 6811 2012 9064 9025 7382 7386 1571 4659 1591 1001 9918 2890 2156 6438 7535 6055 9214 8909 8759 6659 509 1333 4966 3870 482 1795 4048 2317 567 5641 1763 3547 2269 1474 2911 7957 2547 7632 8580 3963 7750 2955 5427 671 1338 4381 9146 5575 1067 6117 9500 9854 7168 5741 678 1261 8053 
881 2002 5600 6302 3949 8432 533 2362 8439 3412 2115 580 8559 6356 8546 7182 889 1251 1133 5832 8900 738 3512 6169 5400 6051 9710 7703 2158 929 5357 1345 6890 4353 8778 6499 8569 3066 668 6514 791 9643 8297 3315 2425 3505 4431 6311 989 1794 6488 1305 5734 432 6667 1887 2885 4516 9378 6983 6157 9319 7705 923 6528 9476 7020 6307 9578 4858 7868 9558 8749 2498 7074 921 5840 7981 8178 8770 9020 510 4465 3305 8509 4797 4207 3199 8037 6609 2732 7929 5089 1279 5382 8745 6696 2894 
6427 409 703 4250 2893 6669 8368 9267 8545 1400 539 993 9304 3943 5786 9334 9844 3817 8626 6767 8428 7936 5282 3630 4928 2393 9768 6228 919 8009 6537 342 8661 1698 6622 4080 309 8227 6712 3586 4255 1853 6699 4921 6075 268 319 5570 9805 5747 3079 8566 5996 4814 7276 5709 9290 5438 6865 2089 5445 805 9111 1646 5363 5803 2950 4050 3773 9103 666 1354 8316 7621 7647 6913 3793 2218 9676 1255 4366 7072 430 5394 2619 4662 5408 2552 275 6685 4690 5960 7817 8275 713 2904 2127 8084 8322 
291 9494 7311 4886 4002 1837 9861 7029 7425 6813 8268 8427 4592 2696 515 4437 3347 8605 7210 9586 4158 3922 149 4219 6937 9178 5698 9002 7714 2879 6300 7148 9631 481 6241 1344 52 5460 6193 4718 2017 694 7584 753 9531 8022 5199 2253 8935 6358 8515 3526 2426 8895 1614 2337 5388 5484 7503 9299 1593 9364 6753 718 1770 2376 3380 1957 6903 2655 2311 9550 8163 7646 9668 9339 8045 2942 4441 9358 5084 2151 3567 5628 831 1810 2550 200 6470 4784 8219 4780 886 768 2906 2104 4684 4523 
3536 880 9442 9488 1536 6362 6905 7836 38 5713 4488 1811 7365 6480 6177 867 5056 248 8480 4416 4820 2273 8113 385 4046 8529 4163 3573 4400 6773 7894 6359 2878 1135 2900 6204 4906 2563 6044 1676 9341 635 352 8612 6763 8920 458 2392 550 5957 129 1866 1473 6119 3985 6785 5032 724 6097 3060 8934 1087 2857 271 8532 1526 2671 6923 6230 4553 6666 4107 390 2589 3363 2412 1218 4358 9575 2455 7667 8434 4500 8429 3024 3557 82 5800 1608 2656 5274 6176 4072 5323 1889 947 3187 3746 2963 9715 
4303 5719 3240 4185 6249 4656 61 9324 4486 5904 4315 5830 7895 3312 9507 1347 9306 9136 2580 3544 5200 751 9385 736 8657 9011 3552 974 9422 8644 4456 7467 7763 5285 6524 4517 5590 8068 7481 3174 4413 9159 1661 7861 5142 8011 1049 6142 3184 2915 7504 8815 6143 6870 4339 5937 8199 1678 5052 9800 7045 7263 6437 8502 3387 7341 7352 424 7358 8336 2888 5768 6146 1566 2169 9204 9450 6764 6743 3770 523 6487 8076 26 9401 9786 4081 331 9343 3414 9711 7391 4096 9627 3696 5776 5995 4343 3419 8614 3537 6607 9509 2446 803 8394 2516 1003 3550 1969 1102 3263 6727 2094 6862 9736 9109 6706 4544 9587 2837 296 7828 3435 7574 903 5391 2164 3954 2066 99 6165 
4893 9377 8957 7495 9730 7541 2473 4414 3843 8485 4132 1483 5019 9326 4191 344 3017 6966 1761 5279 987 3662 4593 6561 6089 6885 7888 935 5577 621 859 9474 4695 8588 328 1272 5708 8422 6593 6091 9191 9368 2406 3645 4616 7303 3549 6260 6286 1697 1276 1402 496 2358 3133 7727 3795 9300 588 6029 2476 9346 7078 8002 3872 4195 1448 1907 5277 3964 1652 3163 4688 6982 5012 8361 4463 1410 3860 5833 5067 5234 9086 2773 8276 4071 4032 1738 274 9696 6473 1349 8041 4568 8630 8788 2750 5130 429 4800 4269 261 5504 6389 8162 1019 1142 1653 4241 5804 4464 7515 8064 5922 3698 195 1911 6825 7921 1547 2618 4902 6432 3661 7789 2930 5627 688 4676 8556 8466 
2828 2592 6013 2244 3883 2657 3129 756 579 8072 8959 8604 7910 7615 9562 8675 2814 2705 2549 7521 3375 6944 2329 4868 5412 9660 8133 5220 9765 3335 7996 3571 5343 7644 1755 8956 4115 1522 7776 2669 9604 9218 8070 7207 4670 400 6083 9282 5611 6181 7997 7243 4667 922 7150 6560 4175 5144 568 1777 9957 6442 6881 234 2733 4449 4451 9695 5031 1669 1384 5050 4737 2790 1865 8951 8649 139 5899 2439 9198 9751 9735 9242 1454 2927 4779 7042 2413 374 7840 1551 7250 5851 51 1946 7764 2593 2943 1426 7021 2182 4283 5396 2086 4558 6434 9597 5569 7634 2021 6808 473 2196 4878 6200 957 2601 4152 4329 3848 7886 8165 5724 6513 8890 962 5075 
9495 9554 4722 4833 5135 415 7259 4842 6612 2663 4960 3660 639 2368 6734 8091 4024 838 1975 9680 4652 7062 3345 9776 5058 1664 7713 4337 8467 6639 2276 2039 6523 388 5226 3043 7183 637 5534 3823 3291 4530 9567 7212 4380 8977 2723 9379 6822 8266 8869 3349 2948 2792 4929 5578 3774 6817 5532 4116 4457 2181 9118 5249 1435 183 5966 6102 1060 5168 5081 6270 7332 2064 5327 6365 7160 5071 587 8517 3103 1808 3008 5588 7662 3709 912 4835 6602 3635 4070 9096 1468 2472 5807 235 9642 2606 4446 6338 9712 1728 7815 8886 826 5715 3474 1561 2375 9479 4229 3250 4819 6412 2611 1574 9148 8299 8160 8145 2678 4135 4308 487 772 959 5738 4851 5207 2083 7380 
6840 5188 3477 8373 2591 1706 939 2954 5535 698 2598 3542 3607 8563 3780 6907 535 1701 227 6422 1577 8008 3170 4238 7344 1938 1695 7682 4986 5104 1033 8468 8234 6111 447 4931 634 5531 9133 4826 4944 7539 6005 4734 5179 3726 5039 1364 5435 5637 4693 4097 832 8035 9092 5406 8443 1979 5519 9708 7618 2456 852 2485 2131 5262 3867 7814 5393 9256 448 5289 1854 1849 9257 4776 3991 7903 6584 4992 2022 8930 7883 8513 4832 3714 7251 548 9183 5927 794 4360 9614 525 3443 8936 3186 9732 252 3887 8715 2918 4393 8892 6053 6010 6689 3520 4978 3267 8676 6512 3895 1313 3191 5030 6352 4801 1257 2247 7970 9757 512 1455 8452 6336 4169 9278 1515 3676 
3772 5601 4892 8609 2775 2939 7954 8323 7672 5141 5137 7261 3229 4669 5950 4055 2226 7770 1518 7167 5353 4643 7328 8642 2469 4180 148 680 1918 683 5046 2098 2571 8766 565 9415 9897 8189 5593 5239 717 2819 5732 3785 3844 4943 9053 209 3015 8758 1383 3035 6320 5965 9742 7656 9477 2898 6332 4078 2190 8756 222 491 9936 7820 7209 896 3092 3287 1613 2825 5368 9461 9284 6323 701 7115 6777 9138 8496 708 2537 2258 4064 7431 320 86 5562 4264 1295 3242 7959 823 2436 7572 6001 5230 9398 5681 4033 333 4402 7721 5425 1451 9689 2019 1358 7565 3580 8240 925 1556 9160 8029 8525 9384 2845 4052 9150 3850 7439 7275 5256 4027 3562 9455 2670 
6368 8610 586 9907 1352 4958 3961 3601 1110 6551 9076 7969 7306 9017 6553 9254 4665 2932 3760 109 5596 1267 1348 7239 4940 9195 3217 1860 8714 2154 7409 1034 210 5049 5402 6534 696 3053 6950 2171 6478 9095 186 2433 545 953 4313 3369 3277 5565 6278 7458 5198 479 2661 7432 2740 3783 5780 4746 1158 8581 8633 7740 9169 6469 3715 5395 5111 8201 3062 6736 5073 9144 558 5160 7159 8753 9301 3930 2798 6034 1791 2977 9439 80 4913 9402 4332 7882 7552 9557 6222 8631 3675 4585 1823 7964 5956 2691 1432 9777 46 8690 1924 4214 1750 3521 3740 5549 372 8181 8794 1303 3189 8702 5726 6883 8381 6975 7987 3376 9834 6926 5988 6335 477 1198 7555 4900 
7607 1588 8196 6610 4473 2716 7424 7601 5255 6008 285 4533 2270 2486 6244 6304 9350 6540 2173 5655 2490 7092 8775 2351 9470 6894 2165 7760 19 4810 4872 3161 2511 6829 4764 8304 2640 4059 2787 2015 2959 518 6976 3490 776 1709 7892 9851 1971 6855 6994 9072 6573 6037 6345 1617 9949 4293 6319 7812 2430 1284 786 5721 8826 1258 3454 1610 6897 1409 8243 7413 2359 1377 8812 3162 6644 6779 3415 524 2966 8552 9906 5838 4029 1753 733 5953 6746 2531 7611 1572 4122 5862 8044 2647 879 6334 1159 18 111 8850 3980 2724 6541 1136 5273 7178 9184 217 8914 6106 1681 9115 6800 7506 1480 9268 4089 4218 789 7692 7334 3451 6449 4034 2658 5392 
6958 3004 2415 7075 8137 4073 4728 3712 2762 5358 4474 5456 4732 948 3784 6649 8854 876 7772 3589 5360 8583 1289 4711 7248 7003 4829 7051 1151 3158 8055 2334 3337 7114 7478 1332 5118 4295 2112 2841 2374 3136 2905 9685 7834 7322 7884 6665 2561 8966 3636 47 8448 3041 8364 9759 5760 3939 2746 7630 6409 2051 4634 2738 7858 833 615 4352 6189 1415 7493 1098 6608 2000 3340 170 6407 4599 9673 4273 8947 7139 4837 9373 927 2558 8024 9669 1570 995 5584 8479 2514 2294 9433 5750 8082 8748 7986 1236 2176 287 7315 3202 4263 5146 7227 7570 9868 5214 7935 1438 2896 8695 5736 2142 1252 9344 1901 7378 9833 1478 8455 9453 3779 1195 8750 9032 
3654 468 5660 8433 9134 1523 7370 9435 7379 8250 5182 181 4298 3996 3847 6203 808 4866 9430 2698 2410 5574 1341 7582 8996 8773 6472 3157 2804 6934 7701 4754 8235 7232 3691 2452 988 3820 6655 3469 8188 4236 5946 872 6504 6868 6678 2877 6160 7550 6968 686 7145 8330 8305 8456 2384 2982 5465 4980 3459 3802 5814 9754 85 3656 3631 883 2097 5464 3266 6836 6827 1089 4762 1972 610 1609 7156 7579 5647 9644 4880 6624 8784 348 9172 1157 5782 4799 7809 8767 4106 7923 784 2027 2809 6482 9850 233 3886 4511 5876 4948 4789 5261 1749 7157 1910 4701 7567 8046 7109 4721 1150 2835 8182 6798 3108 2776 7142 4499 6377 7629 1490 2677 6444 3794 1181 2373 1429 
4480 8256 113 7843 3595 998 2585 297 5607 6079 8795 1407 6775 834 7484 5735 7654 8537 5078 972 749 264 4527 1171 8406 5794 7859 4514 9353 975 8825 5757 7290 8471 5472 103 3702 339 7422 932 5029 8210 6676 5855 6064 3822 7373 7479 7441 9151 3749 7689 2679 3892 9872 6555 1541 301 1973 3507 930 4569 8621 7735 1186 7268 8140 6130 6718 9375 3067 1629 3320 5191 6018 1373 2623 1500 2793 4559 8919 455 2672 6956 5546 7223 9338 9322 9347 110 3196 2520 4795 809 2967 2675 3390 410 6329 6441 8875 2707 8607 6525 1201 7133 8283 1960 9325 4548 7734 1987 5856 9646 3091 7699 7624 8417 1372 2913 1891 841 549 6916 5972 2009 4818 2872 7447 9266 
3300 6899 999 5305 7554 3647 6834 9016 4887 9802 4761 4770 952 8087 358 9245 4901 9247 7896 4319 2764 5196 6769 8052 6520 5086 928 8408 267 1863 1211 6642 9887 8058 2630 5826 2053 9900 8779 7502 8837 4884 105 8483 1253 2633 6468 5317 9093 6147 321 5152 6632 1781 6252 6960 8286 2261 4963 2805 1914 7281 9944 3282 5170 9702 4916 1382 3551 1677 5615 6940 4677 1926 7476 641 6028 7608 9888 6233 5661 4113 4730 2044 6629 1318 6069 7664 389 885 4889 9052 8925 6484 4994 584 8060 6532 4897 1174 1238 8413 4199 2693 6517 2448 3560 7983 9764 5134 2442 4148 1301 3090 7120 7616 3130 1535 9340 60 5505 1598 9620 8442 2198 9126 9302 6859 1488 
4775 7429 6957 2998 4840 8491 7069 7967 9678 6539 8205 2899 3294 8799 7088 7387 8736 2010 7534 6081 6679 2742 425 2506 7108 8349 9293 5753 8893 9599 8821 6048 6992 7524 3394 9297 4045 3455 5520 6298 4222 9484 7124 8838 3646 814 1784 8156 2964 6209 2111 4788 9921 765 1886 8207 5447 6219 5688 2030 9525 8751 3926 9590 8031 9628 4575 2268 437 7381 3243 5612 7766 5100 951 2721 2859 4432 7316 1100 9475 5185 1392 9496 7018 1492 9043 9065 4477 3856 7256 4563 5158 8521 5798 8725 5573 6447 3668 4248 8590 1940 767 433 5910 8908 7782 8506 1732 1908 3801 4520 8121 5132 4286 3213 4216 1395 5733 3473 4501 5278 5091 5905 5291 2087 4979 630 7437 4625 6151 2753 3975 1539 3403 2400 6318 4792 5568 2206 3032 355 4330 6385 1714 335 1077 3445 8855 4566 3622 8273 4443 2542 
9318 1176 5365 7725 5718 4296 1057 5594 8786 1890 8262 2895 7246 8921 6363 2292 7320 3426 3058 4114 2047 6695 3642 7949 4630 5930 8681 3434 2447 8126 6459 2744 4573 1093 9176 8114 7762 1509 564 4518 4882 3042 9543 3938 4472 9546 8097 8746 4085 7679 3999 899 6640 7323 1069 1600 5378 4600 2839 6691 4777 391 1743 4786 6476 3231 3723 1945 7696 4036 2497 970 8284 4811 2725 6677 1199 2122 2853 3301 4699 5275 5841 1533 3421 5008 5892 2263 315 9909 6628 5208 8080 4382 5303 3855 5739 6972 5514 943 1731 8757 4165 5153 8169 9895 41 5761 2478 3110 3658 5095 2770 6646 4578 7240 8984 2734 2075 1290 3805 1711 2599 4620 9469 5500 7614 9222 265 4251 4666 1606 1844 3071 2609 6670 6041 5677 3204 7199 6508 9935 8990 3897 7744 9698 3307 2201 721 9049 2125 8879 1185 
7430 704 6544 9967 762 5364 2291 9612 4827 7849 6262 9489 8950 1070 4964 5194 4787 1896 5891 2903 8445 7064 6164 6059 5027 7357 1931 5825 6856 8124 9645 2136 7346 5931 43 9707 7527 1804 3396 5992 7419 3997 5000 9605 8897 1720 7443 9036 2551 7244 3908 4144 8687 5473 6791 3151 8461 1796 5159 9860 1874 6299 137 3605 8562 2207 9682 3500 6378 1304 3094 4314 2451 2438 8579 9225 1330 8218 5604 1120 9246 6306 3564 5051 5630 6823 1357 9491 7513 6015 6369 3932 4830 3342 8 3835 1356 7942 381 508 4595 4796 6576 7215 5212 2208 5984 1727 4696 7282 2396 4012 9814 6393 4386 466 5209 937 4168 5293 4478 7712 6471 5038 318 3993 3933 7793 9817 4561 1160 1370 8889 1124 605 1893 5939 5703 8155 5783 6100 9512 8771 8573 8047 9930 7272 3838 5618 6519 5172 6326 4320 6058 
1825 4066 1647 5476 4951 225 6793 1418 6066 6498 1300 7188 2055 8309 4260 9031 5790 1546 5176 2224 1643 2034 2757 5065 994 7307 8301 1702 9763 9409 2152 443 6579 9411 1862 5344 3101 6180 8470 8411 3112 30 2463 7009 9782 6735 6740 2288 7035 4471 7030 9926 2133 9164 3336 5819 2543 7353 5211 8351 3323 8469 9405 5553 2240 4090 6016 3665 2209 1140 7 7066 420 7106 3185 3800 9596 4213 2852 8711 8354 3143 9006 7459 5663 213 1998 3331 2992 7195 8312 4976 1963 1292 7038 5916 884 312 788 8652 6011 8731 9113 3506 143 7395 8842 396 1172 3124 3497 649 3641 2488 3995 3239 9829 4422 8576 6428 8691 6289 7299 9502 3612 2636 7220 7415 9040 3326 6394 1906 8997 418 9292 7140 7390 4760 949 8450 6314 4861 731 8688 553 1320 2786 3563 2459 3510 2323 3225 3730 
7489 1883 9200 7547 2709 9311 4244 5836 3957 7305 6243 4591 6125 6421 7955 9503 2527 303 1052 779 3898 1516 4968 5646 3902 602 2313 404 4791 5117 502 2431 7110 7406 6521 6818 1152 1449 4636 6357 9414 7537 1991 1758 1843 9015 9250 9309 7153 3903 2937 1226 73 5297 3251 660 5334 5321 5572 4259 8992 6758 4377 4962 4727 8882 4018 8979 4411 2072 1512 8128 5742 3265 314 7807 1899 8848 53 617 8371 6188 6802 1882 1845 8785 7898 5143 94 5189 4265 8287 6340 2711 665 8903 9165 6038 5994 4290 1544 3206 3534 5920 5835 1441 825 9437 4619 1249 5779 8108 50 6372 7278 2494 2735 4242 5267 4536 4509 5309 3121 2861 254 5962 9679 7496 4856 8578 8206 6552 4228 1514 3663 2361 6401 7827 9386 2559 8519 8735 4346 6387 1716 8042 1080 5608 4170 8595 4743 2146 9104 6047 
9259 1766 2651 7960 467 4119 697 5659 5063 521 4356 9371 7070 1996 9383 6598 5773 1424 9313 1660 6710 7189 6518 102 4997 5410 633 5381 8862 6245 7875 5242 2862 1801 2568 8881 8645 6580 6110 7113 6711 8116 2876 6583 2348 9487 224 5555 5356 5002 6027 8859 5769 7979 1482 1119 5434 6168 7559 2248 9413 1807 7538 2974 7125 4639 3880 4608 9780 262 419 1265 1966 1225 8975 15 6227 5449 2135 5025 8211 8960 6684 3575 7520 2986 552 9155 2554 3324 1502 7636 9568 5817 531 84 7136 4091 868 2947 49 9752 3952 589 3678 7824 8177 3517 6074 2649 6939 5529 5818 6215 4637 1736 7990 7808 5248 7041 4037 1939 9937 8139 971 2180 1056 8973 5386 6255 3486 4582 7553 3461 8401 2139 1615 9699 595 1869 7179 8636 8536 7260 8171 6623 8772 7376 5193 180 7270 8570 4194 6529 8674 8263 7945 2555 
5778 8374 5895 4060 4014 7128 107 2999 6774 5122 9665 2014 1597 716 1288 3176 5418 6620 8244 5882 2565 286 1892 2755 2272 9542 4193 6207 6238 1046 3747 3393 9529 8943 4633 5990 2394 5638 801 446 4292 1578 3407 5475 5829 1050 1779 8864 8425 9663 8306 4498 4611 2170 3741 5383 9451 9005 5506 6614 3138 1296 5224 6568 3959 7027 9826 2544 5414 4392 5690 9329 260 904 2371 7845 3724 8444 1114 6156 9465 2003 6290 9846 674 4740 920 6220 7985 8118 6112 6456 3006 9196 7428 6366 6625 337 4124 2495 7077 4130 4324 8454 8158 5702 5952 8650 3650 4383 6507 4537 3238 3501 7031 4560 4188 4519 8110 8493 1232 1898 7279 7356 258 5561 7329 7494 6766 1832 4957 5940 8971 1497 9056 2330 5384 7865 3248 1220 2892 9915 8873 8112 9563 9871 1085 3440 6491 4447 3687 1632 1667 534 
7135 6662 5424 8550 2355 3476 5843 9966 2958 6303 3824 3530 1642 3253 4610 9784 1584 6126 9666 1466 3109 7661 2049 6002 5587 4571 4704 4584 1693 856 4455 7897 6344 1978 7642 3807 9120 93 5521 3810 2748 1106 5177 2997 7245 7186 5796 2020 7067 9486 2492 7775 7625 894 6863 1363 9569 125 7053 1520 1507 3007 3020 1540 6752 5827 1735 340 4280 4221 8987 5426 4095 1206 6337 4875 2883 281 8340 5330 5479 573 7451 7485 3904 3737 2031 2912 7864 3262 7218 4661 8034 9181 8075 6349 229 2772 819 1260 7396 79 2440 2006 8591 1721 8260 364 7706 7594 4186 5925 7686 2124 8635 9880 9187 1141 194 8134 9929 7267 5717 8575 4483 5998 5429 4985 983 9952 790 3343 2383 2719 3968 1476 9067 2316 8358 4605 6765 7050 9573 8737 131 782 1773 393 9694 5433 8337 7928 4749 2184 157 5370 
3241 9908 1353 1175 9252 8793 9029 5246 4663 6728 2781 1760 6835 4551 4053 4237 699 39 6400 3493 4357 5648 3406 1221 3819 7005 8655 7012 4938 3511 5635 7287 5341 7937 682 7468 7291 7645 7231 2453 3525 7242 6301 9192 3882 6858 7598 4493 1130 8269 4139 7094 5021 9059 3690 9156 2386 4836 142 3028 9623 7571 4331 6783 6173 3370 1128 7795 3538 4613 8385 7032 4044 4904 1394 5068 7492 4208 8482 3852 7450 8640 670 1115 8512 9037 2059 9889 4327 8296 2062 7509 7417 3769 9432 7192 6511 2411 4022 986 2326 6364 2262 6959 1433 3508 3221 1416 7433 8885 7813 5545 3711 820 9381 5099 9574 8141 156 6585 5723 1431 2684 9858 3226 4271 780 807 571 6175 4683 3958 308 3543 2306 6328 7919 2324 7095 8223 3976 6572 5387 6630 7001 1091 5441 8922 9925 5136 6293 6788 6213 
7076 1470 5948 8019 6538 3181 9619 461 5890 4252 9193 875 1385 2108 2482 8185 7462 8976 8229 9098 8015 5987 574 9549 8310 7934 336 323 9726 6592 5235 913 9117 4160 2275 3869 92 151 800 9366 2817 516 4941 1932 5298 6182 9331 4965 599 8392 304 7707 6792 7525 7853 7412 4803 9890 5631 6809 6771 8798 7517 4136 6704 3782 9636 4385 7163 8271 8397 5355 1127 5106 8769 5683 1710 6896 6522 7470 3325 2612 3224 9787 6664 6515 8962 5858 4543 2103 3744 9026 2676 6274 1491 112 2505 5986 6246 3398 8194 3694 6423 6961 6920 9397 2166 5598 7756 7697 2370 4955 8003 3481 4655 6253 7116 4467 802 9947 8673 7174 9622 2833 3602 3208 1008 7435 8098 7592 2382 7296 4261 494 3504 5846 5409 6578 3258 1596 9420 4898 8004 6460 6857 1122 9030 5509 8924 747 4211 1611 158 2340 
1648 8020 1824 3122 6780 7377 5666 8557 5432 2250 2349 1654 9330 5595 1129 598 5536 7602 712 2309 1011 7180 6413 572 5301 7956 8272 5115 2803 5499 7698 1505 2167 4201 3039 9825 6287 3515 7054 3397 4577 5767 3171 4174 9425 6065 9074 840 5619 8451 9803 4557 813 1430 4203 4816 681 2856 4580 2810 7399 4923 3842 6547 5662 7925 163 1802 144 871 1010 9792 774 7222 9105 2076 7748 4373 3296 5428 9240 8967 2794 8965 138 2638 3127 8887 292 9718 6039 3796 1291 5523 4419 4935 8453 9832 551 5376 1061 5936 2162 4838 2033 8547 6397 7402 5759 8489 2499 8403 8040 8554 8639 6231 7090 4461 862 2395 7798 961 8634 2891 3858 5467 6446 2576 591 709 7911 3614 4312 6530 9517 3031 9323 5881 7988 6925 8147 5762 376 4664 5443 6680 182 1537 3482 2045 1903 5097 5564 6331 6149 
4126 6839 4657 6787 8669 3830 9796 8544 8603 4243 5548 8852 9147 4289 3000 6826 7084 7011 4134 7639 4453 2600 5458 7130 395 4525 7359 631 3050 9188 7890 3701 3806 6225 9471 6347 2627 1980 4458 3632 8835 5225 6652 3233 2820 9723 5061 2782 7856 7008 3763 9390 931 6096 1040 8823 3382 5452 4844 5041 4824 2910 9223 9746 740 7786 9654 4049 4285 7176 3395 4423 4883 9224 8684 3420 8561 7302 3183 6516 1672 4436 8298 8732 1651 8659 5250 6955 2048 8549 759 9873 8016 2596 5522 5792 464 8867 2530 9697 4918 8167 9535 6431 1173 4894 1592 8624 5976 6392 5720 9434 7411 6820 8593 236 9520 7080 4644 7933 8378 3621 8641 4009 8747 7994 8713 1063 806 3097 8686 6967 1657 3857 383 3402 5077 5451 6057 3260 9635 1143 7758 7449 6690 9823 9640 2788 3083 4369 3423 6198 1004 3874 
5955 526 9317 2827 3182 6256 7253 6898 5771 4715 3365 1949 7023 6789 6494 8734 6140 8026 6144 3766 2232 3117 2840 9035 9606 6651 8382 9798 7792 6266 7564 6341 4783 5292 8032 3767 5609 5692 3707 9540 8596 9955 559 168 4335 454 6068 758 1326 8390 9186 4947 4925 6236 4909 5459 7523 3098 4407 3686 3866 8290 8350 208 5636 3924 4753 2099 742 5874 3160 4813 2216 7596 9827 4399 870 7773 4823 6832 2289 9251 2938 8215 4257 3232 6799 1167 4970 636 3077 4439 8954 341 3436 9690 3223 5454 6265 7635 1414 3669 8153 7589 7146 9110 6724 1132 8356 5524 8915 7904 9584 1756 6575 4982 5919 3920 3197 7460 5308 332 4554 8620 537 8739 6379 7204 9713 6404 2299 3441 5808 1191 3833 4626 2969 1787 7694 8697 6902 7455 6660 3152 8807 4865 7155 6635 3738 514 2529 2706 174 6601 4387 676 8726 5480 9830 5834 5917 4804 6978 7073 6751 7175 582 6605 6251 8462 8656 6237 3674 9659 6742 4345 8906 6643 4741 9408 2907 8398 3405 1200 76 8944 7958 4205 5824 6569 5740 246 1930 3634 8049 5090 8613 449 2239 5809 2573 3491 1864 8125 2210 2149 3652 7138 8571 2160 2041 7101 4424 7844 2199 2595 3609 2765 7351 9933 4481 1055 5101 8511 1059 4084 8400 4654 7211 4674 7085 5162 3680 3142 3971 7144 324 1594 3027 7474 3545 6744 4919 6908 2813 2871 6824 4405 9522 133 9174 2129 2597 7626 7742 6294 8391 6235 6316 9738 7262 1327 5763 1386 4093 4995 4617 7850 7452 629 5020 3836 9571 9775 1139 1016 3799 2501 5502 5325 4145 2378 5372 7803 5266 2389 5859 3319 1006 9521 436 4074 
4008 4067 6309 5954 7488 9731 8144 5187 6833 1293 1464 9088 179 6420 1365 4184 4532 2408 4846 9135 4120 9208 4311 8426 5318 4748 9625 9684 3135 4492 7678 6502 2211 6325 5263 6533 2427 9055 218 7071 2726 4614 1074 7993 2875 4534 441 1800 1339 8421 6872 4822 8664 6118 6481 9688 9352 1388 3275 8585 7465 4927 7170 2983 2745 1391 1919 7526 8703 9532 5933 5048 6996 8352 1401 8186 2345 6770 6947 7006 6183 9310 4885 5947 7507 7658 9449 722 6617 4847 7566 5887 132 7797 2229 8233 4793 1312 7384 6440 243 9249 6586 4462 5513 6988 2220 6619 675 9577 2266 5336 1827 2032 5218 1029 1625 2379 6202 7774 5867 9813 1246 2653 2202 529 5907 1630 6063 2830 4508 7264 2615 450 1178 3051 3813 8574 6113 1839 2759 5057 6762 4305 1041 2564 2278 6661 5186 9273 3002 4601 6045 3936 6591 272 2944 4745 8372 2870 1968 1989 1277 8961 1146 3624 4098 8988 2026 5525 9891 2708 2575 4778 407 8993 5407 7434 5566 9579 7257 1631 5900 8104 1528 3003 4442 4658 700 3533 2023 8405 9693 3651 8077 8281 7375 4917 7804 2219 1334 6500 3893 5921 5512 842 8099 2159 1023 5997 3970 7638 2749 964 6702 9416 2085 2767 7313 1233 4629 1121 5074 5302 7767 851 8912 6272 4653 2989 6454 7331 8796 5155 8986 4910 9681 7747 8755 711 6682 9934 3444 1552 8910 9276 8792 7213 4406 1809 121 2990 9443 2577 5785 7732 8518 7876 6932 2281 7321 2365 2635 9244 2850 4094 6672 4389 7852 723 7516 5114 3604 8282 7414 7119 848 3798 6095 5492 3149 4583 4041 4430 9007 9809 2422 2078 8514 7258 7397 495 5693 
8964 1411 6014 6722 3889 2290 5837 1529 5430 3765 6951 5908 2834 1878 4781 8308 1583 9253 4079 4075 1524 8014 3725 6952 5963 4276 4415 2993 1170 4850 4179 2305 661 2823 9129 2195 6009 6848 8803 2683 5161 3640 1105 8832 893 3177 3354 5676 7800 5810 5124 4586 2639 9658 8722 6105 3944 3906 6402 5204 3984 1742 6698 20 4396 915 8586 2807 1683 1626 2924 211 3278 693 3692 8117 8648 2404 4351 9779 9838 7068 991 5888 1875 8012 7561 5201 2996 6536 5533 8601 4852 9513 7421 1902 3431 5083 6445 1499 8553 2013 4103 9328 7171 7019 9143 1545 7445 6627 7676 5342 719 2712 3164 7991 3808 8874 7040 7668 6914 5926 1022 7184 255 6129 4364 8389 361 4495 8541 3446 5924 9518 6869 8222 1263 9761 9142 8680 6837 4621 8221 3255 725 9107 761 6247 4712 642 412 8458 6854 3775 6178 6161 5632 3818 5175 7426 497 294 5605 3972 7234 4939 969 8302 257 2916 7569 154 4736 3759 5539 9794 9870 4087 2267 3877 405 7048 219 392 8531 5228 1297 6 8018 4924 6543 2901 4181 1013 7944 6559 7097 878 3165 3432 5094 4224 4821 853 2534 8473 3693 3237 3891 7410 9537 3464 1030 1131 2241 8399 3438 1197 6548 4450 1215 8700 153 4240 7649 7710 9217 3598 5795 4853 5634 5221 6564 5 5446 9630 7286 608 748 3499 9087 4395 9657 8342 4679 9337 4111 4448 1788 119 9233 9445 2560 7060 7102 6731 6980 4738 2420 5547 1025 9581 2953 2854 8938 4971 8809 4249 3494 9462 394 9538 1858 785 1161 9753 3789 3966 3344 5328 4454 8407 8615 431 147 2434 6588 3317 3012 4485 7651 4190 
5483 4362 4007 4774 6132 1058 7423 6656 2474 9671 7482 3070 3247 3483 3411 8380 9737 8085 3839 4433 9094 7129 5845 108 3367 5064 2409 1857 1813 7973 4374 522 5294 4083 220 6435 1562 1575 3729 4984 1444 6384 1090 3983 6815 6776 463 279 1680 2521 6223 9883 9018 5871 9667 207 3708 897 2981 4279 620 2922 3099 5872 503 444 8824 9296 1096 2925 3040 3751 978 4459 5993 5403 8245 8412 8540 5649 8363 9956 4767 9664 519 7717 6713 1403 1371 3200 3318 3527 5560 363 4552 4058 4911 8710 3967 1307 6155 7499 3554 7512 1068 9839 9202 2889 6634 6417 4398 8069 3400 7205 2279 9236 5119 2484 4019 3682 8528 7913 601 8876 2043 9523 302 4010 3695 799 4588 8161 1912 5098 9084 5656 3075 1153 1324 4681 5283 2780 6153 3261 6312 4529 3329 2634 4268 9610 2652 4054 8538 434 659 9283 6452 8001 8329 2970 6070 9423 3911 2357 3755 9139 8239 1517 9078 8007 3797 4855 5286 3001 4815 4004 7906 3953 8829 3399 1559 902 1780 2259 1045 6351 7948 5689 7190 2766 2380 7469 4973 2385 202 6348 5868 2908 7063 4088 8318 7208 4047 5975 7131 4418 7826 6600 6382 8135 5802 123 4006 4660 4933 8694 228 1259 8236 4623 5385 1054 954 4622 9534 2203 5982 5268 8106 6985 5774 882 9774 2024 6257 5151 4110 5669 6269 4322 4428 1670 5745 5339 9091 1834 7061 2011 2791 2491 4051 1183 1740 77 2965 2282 3673 4839 7103 5215 4565 6904 1493 5516 1504 2614 8497 9677 276 4969 7909 4725 5349 8086 3720 2068 6741 237 1203 7345 3756 2518 3392 5645 4367 8948 9941 7693 5254 2437 1950 3285 3327 9528 1242 2205 
527 1471 3123 173 4302 4001 8314 4598 3837 2001 2008 9265 6007 9842 284 1182 5712 7501 6185 5371 2822 5727 185 4709 3896 6380 167 6828 3227 7580 8183 1479 8721 5123 7855 9903 8740 9468 810 9365 1752 1503 1656 4750 130 161 8288 5043 1859 7226 9953 4042 1053 6120 1230 8782 5163 4378 1015 1031 9824 1269 4217 2626 5164 5222 4515 7585 6819 8409 8999 2866 741 7940 7172 8884 4989 9946 2629 3879 3348 4705 8481 8707 3584 6891 873 7304 695 2052 7480 5968 2347 3114 4766 7684 8623 223 4675 8628 5265 5260 3 622 6324 7361 5788 1501 6948 8738 563 8503 6889 32 4077 9171 7930 8179 1271 734 6910 6463 4562 6232 4739 7058 124 273 9182 5140 4845 793 201 1694 9556 1423 7091 8115 4200 1078 824 1705 3610 628 4317 8671 6821 6133 96 6806 7372 3034 2831 6962 4123 7514 330 3065 9847 7254 8277 5448 6997 1644 9316 1923 7830 2042 2016 7680 7847 764 687 9406 6570 6216 322 5861 7588 198 489 6549 2714 2377 7181 2752 8447 691 7219 4522 117 4147 5192 8801 9609 128 6115 6333 7627 7046 177 8475 3388 2295 3523 1350 7198 2236 9594 5748 1179 8968 861 7670 9963 3988 1437 8871 1746 5643 7132 847 3085 4627 5125 684 1769 8989 1513 5420 9948 1775 8678 5915 2092 5271 6031 1692 3246 4247 8332 3916 2458 1101 7870 839 5610 5686 8632 9158 9480 6453 2137 8348 2625 3757 1075 369 560 3274 1868 5087 7093 6375 5313 7887 2432 1674 9559 5903 7043 6139 7152 4159 7768 4502 7907 770 3425 3777 5173 9812 7404 1397 1021 3600 9168 5704 4426 4607 4546 7730 4288 9362 1962 7203 3014 4266 9219 6984 
1412 6191 5482 1235 5542 6426 2060 9848 2768 8203 7436 4427 1116 5181 8839 166 6258 5004 3424 8952 4945 7560 2940 417 6479 5941 67 5240 403 6797 3214 6282 4828 8073 7593 8663 9275 4350 2468 7505 3430 9822 1988 1112 1723 1103 7851 7269 7405 8172 1282 1192 6946 7711 6638 5102 8760 2460 4197 7641 1900 4142 3583 561 5694 1210 4043 6874 8527 7111 4574 9648 2040 860 3279 2865 8883 2994 2286 1154 3574 6416 6582 7655 7363 2758 755 165 4177 7953 8092 8505 6912 8542 8564 2310 6032 1543 1848 9781 6558 4176 4267 3623 9674 3192 5671 2843 4726 2851 2063 1604 8267 1954 5157 4862 7761 2228 4609 3664 7971 7753 7087 104 8522 9051 542 4128 2464 6383 4372 1805 7677 892 1453 4805 5789 6291 1440 9767 1217 8343 9510 5932 5093 5806 3218 5331 7326 9583 7225 632 7510 1585 8818 4284 3811 9637 3061 9845 4365 5345 6035 5744 9332 2419 2562 9085 8811 6954 8833 792 906 9019 625 3716 2387 2300 4425 507 9633 1458 8119 6017 944 4328 3228 6930 253 346 8295 9729 3119 2572 9021 6565 6043 9853 59 5507 1469 5304 8495 9701 4359 787 6489 2730 2933 7781 3203 5685 5958 451 7691 8877 8437 2731 996 3068 7722 6212 8683 4342 4504 7726 3442 3095 5421 4231 7695 8059 16 9286 8440 6505 8202 3073 1799 3907 4915 1144 9856 1549 5746 136 1771 490 1278 7034 9281 6040 4035 1419 1726 34 9243 2007 2500 8459 5585 5231 6267 4735 2399 2314 5644 5981 6116 5864 8025 3934 88 190 7457 5232 5103 7612 6613 12 7098 888 2754 6082 5488 3166 4310 6158 7398 5037 7522 6141 1965 7319 3022 3069 5923 6803 
3005 8911 4952 7312 4479 8079 8917 1582 6361 3293 1774 9075 6657 815 2703 3235 343 3594 9312 6892 2467 1465 5478 1782 1715 7418 9916 3236 757 9739 5764 1937 4062 5766 3249 9837 4468 5006 8539 8524 5971 6717 3295 2388 5705 3865 7918 2528 5714 8744 8940 6887 9157 6474 8231 2685 3052 8677 3629 4751 8173 8942 5754 2214 8763 4282 5461 5284 3987 3338 3633 9061 2155 7999 1155 4930 2109 5354 5295 9071 2227 6475 2584 1994 4118 8328 6381 9277 577 3313 8274 4825 5909 2583 2610 3495 7271 3731 3962 1285 6901 2779 8220 9333 4954 616 4757 5493 3684 4967 2004 6109 2417 557 478 3341 7491 1984 3606 386 1553 2681 4156 6396 4333 9034 9879 5852 365 6969 7617 5258 773 28 6922 2443 3618 2799 8375 6927 2320 155 3854 3846 9923 6254 6135 1461 3467 2100 7885 2789 3742 7577 1822 3379 8423 5567 4719 3304 4109 6979 2116 2475 7214 4854 4758 3914 5149 4183 9083 2123 413 4011 5799 5857 2590 6989 766 4417 3947 3851 8693 2284 406 9551 1180 9380 2339 7274 3222 263 7653 6313 9357 2613 5543 6879 4129 69 5109 6546 1275 7079 3211 1298 3871 3989 5563 1904 2234 2101 1941 1177 5538 2141 2739 997 7739 7728 4542 3556 7310 4526 1231 1207 9360 8430 3582 5033 6078 7687 5287 9404 9580 2223 9209 3671 5016 3462 4253 435 612 5096 5667 6707 5526 2302 8359 6977 6567 6807 4371 1043 9882 554 2080 9335 7675 8733 7355 7237 4742 1456 3215 6906 2796 8216 6873 7161 8761 313 4507 8868 6436 3427 7683 9042 664 241 1417 7238 2972 9167 8637 2188 4700 4489 3899 4277 9351 6631 8560 855 3909 5929 199 
2297 6545 2296 3418 4421 3299 1405 5129 520 9436 5010 8905 8190 7141 1064 4061 8131 6715 4368 3352 9783 9448 657 775 7542 8840 5928 1420 1243 8154 3878 8362 7719 240 9725 8486 4888 9153 513 5884 9077 7652 2934 9363 8841 7049 2056 4496 6061 8980 6915 6990 1162 8036 6599 8111 5530 3037 40 1564 9057 1623 4632 6285 5517 7228 9 1447 3276 9943 8175 3986 5580 6936 8353 3456 7998 9709 9651 3809 9248 9130 5885 4646 221 6714 9369 8955 8307 4649 4262 1108 1956 5437 2664 1961 6418 68 8918 3608 7920 3881 958 8982 5544 2569 2674 2523 4187 8090 6103 1081 1737 6455 6339 3951 9210 175 1925 5730 9506 9000 1933 8463 3918 65 8120 3625 942 1166 5511 3513 2620 4857 2312 732 2687 9308 8974 706 6201 4038 5591 7369 6509 13 7004 2936 5401 8857 7283 6136 2917 2242 3373 1747 7610 4713 1038 1964 7530 3026 8062 1673 1072 1999 2322 9440 1319 2200 197 4817 6761 2988 3401 7037 1472 8346 7754 9180 5700 7236 5893 9526 9145 1000 4950 6574 901 6060 3047 4848 9239 8608 6618 7057 4638 5243 3683 9024 4157 4172 8021 5508 4953 5680 8985 583 8103 3615 7273 6483 1576 2457 743 5775 2235 8388 960 8995 2121 3539 45 8136 1148 4602 8414 8565 8901 6467 7771 1020 3120 5422 3458 7284 4506 7317 3593 6021 6668 5290 9099 8320 9264 3386 1360 613 7533 7473 5350 6729 3437 2257 3639 2774 4270 4153 9618 1724 726 2931 1976 9361 4841 7456 8654 6611 8418 2147 2304 9185 1321 1434 5863 7801 367 74 7860 9458 8123 2029 3628 8278 21 1240 7339 5918 4961 3381 5332 6353 4076 827 206 9816 1421 8334 3048 8577 9327 1262 192 
6663 232 8963 8138 231 1117 3188 645 5889 6184 5961 1641 7187 5949 946 5436 7908 1700 8727 9212 6321 771 3648 6671 3072 1719 8500 8972 1870 8132 2785 7595 4946 6354 7477 6297 6148 9372 5853 5145 8251 7779 1007 71 7977 1636 3788 9527 9940 2882 3804 8891 4409 6443 9234 4807 797 3699 7169 3450 7995 5045 4869 8998 1506 5462 5695 2806 1270 1803 2217 5166 6464 7821 1921 4056 8647 7301 3466 4587 5770 4233 1725 5121 8805 2524 604 9899 2846 3018 6971 2428 191 4375 4648 5415 540 1718 2628 647 1658 2995 8325 1815 2346 6804 7558 6114 2602 5329 3677 6973 9544 3210 9733 8317 8836 116 7984 5860 1958 3428 5839 2148 8149 2603 8651 2666 4785 7466 4942 8107 9919 7117 9898 6077 8625 6087 2923 3979 2489 9493 4765 9263 1336 7874 160 5540 4859 4977 4686 9280 215 5883 4304 6945 2648 3030 2065 3339 8752 1888 4092 626 2680 3383 4922 7427 8816 7015 7922 2697 8791 1983 3106 2471 4596 5942 8742 6414 4349 910 4334 311 9600 5664 1028 4275 256 493 6458 118 48 1097 438 3619 818 1475 8195 371 1039 4155 9616 8516 8670 3832 212 5706 2177 7788 7096 1308 9874 1944 5765 777 3873 2503 3089 9965 1554 6490 4209 8597 5722 9463 7295 4535 8472 1783 3093 2979 4086 7591 5311 6390 3815 3378 1396 7511 5606 1675 4438 1734 7650 8204 9050 9748 1084 3992 1337 1691 908 2914 1928 2424 8460 5333 8653 6918 6019 5679 6342 2341 2668 6943 2538 4133 9875 9951 178 7463 7338 414 3638 7557 29 7081 900 9285 8438 8584 3167 6373 4100 4556 924 9927 6092 6648 3081 9750 1209 5315 3875 
5896 8315 7961 5777 5070 7606 8728 3417 4420 2414 9553 3116 5253 37 474 4604 3778 5731 1228 7790 7147 2191 6964 3981 2718 126 244 2978 2722 2285 6852 7757 8618 5869 5082 4040 4112 1525 205 6708 5589 3288 2095 2423 4278 9962 1 9511 100 2372 5537 4173 6738 9717 9704 345 9173 8878 3021 2036 1044 2096 6167 4691 8716 3748 8685 4987 798 7586 6701 2688 3514 5934 387 9828 4990 9945 1922 6465 6121 1460 7950 7891 6360 7832 8071 4000 6831 8366 282 1816 9132 3173 6772 4707 990 4434 2197 368 7620 7802 459 4108 1579 2864 6693 673 1086 2928 1073 5047 2957 5906 4490 850 6645 3492 7028 1619 9603 2956 242 837 6929 8225 3960 3074 2510 1894 7500 538 70 2405 981 7951 2274 7314 6214 950 5749 2215 27 17 4057 1393 2515 3700 9054 4404 7454 7374 1374 6211 5066 9048 3946 746 1885 134 8860 4068 7900 204 5497 5938 6371 5556 7056 1496 7400 6071 6726 4581 1281 9374 7590 9756 2005 7905 9498 6633 8180 7669 938 9863 6451 3679 8827 7823 7931 9593 5217 9617 7749 9106 5053 2588 4376 3655 7631 33 9734 3829 4914 2082 7723 7839 8689 4140 4540 4150 3078 9552 8066 7787 980 7746 8606 8555 7293 1163 2183 2057 8666 5503 846 3969 7745 1190 8431 2808 4189 3126 3496 6921 3752 2081 5018 9576 1362 9205 5148 9163 9394 1219 442 3156 9514 1851 141 5527 9396 4782 9441 5822 9716 9028 1026 310 536 2264 2717 5028 4926 8568 8101 8214 3049 7280 6196 1375 5964 1616 5821 239 1986 14 4631 654 7393 5055 3912 7498 249 6965 8157 2566 5374 3553 8853 6562 9399 7791 5252 6814 6503 945 2265 6033 1126 8265 
1884 3890 2769 8846 6190 4361 2887 1359 7016 7902 2532 2650 6131 1595 8498 238 1169 8146 6020 5417 2303 7438 5668 2254 1955 4003 5943 5613 3198 7403 1184 4879 6730 3471 9566 2604 6179 1302 5183 3531 9483 6415 3522 3745 8819 3826 2132 7720 8303 618 5397 9570 6577 6754 4101 1916 2213 4 1446 3568 5989 384 6816 5399 1565 2509 6403 5813 6993 2450 1568 8953 4105 977 1873 3230 7822 2050 1273 6062 2935 8776 283 7599 8543 6124 401 5711 460 1484 1521 5442 1071 3587 3704 2466 2256 9041 4412 7126 1017 2 9427 6386 1189 9958 9211 1776 5970 6429 2102 7255 3146 9459 5439 597 4521 5165 2110 6653 909 5203 3408 8148 5848 8010 150 8326 5729 9438 1009 498 78 6527 504 1237 7917 9418 7794 5040 4215 7637 1309 5035 2502 1368 7643 6683 7368 9123 8228 9931 3861 606 4717 7013 5599 9102 6192 1534 3154 3180 3685 3178 5346 1082 9773 7249 669 2352 5820 9342 6778 5150 8534 836 6425 1527 9634 2631 2321 9541 2654 5571 9027 9349 5979 2298 1266 9391 1351 2435 8159 4258 8729 8198 9745 2741 4391 3786 5781 6248 3803 1905 1196 6526 9911 8464 5951 3620 6171 2553 8152 3502 8866 3104 8698 9419 877 1452 2145 379 3422 9968 8978 2536 5272 5691 4225 3478 7729 1205 2193 5699 3449 4808 8820 4245 97 6099 6845 9917 5687 1830 3128 2319 57 8865 3781 4347 3791 7862 4388 6234 44 1380 3864 1948 3722 984 501 532 2260 2694 7673 4937 6748 4794 8393 1633 6208 3145 1202 7044 2186 5811 7810 9892 4513 8629 5280 796 3816 5156 9799 259 8230 9705 2479 3268 9089 4212 1952 7980 9866 7769 511 7039 9539 7221 3322 2673 2968 
1589 7017 2238 7134 1772 9081 1877 3064 349 8321 4355 6603 1406 2539 6485 3190 6616 7010 7556 2421 9724 8209 9090 2187 8937 3721 3994 2962 8331 5023 2991 2659 1798 6186 934 6000 8213 7475 2836 484 3118 2578 9068 1621 2128 9389 9924 2873 6030 7121 7831 5515 1223 8419 8095 7241 9601 9629 3465 2567 9431 9424 2390 7818 1328 325 9884 562 7819 4871 9591 7349 9592 152 4635 7055 7704 6229 1214 2699 1637 162 3643 457 1404 1283 106 3764 6242 6145 1639 663 3372 7448 9626 1462 5914 9508 9808 9722 627 2192 2760 427 6088 9269 1650 8797 2366 6737 9274 1027 4988 4731 4541 727 8520 4226 9641 555 439 3518 9400 196 5642 6496 2287 4274 4672 9177 4975 2091 1343 7708 2641 5366 7622 7648 2832 7833 8587 2874 7799 6271 6880 188 1511 6719 4482 4972 2353 9638 728 2117 9611 5625 8017 8808 2557 5348 6709 643 2318 9653 295 4932 9122 7191 9670 1531 4445 1826 9003 2058 75 5202 440 9692 6838 9121 3776 8870 7992 370 4949 1762 6174 7846 1256 8672 4460 2926 4307 9062 6424 3834 6355 2429 6938 6330 6466 4151 1274 8436 905 8142 7780 2402 9939 7927 6408 3616 1909 4452 5389 7690 8582 4494 1239 7785 4005 5126 4182 4505 4146 9932 8572 5716 9515 4484 8093 544 1254 3457 193 1065 4015 98 667 4017 2737 2363 7083 570 8300 603 9207 3555 7709 6495 6395 6884 9303 1042 4379 966 300 9227 2245 2660 5842 8476 6749 8813 6210 2441 8143 1498 1193 1299 8261 251 4192 8949 7978 737 3558 1712 7688 2046 8105 8027 6942 8164 8969 6589 6023 8851 8324 8872 216 4959 7671 2715 1729 5682 4603 5054 3140 