72




































54 











3 170 8 
52 53 57 34 74 
155 133 
153 14 
97 136 
56 
117 112 
94 174 
176 64 
58 
141 
82 5 
114 113 107 108 102 9 89 90 92 83 84 70 69 60 
173 172 166 167 168 109 19 35 36 30 33 93 103 106 105 78 59 154 
37 38 39 40 161 148 149 152 91 86 65 76 
120 126 122 159 100 20 88 22 23 24 25 15 163 135 
61 63 132 140 130 147 151 162 165 164 124 110 169 
0 67 115 156 71 31 85 49 75 62 7 18 21 
146 4 138 43 150 28 51 111 72 129 128 119 
87 1 41 79 158 32 142 143 157 17 45 77 
55 175 68 48 123 42 144 26 131 66 95 16 
47 127 99 139 80 145 29 137 46 
96 73 171 81 50 101 12 11 13 125 6 
116 2 44 160 10 134 121 98 104 27 118 