144
4545 1064 7383 6026 2049 6297 205 4380 4729 4847 5393 537 2661 3880 5631 3125 2328 1238 1408 5015 6956 3862 689 6576 1139 1549 
6315 3129 1890 7949 2342 1489 1607 4852 6889 2333 7753 419 3728 3743 2322 1088 5366 1045 1727 5951 7308 202 5704 355 6149 
3188 433 7619 7505 1896 2128 500 6853 781 2079 4403 7453 3429 5932 2261 1040 2556 3422 171 7957 6796 6043 1957 1218 5792 2812 4797 5783 5620 
238 4905 1479 7543 1398 1739 618 2256 6150 3790 6681 2948 2320 7471 5957 5730 5570 7451 1039 794 7765 3576 4536 2471 357 7122 2323 6748 
1241 5318 7442 6120 2683 521 4965 1253 3554 7578 3256 2358 7158 3420 4667 6960 7568 2353 7155 4095 7708 4324 3481 5154 3897 6100 310 
1831 67 928 336 3981 7148 4498 5442 5026 2602 1840 7066 242 2445 1496 7490 2454 4640 1721 6115 187 7355 7928 3638 
5902 7733 4239 3729 2816 7684 4493 5968 7205 1717 1271 5465 2851 1912 2169 7302 7492 3873 2711 2927 5071 5750 1433 7876 1858 6352 
7731 6081 4119 4669 6380 6858 3 4321 2759 4816 6337 6024 1086 6568 1461 2603 6811 5749 879 2724 803 5050 4214 3933 5669 5408 7404 
3418 4309 6787 6420 775 3168 7448 3082 6499 2582 2910 1486 4954 7873 6897 609 3087 7485 1094 4383 7958 5765 4210 5184 3956 4701 553 
4368 2126 7403 4055 1194 1307 5260 5211 5367 3754 6044 7184 765 601 4418 7240 2573 3473 4535 2193 5562 532 6385 6269 6991 
4834 4833 4512 5574 4024 1459 6145 5732 7609 1453 6050 7943 1848 6214 5848 3028 1617 1899 5411 2033 3165 2547 3626 2461 3789 2831 1065 4546 
4250 6598 5430 2482 7679 899 545 2249 6822 7209 4156 5093 5452 2279 1731 1003 2219 2294 212 1924 2684 554 178 6814 
6610 5194 4370 307 4289 7738 2020 2374 3341 7766 301 2594 555 5629 7454 2911 4972 5497 792 49 6290 257 641 6566 1513 2094 1515 
5607 5550 2427 3819 2410 5319 1189 7620 4788 5355 1335 4044 6969 6724 234 6152 7218 1736 1635 767 1259 6275 74 2788 2847 
7554 3247 5373 5672 5941 5495 1636 7389 5383 663 4285 7230 5985 4916 2489 2818 614 6635 4994 1933 4461 45 6292 4661 4438 546 2125 
7318 7560 6494 3214 5987 5914 7207 5614 6586 124 5557 732 1796 2326 7959 2595 1378 2267 2612 6782 2182 571 7675 6141 
2303 1031 4769 454 3345 1843 5142 7584 3446 2425 1225 4313 293 4064 6348 5543 2239 2558 7723 5716 2614 7567 947 
7259 7261 1267 7328 7507 3667 2315 6155 7630 6240 6160 1132 4097 3929 2590 2318 5352 1846 1555 7077 615 3992 6984 1417 
1536 179 6105 6439 6245 5201 3436 1130 496 2810 104 3585 3905 5709 2738 2451 7487 5368 1964 4128 3127 7132 4848 4041 7869 560 
5371 5377 1280 4652 220 5024 3608 7224 5395 1414 3656 6981 2343 5583 5227 1528 7857 138 6646 6448 3071 3317 7272 
5725 3365 5587 7285 5456 658 7502 6322 588 576 7635 1658 3323 774 7519 1232 6189 1998 558 3860 648 7452 4524 5677 
7082 7674 7623 1221 1017 2 1779 5401 7491 306 1422 3964 3658 6625 311 819 556 5584 3060 4544 1917 473 
946 7521 1487 1562 2610 4375 132 3448 1330 1659 4785 7569 3020 4221 7948 5073 3678 5529 6764 5597 1113 6217 436 4666 
2533 769 5253 3312 4348 5029 1371 6876 636 904 7576 6994 3500 791 7588 2714 2756 6678 2553 6913 396 626 570 2223 3069 
356 527 4496 3957 3937 5161 974 3385 7704 4636 2492 7362 5072 2679 6935 832 302 694 5098 2891 2023 6629 1610 1865 1649 1544 4629 6098 2789 2363 6798 7220 7152 
5542 1306 4525 3843 2173 7580 4927 5263 2900 4223 800 7861 5496 1029 734 6319 5690 6673 6103 7476 3652 647 7839 3578 3421 3709 176 7277 2727 4406 5155 1891 5030 
2893 6551 6362 3839 3118 956 1741 1742 7625 7114 5520 5531 4262 486 6940 1128 7825 2544 2135 1308 1217 469 4391 5427 910 3178 7391 2697 4241 6609 737 2904 3285 2437 
2120 7143 2467 2285 7062 6636 7759 2108 1508 6818 2841 5088 7912 7441 3151 7327 3736 5768 32 7823 5327 3224 5244 7872 7889 7788 6015 389 4124 3014 3258 4190 4802 4159 
7371 1182 4 2777 6363 3581 594 5909 978 5108 2723 958 7440 2902 1718 7618 7807 2856 4864 1907 1325 760 3910 7417 143 7427 4424 669 5706 7227 886 6963 2389 7633 
3424 2834 6258 338 3509 3924 1034 540 447 5166 7802 1602 4118 1462 1855 719 550 5249 4457 6501 6817 1019 2918 923 825 1277 2370 4806 1179 5818 4087 5193 1852 7640 5392 
3182 7202 4901 4356 690 1505 3688 522 2335 6617 2728 2346 6025 1383 125 2653 2692 6299 3092 1323 2731 3185 1291 1887 2739 346 700 4838 1667 4169 4843 1480 
5312 6492 3666 7012 6599 2978 7384 4931 3259 73 6143 5237 4508 4019 7892 4137 6291 1945 7931 6624 2003 6289 1694 3710 3696 7274 6466 5114 3344 7921 2066 
822 6905 3352 2292 1879 4630 6030 5378 7467 7212 1135 6831 7458 1979 458 3505 951 2641 4634 7647 2059 2947 2675 5956 5702 6879 944 3857 3895 249 1657 5977 
4132 2598 3898 5609 2232 87 5735 2211 3431 4459 4734 7443 2819 778 1954 1376 7165 5085 3336 5603 6608 3016 2579 4520 6313 26 6248 2092 6296 3081 4507 6921 4738 4110 
6840 6839 4842 6885 6561 5477 3672 6582 776 4026 2312 2307 4259 3138 6750 1966 3458 7177 3439 1492 7669 5212 674 1148 5861 3324 4920 6977 7692 7388 
4775 6669 6262 7071 4416 6915 7561 3279 3254 1484 5083 129 85 1187 5159 1520 3218 1512 6650 6661 4408 5234 3936 2259 2387 7544 949 827 6727 1665 6786 
6014 4840 657 4887 4710 3109 6164 5206 2689 3077 4557 1317 7589 1689 538 6409 1676 6645 1828 6161 5289 1231 3162 2208 2655 853 6643 4369 7929 3954 6432 5763 
232 231 6303 7033 5655 4350 7406 1666 3220 2487 3726 1777 4803 5001 7146 3623 3282 6861 5581 5369 1823 1354 4815 7867 3744 381 6801 7474 6613 4995 2743 14 
3719 5076 6007 5928 2873 4748 1012 7349 7153 68 5120 7668 6830 7460 137 4529 6895 1747 7942 4376 4028 4740 7337 2772 7815 7520 5221 7570 3246 3274 3663 
61 5666 7226 6067 1975 4079 4829 2959 7881 2015 1248 3490 812 7382 6468 892 6391 247 7434 46 7056 3147 7764 6882 4831 6011 3340 5016 324 1032 3864 7378 
2238 2237 3825 166 4728 5397 4763 7743 3573 7797 1838 1709 3669 5224 7314 411 3210 1511 6659 541 625 169 7332 3596 1177 6484 1909 2243 6267 4910 3086 359 
710 6138 3072 7418 7123 1977 4121 2669 5815 894 7035 3990 7694 7676 5991 799 4963 7727 6804 7531 5379 4696 2298 5303 3714 1618 5449 5604 7201 6873 6932 4926 6036 
645 5122 2604 5056 9 5183 5292 5560 2310 5555 1897 1309 7217 5898 2620 6514 3625 2091 5014 2770 5503 766 7316 6747 4275 6667 6607 3600 3343 7887 1102 
1359 889 7210 2409 3922 2401 146 4316 2251 577 4331 1874 5388 6168 6733 6555 7461 582 2912 3475 4317 5464 2263 7687 5428 1628 1337 1675 983 4742 5443 
2474 2473 7737 6557 935 7108 5204 5324 6622 4552 1725 1494 6055 4554 7019 6522 4628 1028 1239 567 5420 1790 4991 2005 7905 6543 1321 4794 1563 6648 3504 
7908 7914 1 7416 20 6046 7566 3195 2905 6850 4364 1364 1684 3979 2076 6233 7195 7251 4956 583 455 1382 552 4147 2188 536 1847 3403 1504 
7672 2362 1129 5137 2875 6179 4970 5678 4616 2771 7559 65 3577 4588 1055 5553 5219 3930 3619 823 3733 4359 2986 2798 2201 5214 2070 4271 2660 
4427 2952 4020 2999 1465 3627 6000 1312 717 2605 6912 5426 1625 4372 4639 745 7392 2690 920 3700 4445 1377 4601 4644 2505 3497 4165 6293 3073 7945 5490 
7200 7783 821 1524 1348 7320 7698 7121 7582 5222 5400 502 3101 2216 4105 7094 6477 4226 5878 5827 3821 3931 3684 7104 6188 5362 4542 6069 597 7079 3734 3950 7510 2596 4284 5622 1193 5915 7688 612 6411 2319 
4893 5483 5949 3465 2954 4997 4573 443 326 3692 3160 624 5265 4203 5532 2838 7696 740 391 7394 4103 2359 548 4563 1356 868 2199 330 2616 5228 2842 3363 6812 6434 1810 6331 7626 6918 4111 
5247 5548 7718 7660 7851 7425 2132 6282 4888 4220 4633 5756 2807 3903 695 3908 2897 1768 1579 4246 5696 3369 268 3867 5421 6660 6163 6060 53 1586 5876 3978 6920 2446 5185 1143 3445 5339 7144 6908 6626 
2415 1123 5359 2305 6856 1369 2624 6459 4114 5048 2984 6051 2428 4825 1971 7222 4333 2956 4569 1204 1604 7577 7470 5326 547 901 759 2638 135 6074 6507 6392 2118 4890 1733 7511 6552 4582 2163 1490 
7902 5896 3647 462 1188 7918 2637 3316 1428 2863 3927 5107 6381 6418 1925 319 5218 1324 3361 96 6674 1061 982 4560 787 744 1570 2162 407 6104 4216 1395 4367 123 6680 393 6685 7081 
6486 6964 3430 4193 1542 2034 3804 4614 2165 1388 1391 5638 6406 2846 6064 6868 2681 1671 5170 1591 3977 5937 7281 2734 2741 6355 7250 4570 7874 6388 5404 5975 364 1941 3486 807 1439 7463 4251 4620 6550 
6191 415 4197 3076 5123 3308 5950 4787 2801 2519 4576 3809 5461 7030 3232 6339 4752 942 2274 1735 2161 4895 2311 1349 5755 4039 7190 4032 1672 1290 406 1797 219 2145 418 4937 7752 7751 3263 3049 
5778 5777 6715 5654 3411 4555 4665 6651 6533 2549 5469 5458 6287 722 4257 3377 5342 714 2662 2043 3872 596 6927 6547 4417 551 2562 4720 1205 3775 7174 4265 4264 2280 6683 1903 2813 4548 3090 2872 2774 
5306 651 6970 4297 6539 5890 5764 2073 6400 329 7714 5737 4021 2111 7689 1389 1322 327 7871 7264 3695 4484 31 7754 3152 842 7686 379 4779 7074 5453 2513 4123 6916 2068 5409 4974 5644 1889 
5188 5187 6013 3175 2757 5558 2344 6708 1151 1152 2629 5059 3200 4294 2013 7504 4254 7399 2397 6286 3370 7594 243 7166 5040 1173 7021 6666 1041 4612 4799 3030 1458 3083 1497 6906 6401 1674 4440 7061 
6073 7613 1483 6833 1702 1516 6767 5176 1210 36 22 1519 7915 4235 5619 3920 5039 1246 2976 4993 970 3631 6194 4283 1644 2064 4050 347 1260 2632 6 6919 489 3067 241 5728 192 7683 3543 1063 
4657 4656 4650 1243 1044 474 7484 126 1900 739 564 3751 7330 6027 4117 3951 5983 7294 2063 1448 2220 6783 6136 145 305 4553 4992 4504 2671 4789 4205 5799 4081 4971 619 6328 1008 1970 790 
4362 4361 4551 5908 4610 4016 6789 3878 3354 5499 3748 1213 152 7325 1548 7932 5216 1781 7255 3395 7086 3192 4116 156 2797 7192 5508 7868 7809 7063 847 3272 6510 5191 6336 6571 1632 2754 7574 6210 131 
533 830 1760 2172 5322 1841 4468 6443 2528 565 6700 5284 6917 7303 6181 1737 2923 6704 2523 3842 5996 2943 5389 4998 4537 7830 4983 6938 1572 4540 3006 5074 6827 5667 6099 296 7211 1360 259 
2828 4126 5240 4179 1715 5596 19 7169 6059 6384 6642 210 2197 7893 7445 3290 7348 2720 3374 7361 2130 1319 1013 4422 4441 7295 7690 1038 3685 354 6423 7282 6795 1655 4052 3440 3740 2542 6706 
2592 2591 1656 6612 869 109 7595 7092 4396 1623 30 1567 4198 1071 4344 6345 7 27 1442 6737 681 3464 7112 852 3812 1526 3540 7628 6410 3008 2203 4623 4688 1098 3815 1021 6696 2481 6377 608 
4716 4715 4886 3463 6089 736 6738 6638 5931 5934 4163 3849 309 599 1014 1984 3184 850 4208 3846 1024 4012 2031 7804 3674 4736 1710 743 882 1593 5230 3045 1219 1594 3284 605 7532 5821 5103 
3005 3004 5830 5613 7365 1525 3935 972 181 130 2275 1921 1366 2551 6863 7171 4739 1507 7930 2038 2366 6864 2750 5331 4419 4386 5036 7191 5776 1687 6532 5523 5722 6040 5527 1327 7494 3392 3010 6975 
5129 5128 3417 3190 1339 4073 7602 3965 5891 5471 6111 2512 3549 7920 637 3251 5296 4352 7027 361 6173 5945 1895 1393 7750 7798 878 7631 3915 4442 6928 3502 5599 2149 82 3038 6283 7860 5940 6689 
887 1995 7778 1341 5141 3080 7298 2587 1331 2039 6464 3613 5673 1304 2607 3900 1789 4575 4580 2392 1056 6686 3478 7395 846 4914 5539 1882 1137 94 4224 6489 1539 6082 4263 6589 4093 4662 2496 
7495 7501 417 2659 1693 4378 3257 1090 7937 1744 2866 3042 422 3731 7204 3610 1482 6398 6134 4149 2190 7353 1394 5310 1236 6488 4070 3637 4579 440 134 676 5997 1898 2930 3250 6446 5290 431 2198 5972 
5017 4774 2821 3450 2545 1328 2860 4732 7701 3455 5639 5354 5357 6327 1076 4490 3546 1206 6496 845 7047 3212 4718 4730 1200 4387 5178 6705 941 7847 2531 4627 2065 6703 2340 6387 6755 5964 5087 258 
6545 6544 5895 4960 6671 2822 264 6769 2565 515 7527 6936 2157 2664 4353 840 1363 6614 3783 6324 7289 5190 1566 7106 7824 587 5213 4343 7638 3103 4594 3557 2455 2815 5664 6454 7103 3510 4583 5939 1085 
828 1949 2899 2231 2309 7652 7757 3996 6835 4919 3099 7054 4813 1784 7856 1108 470 3269 7913 6311 7858 1276 2110 2062 7411 5879 4048 153 3582 7037 761 2970 6312 4127 5736 593 4145 3777 2695 613 
4303 1648 6072 5712 7011 2600 1184 102 7831 2921 5491 2226 7760 4809 2568 6347 621 2168 6360 6419 2465 5855 1212 3223 5760 3998 2464 2379 1440 1153 1020 2022 2148 4578 3143 3753 5009 6939 912 2160 1930 862 4654 3988 2852 6342 7533 6729 21 1771 723 4430 3027 6800 
7489 1824 1818 2054 1774 4946 3434 7934 5412 5045 3347 3155 3689 6521 2747 4753 2511 3053 6124 165 5238 1285 2074 896 5334 2017 4541 4934 3854 4431 6909 4668 3449 1711 2537 3591 4500 322 4949 4924 3776 7780 4307 3963 2475 2439 370 4889 1606 3875 2796 5586 7050 5492 5210 3858 81 
3241 7488 3942 3057 2645 6775 1597 5410 167 2469 2174 5163 3571 1803 2096 2217 2699 755 3351 7421 3313 47 3526 2687 5662 163 6968 2497 622 6417 7604 7396 7916 3432 2977 6389 3567 4452 1677 5739 3262 41 3068 6546 2116 3204 5195 7730 16 7022 11 7216 2420 1622 
4244 4243 2179 7954 6126 4781 559 1282 7772 4040 2195 2136 4083 4279 4990 3986 3643 4646 2525 5475 5297 6855 2051 2917 3741 2476 1914 911 6844 673 1451 7964 3556 1845 3565 2380 3877 2221 6017 6548 2488 6777 2857 6305 272 235 3032 5089 2835 6904 1596 7102 1419 6175 1195 
3949 3948 7134 933 1819 2704 1464 2270 6907 6577 5967 679 6697 5989 4692 7183 4764 3171 4944 1109 5828 1035 4069 4549 5552 4444 4449 5780 2574 2336 5337 3447 6035 4189 3169 3380 3137 5307 3886 964 6778 2575 6779 4146 643 512 6047 3746 898 3368 7085 3386 890 34 
5424 7665 107 5019 6085 7534 7189 6354 226 3568 3216 7583 1036 1214 211 1578 106 3764 931 4911 5321 7853 7145 2430 1638 3513 3197 517 1059 1054 1207 2554 170 3946 3801 7428 2985 7885 6038 6751 2713 4460 3213 3537 5138 7742 199 2989 7024 5325 6276 2424 6672 
999 2060 6957 2010 3489 2283 1601 3531 3590 5235 6826 5341 207 4751 503 3043 5708 1286 3291 6241 1199 3644 321 7045 4057 1541 2987 5611 2535 1023 3443 5927 84 2225 7072 1399 6762 4157 482 6329 1703 3003 5445 3025 5033 6453 7437 7279 6985 2479 276 3012 7109 
7017 7016 3070 7070 5772 4584 3353 3371 5832 6177 1466 4750 6167 3102 4587 3230 5416 5415 7008 5329 2384 1027 6640 4698 5414 3015 1571 4215 5361 7181 7472 1157 4776 6784 4481 2159 2499 274 7662 6334 1746 1867 7273 4266 4017 2378 5811 7848 3307 485 5441 6621 4072 
1884 1883 1588 580 63 3253 1680 6894 4925 4276 5145 1938 7819 2450 5872 1047 1095 2761 4708 2112 5973 1191 5047 3918 5376 655 2674 214 4031 7538 4755 6034 6961 2293 6365 3945 4835 2258 2402 937 2395 5444 6247 375 6482 3149 1712 4700 7924 1488 254 4329 6208 6847 6460 
3595 3594 4958 4592 7025 4256 7711 3944 6304 2962 3865 4987 4338 1447 2286 5462 814 634 1935 3495 5907 2746 5034 3459 5675 4154 6556 6880 5671 2564 3480 1881 7691 2058 3803 2200 6323 4151 2440 3384 6414 2647 6725 1120 2550 4211 313 7911 5020 5998 7852 5559 6668 
7607 5718 2644 3943 7896 7084 1289 4180 2844 4219 4042 7346 1918 7644 3394 3338 6947 4472 3410 2369 5317 5336 2628 715 3795 6193 184 5873 5616 1298 6157 3616 6076 6366 4772 3768 3221 3414 1646 2992 5512 3970 2376 2418 4896 3167 2142 4801 5918 3622 5999 4465 5988 4194 
7312 7311 7901 7659 698 4527 7088 7064 55 1033 7936 7287 2037 2981 2214 2570 693 6062 6065 1661 1720 1048 3901 4010 5965 4904 2339 627 1866 5209 2908 7787 4106 7256 7020 1138 7697 6746 7284 6694 670 3281 1082 4682 2826 5505 1380 7297 7806 5273 477 2559 5547 5349 
3536 3359 3063 39 7955 4534 1811 1251 2047 1223 1269 4820 3157 859 5990 3337 1873 6003 6006 1639 6005 6676 5454 2502 3100 450 1560 3075 6037 7608 7552 7808 1222 1871 7705 5540 6425 6205 5959 1915 6753 4653 348 3834 193 7410 57 5172 6057 3850 5044 3687 1714 7238 3975 
7725 7724 3660 7379 4138 1820 7661 6834 3273 5340 2922 7232 7763 149 5000 4174 5472 4471 1961 5021 4765 4049 5978 4550 4305 4790 6476 3859 1485 1609 7160 927 2617 7721 6215 3727 412 3297 6542 97 611 3773 6824 5804 7026 2914 6394 650 6766 6158 1006 2080 
7141 3889 7777 6951 2014 4311 5646 3236 3708 3642 7877 1092 6877 4872 752 991 6301 5769 5887 6142 7748 5670 6096 1119 4659 5277 3302 373 4090 1197 3651 7042 5487 6761 7333 2534 1534 6447 4450 4022 5261 4268 492 3899 3558 7498 4735 3201 671 3934 2719 4287 5450 
3772 3771 6603 6249 7370 5554 5482 6498 1070 3229 7307 5124 817 2627 6878 6403 6288 3879 224 5501 5437 1861 7420 2622 6332 950 4136 557 5363 7486 1201 3442 885 3620 7611 7341 6253 4800 7413 5286 979 1603 628 1078 7107 5661 7120 7060 709 5291 5264 3617 1987 6255 3720 
2356 1654 3896 5595 4709 2840 3176 100 7859 6107 5301 7642 6226 4400 3161 5003 3882 1226 3141 6615 7117 4516 6988 52 7550 66 5572 616 5119 5385 2830 6618 1141 2218 3416 2494 4365 4699 5304 5851 666 5150 3093 606 2304 2255 1122 1692 6513 1183 5372 3091 1257 
1300 6190 5784 344 6616 6244 4968 677 5705 6953 2331 4868 5164 5518 4754 6121 5947 5888 4943 1355 3841 1678 7335 1284 4436 1140 6358 448 858 7118 2048 2398 3911 4559 5514 6174 10 3989 4660 5507 4758 7278 278 6965 1726 5028 782 5173 678 907 2281 3722 44 
4008 4007 3483 7424 3306 4827 7800 3227 2351 2527 5884 3334 2391 4458 6652 7599 6773 5592 6209 4503 3441 6320 6162 378 6084 2548 2799 1030 7922 4737 1502 5921 4269 902 3516 4435 3980 3383 523 6371 7131 1062 6570 7083 1386 2399 1911 1976 7098 1431 5468 2024 
3890 6846 3529 1406 1361 6734 4984 7593 4828 6874 5279 2332 1804 620 339 3469 3587 2288 6976 1934 7735 4608 5911 1250 4510 6114 5080 6109 7450 1350 2907 6056 805 1576 6351 1107 6028 6500 3508 6458 2498 600 4519 1939 1075 3816 4900 1278 4641 6031 2021 4395 2635 
5719 3778 6427 934 1996 2764 7720 7682 3701 5174 5869 2106 3984 5282 3938 1168 2230 4058 4648 4744 2563 1265 3105 7340 6732 209 4274 365 380 7664 5425 1121 5504 160 4832 6212 7528 980 1982 4168 3953 5571 6562 3569 4464 4690 7810 5686 1557 5805 5510 1670 
2061 4486 3765 6893 7719 4433 3013 5476 3452 6502 4702 6413 860 5816 151 7891 4059 4826 3136 4085 1237 5406 6378 5139 6370 6752 3164 222 3113 4494 1753 3947 3832 1963 569 5976 112 3973 3036 5798 2520 3244 4714 3325 5575 7769 2599 7865 4497 4489 2566 2441 1809 
2716 6485 2775 6848 4002 5351 4232 3885 3758 3059 4689 6639 1154 208 6760 1449 1404 2937 6268 5819 3605 2240 2287 424 1296 5701 1001 4811 6146 7729 7156 1415 1281 3044 3405 5407 836 1864 3283 4186 5486 6720 3119 475 5585 844 7946 5269 7168 7614 5962 4851 
7666 2008 6197 4355 526 5078 4394 5845 6022 6068 598 484 6641 3633 5590 6475 2109 1521 6713 437 4392 7963 183 498 5847 3066 1894 1958 7923 7426 820 1704 5192 5995 733 5245 1156 4363 3301 7385 2444 7354 6567 7179 5682 4743 3208 5215 2019 5800 4782 3912 
7194 7193 7206 5417 1228 1837 3884 7003 5943 2882 592 5255 480 1444 90 4101 2688 505 3705 1581 1167 2782 1743 150 2299 6429 5966 2995 963 5498 6854 2766 2588 1256 725 1885 4918 320 7863 4358 3635 5130 6128 6451 2888 5803 6806 3888 7351 5254 6257 7699 6213 2432 3848 3697 652 848 3209 770 3604 3402 
4598 4597 2709 1942 284 716 285 2726 6118 4173 7344 4120 6946 639 4928 1565 2155 6937 1450 6298 2407 519 2170 6091 2915 2721 6350 3400 3172 2725 2751 479 4870 2354 1972 1495 3474 4509 1266 1585 410 6307 2950 7031 1436 986 4401 528 2086 3331 2809 4749 5156 984 5136 534 157 383 4664 4229 1434 945 5864 1397 
586 1589 3299 6892 4492 3117 2113 397 3135 7888 2541 5233 1329 3983 3512 2095 2453 7773 2098 4767 6596 2878 509 891 6063 5734 3538 7137 1158 2417 4082 7587 6664 1738 3575 777 7208 42 7254 5345 6430 1079 6473 659 7048 6719 4463 3238 2101 256 4253 487 1456 3031 4617 1279 3309 5561 5429 2955 4051 5854 4839 
4067 7075 7247 1701 6066 3194 3472 993 4407 7269 6695 1112 808 2803 4577 2393 4694 2581 3115 6832 400 6086 3264 2025 7322 3762 5262 7263 6771 7643 5624 3861 201 2516 1533 7767 6945 5035 6237 3415 464 3737 5656 1849 1550 2926 3523 7293 5149 6559 3923 6375 1901 6117 3916 6867 3671 2896 3215 1438 3836 544 3971 
940 7023 535 7678 6321 2742 1111 5648 185 1546 4335 4704 2490 4456 1155 1272 5944 2994 2817 5356 341 6870 7794 2561 7323 793 7786 1794 6758 5867 3959 6860 1926 2057 466 5042 1839 3818 5470 5733 1409 4299 2929 2140 4568 2107 6517 6742 3211 7157 5382 4561 4723 6444 7473 1574 2906 1150 5 5785 5549 7154 
763 5837 4237 7542 6433 5831 3721 4201 3745 3295 5773 325 2685 1270 4518 7242 5757 1224 2522 2702 2171 1463 7271 1186 7466 116 3813 4385 2032 2843 5308 4108 6869 1947 7906 2242 4054 1974 3401 7746 5782 3561 6094 6428 665 6306 6271 649 5868 1905 265 3853 4322 959 1025 7221 195 5724 4454 4131 2753 748 3907 
1117 6898 5358 1347 4474 5731 3607 5589 4947 4003 3994 7700 810 975 2508 6110 4871 4233 5885 3468 481 5474 7755 1127 4377 203 6083 5544 7884 2371 7058 6187 7621 2916 3342 4247 3270 69 4130 3770 3995 5169 7013 2470 4183 5546 4209 3856 2151 4096 298 6857 7199 4985 973 6741 7732 2316 4631 5746 549 2137 
37 1005 4892 2895 2663 7615 6675 7654 463 2069 2372 3139 4099 5871 4989 7290 575 3997 6183 2642 1956 3372 4373 773 930 6619 706 439 1473 3467 7373 5820 7927 4981 1787 2006 5250 4068 6195 4907 728 6251 6087 6281 3539 3196 6979 7116 5109 5582 200 2375 2673 4089 4759 7828 2913 2507 6849 2837 5974 1724 
5365 6604 5246 3588 7792 5713 6199 816 3198 5536 985 2991 3275 916 1037 1980 270 506 811 2348 1344 953 6504 7617 4038 6219 3479 3205 3960 4680 1612 2426 1527 7223 4773 6903 1559 3792 4004 5171 4796 6129 6408 7372 1645 7309 4717 2853 6565 1072 5311 3191 7447 2729 5905 6471 2206 2990 6859 2953 4818 1134 3305 
6781 1471 3824 7010 358 3485 3249 6480 5823 6592 5242 2152 4278 1211 3335 388 7950 5177 1758 4530 4884 1748 1481 4390 6201 4786 7276 3046 5081 1178 4382 1147 1732 2027 788 1989 3615 1821 1985 197 7841 2435 7367 6978 3239 7097 1631 6112 4865 495 5151 7456 5627 5881 6866 2265 726 3917 3521 908 317 1783 
6368 6367 5004 7600 1595 1418 854 7947 43 520 4260 2233 7464 189 797 7645 2983 1991 1637 1932 2052 3844 7571 1305 686 2869 7432 4200 5434 4187 2780 6192 2589 438 7944 7057 1531 2623 2412 3693 6541 3207 2890 5268 7899 4854 230 6077 4859 3457 5054 2373 1080 5608 785 7827 6529 4603 2552 5738 7380 180 
3713 3712 2414 7895 7239 7438 7151 1872 2639 6295 561 5930 5971 2154 6934 4399 870 4351 5062 6950 3940 4439 7622 7925 4600 3724 3134 4798 863 4706 4687 3328 1069 1880 1850 5538 3266 315 3084 2885 707 1146 1416 7313 3793 1808 954 6310 4863 962 2088 2854 7612 7496 4605 1240 1716 5398 1421 7334 4212 2694 
7961 7960 1647 1007 5843 2532 2932 2423 2705 4158 7366 1605 5399 2745 7172 6462 269 3112 7658 2466 1580 4176 3926 6016 871 2215 1827 7904 7736 271 6999 196 1318 5031 718 4360 4258 784 6511 3245 6726 1131 3373 7315 5663 3065 3634 4891 1445 5384 4642 3107 4485 4867 3225 511 7093 372 2833 4448 251 
1766 6250 1713 0 1365 2919 913 1857 5617 7897 994 122 4791 2213 7939 6170 6819 3584 7540 6478 3527 835 1499 3454 4036 5485 660 1853 1402 6516 5612 1073 1454 7590 110 3914 6575 54 5067 5758 4966 5466 2381 4248 331 851 5700 5840 6785 5684 6503 780 334 789 7331 5431 2264 1775 6353 6807 7515 5913 
6309 3535 5305 3358 2055 712 5043 4217 1988 7477 6776 2447 266 1978 5517 2865 1863 103 4104 5711 5298 1543 3409 2615 1815 2248 5283 5524 6088 6693 360 1836 6902 2301 7225 6045 4771 1410 4188 7402 7513 374 1104 5841 3298 3339 5132 6820 1940 2800 1478 2257 6390 6412 3966 5077 3376 7616 2139 5726 7935 5391 
114 1772 7423 6774 4429 2941 6887 5912 5381 3367 5102 7818 6756 7052 3158 6228 3397 5767 5295 4412 6440 4139 1022 91 6901 3715 3782 5257 4167 2877 6455 2839 255 7756 7695 818 7358 434 6469 4225 2360 3154 75 423 573 3124 392 6441 4122 6574 5981 1476 4034 5741 414 3838 1792 630 849 3628 7321 1834 
468 7135 343 539 1936 867 2368 6952 1959 3699 1230 1634 2580 3925 5223 7762 3574 3396 7186 3292 7834 4611 2004 1343 7677 2485 6438 1263 3079 3939 2805 2779 2072 2944 6628 735 4011 7826 6372 2536 4047 4564 7041 4182 7336 5090 7018 7529 5099 4091 967 4615 1952 1198 7119 4841 1868 654 2951 6980 7319 3563 
6722 6721 4473 2291 299 5889 7167 1798 3522 7523 6238 4986 6284 680 1919 6523 1814 6239 516 4115 5179 186 604 1368 4982 2228 13 4836 2143 281 6042 5522 6644 5243 1413 4913 2682 312 2044 5969 3287 3969 6039 1264 7159 3126 3265 1561 5110 6133 2773 5092 190 3150 1611 2597 6470 1262 2205 5097 5903 903 335 
7430 7429 1523 3426 108 1833 1046 5360 2608 277 5707 1929 3413 4397 631 93 1627 4410 3761 1876 1757 304 5052 7163 7176 2438 5970 4609 5270 1697 6573 6178 584 7198 86 3655 3379 7667 5481 3894 2967 7900 3061 7267 5095 7518 51 2121 5630 4894 3267 6154 6670 4625 3958 6436 3612 2501 4808 6106 629 7280 
1176 6958 697 2349 5005 838 1538 6990 456 248 4643 6376 1457 5104 3456 4046 5697 7065 6891 4295 3881 363 5198 83 2982 2405 7833 1953 1381 5157 6463 6153 4973 1806 3952 5335 2284 1367 4596 969 7431 3206 6119 5272 4703 6768 6452 4300 7000 292 7581 5610 3132 7376 4013 4204 6139 2791 6744 6803 1203 2500 
5601 5600 3240 7836 992 7364 5904 2836 6144 1400 5794 1892 7051 6579 5515 7111 4869 6816 1862 7245 6829 1640 3114 7089 5850 786 420 7032 5886 5131 909 6886 7879 3035 3330 5900 1274 905 2706 2183 4917 5189 5208 1255 6736 961 6467 5186 2693 6688 253 632 5207 1181 5451 7811 4336 5055 6519 3602 6234 2601 2795 5079 
6663 2244 834 1660 5418 7324 926 3111 4053 4453 6186 5882 5294 6815 7585 4810 1685 1050 7835 5829 164 4670 6147 2700 4975 5865 1886 6712 7774 2084 4685 2792 5396 3609 4332 7781 1163 4950 430 921 3974 6216 5720 1854 1551 5598 7469 5480 4858 1089 7329 2007 2973 6572 4780 5197 4148 206 494 3503 7002 5929 
3300 290 1877 1582 2185 6426 3961 7049 2526 2698 1208 7641 5530 7231 6402 2040 4281 7832 3820 3174 6536 6772 1619 3682 3564 3566 5460 6745 478 3243 3787 5494 7572 3921 4837 3675 2680 7898 877 6001 4795 6130 4306 7090 79 2960 6584 1441 607 6709 4447 4288 4426 2736 4308 6314 5256 7203 6272 6326 5606 3189 
4480 4479 2657 3181 4134 4651 382 3131 4783 4645 1621 5853 6002 1860 919 3278 5236 3348 5534 5652 3645 6445 1600 2569 5747 2102 6206 7087 2889 7517 386 6252 2321 1763 80 5422 5217 3641 111 3827 3829 3148 7514 3533 5892 5463 3029 3120 3304 294 6080 4961 6259 7758 2517 6318 1799 1338 866 3187 2931 2045 
2946 2945 7246 2290 6361 2722 5181 4125 5299 2781 6553 897 692 7829 4999 4409 2313 1575 987 2388 779 5528 161 6108 5281 6698 4045 92 6169 3466 2158 4469 162 7422 4236 105 6794 7266 1698 368 7150 2253 4267 4626 445 7455 2071 7386 7603 3518 976 5140 3311 7627 48 4745 2278 635 906 1770 7503 2971 3828 5455 1688 6222 2593 1708 965 5779 7433 7632 3904 1569 4206 5127 3228 6483 6983 3398 5938 3051 2883 960 2081 5126 802 2576 5822 1615 4325 6023 2715 7140 1734 501 1101 2656 3874 4523 6508 4135 1869 1261 2434 1375 7744 1493 2282 1202 7338 3333 1986 
7548 7547 4302 4532 2880 6656 3601 6479 6317 2539 2480 5027 4593 5353 2696 2187 7890 5751 3847 6540 2814 6472 738 7524 2521 1332 3630 5049 6524 3219 4635 7478 1345 2879 1049 2701 2787 1425 5060 1902 824 70 542 656 6665 4942 7040 3559 3892 1802 2207 5806 3054 1730 2352 5320 2811 7233 6018 2477 5168 1728 413 3296 6836 4526 3716 5405 7400 6525 7374 5775 5866 4922 5484 4328 997 6585 3362 2123 4602 7096 7649 1097 287 3121 3329 7059 1842 5564 133 7907 2979 1948 3757 6019 6512 2618 3799 6630 2011 2260 7522 5762 7685 3680 452 3378 5618 2972 1927 7339 4133 3327 
7253 7252 1352 5069 2939 7187 6125 3542 3471 172 7837 644 7129 225 5241 366 4940 2646 441 5220 6518 5714 3000 3170 35 2273 1801 5813 7526 7113 6583 7419 4056 280 623 696 1699 25 459 6527 3962 7381 4339 7715 4562 4482 4567 5106 5642 2266 1807 6260 6791 4621 5439 2202 6606 1373 5066 2652 1336 59 5640 1769 3186 3852 4585 465 6743 724 1795 4033 2411 5917 3095 4478 5893 3786 4172 2082 6569 5632 4098 4637 4681 566 213 5615 590 3484 442 3496 7909 3735 4371 7565 435 7709 4384 4684 7457 3248 6116 5846 7793 3791 369 1552 4218 1498 6637 4676 7345 4513 1960 
2297 1706 939 3653 3706 6302 3780 3530 1951 952 240 1385 5082 5006 1870 749 1761 2272 5676 1192 7405 2036 3747 6520 5478 3807 3928 5344 1342 7880 1401 2099 2289 24 4885 4589 5710 5791 3023 1009 4411 5565 3597 4491 1540 7412 4255 1650 6202 3315 2097 7249 4462 2942 1999 1705 1392 4342 6230 1620 4778 3002 2691 2277 7726 5862 2429 1662 56 5674 3657 5743 2529 4092 691 3534 5858 7014 3893 5588 2824 233 5802 1100 2166 5125 5091 5500 664 5467 4228 1268 1124 5982 7043 136 2677 5922 4572 5332 1252 1616 6493 3698 2577 4428 1220 5387 7095 4030 4878 7275 1556 
3831 4538 1175 4184 6079 2940 4488 6243 7248 421 7180 5535 4606 1066 120 4514 5300 7779 6679 3640 6992 1387 6009 4112 6166 7288 2686 7821 741 7291 3810 5992 398 6655 5118 6242 4649 6359 2524 6558 5203 15 1558 3774 3271 5926 1992 6948 3606 7196 4883 5721 5860 5100 273 1749 3694 5032 2634 1334 2557 4477 4227 3679 2707 2654 4939 7728 3711 101 5605 7236 2884 7749 2621 5143 6718 3811 6982 4231 864 6274 3237 4166 1114 2090 6601 5516 4207 3993 5096 7286 1077 4388 4100 6588 6790 7506 5679 29 4487 1793 7508 2850 7178 141 7919 4381 1547 5502 1160 4760 1161 7803 
1707 5070 2296 4066 7790 5653 4178 6184 4547 7910 543 3589 345 5182 71 7228 5825 7875 7357 5086 6421 384 7229 4515 3570 5577 7173 1981 3514 2935 5698 2758 6052 6711 1994 2584 5002 5946 6799 3785 5651 4980 1060 3094 922 4234 7283 7854 6792 2733 5788 6634 7562 2181 3033 4521 1190 4693 5979 4595 5386 5008 1968 4976 4446 3752 5309 33 1297 6330 2269 7745 4006 7782 4830 687 1443 7549 5267 2793 390 5717 5877 3491 6279 7941 5681 1118 3314 2041 2177 3356 3166 6235 72 6041 3423 1136 1370 2861 4898 957 1653 6707 377 5870 2786 5038 4902 64 4330 3482 6092 4679 5526 1316 1950 
3477 1057 3830 6662 1234 7305 3293 3955 2881 7601 3902 6872 1518 948 7816 5766 7462 1723 7300 2785 2462 2993 4770 5753 5046 3039 5636 7703 977 2509 5403 6888 3525 6357 4823 3646 7304 6182 3173 3018 7597 245 668 6101 5111 955 1068 7799 262 4988 6450 175 28 4213 6809 7820 5394 809 4286 115 7653 6923 2416 7739 7846 5723 1384 4037 5112 7813 4505 1904 5833 194 4290 530 6972 2708 3506 7136 198 6837 5602 1159 5084 5641 1913 7080 1510 2175 6845 2483 4936 2555 914 1962 2184 2306 4957 490 3798 4502 3156 376 2802 3381 4856 4978 7237 5232 2619 4784 3268 4143 3555 5315 
1353 7784 3476 1765 2650 1477 3234 5541 7241 3784 4374 2254 1053 4230 1642 699 1754 1424 4850 6223 7359 3050 6813 2862 5694 6933 6344 6757 1390 2630 3868 3702 801 2806 2404 4413 5239 4000 6654 3586 6949 5796 518 2936 4777 4314 4731 1166 7053 6278 3159 3833 6029 7125 3703 4845 5852 7814 2443 1762 3349 1856 4804 3668 4817 3919 7149 2867 8 4935 449 405 2204 5556 4977 5175 7646 1554 6364 3624 2859 3870 3261 7101 493 3222 5094 4712 4109 2341 2794 5899 7270 3909 2330 318 1396 7791 4152 7747 6631 688 4877 7801 4261 5488 5162 662 99 2078 6862 1740 5859 7036 4074 121 5075 5313 
409 5955 5364 1051 2355 7849 1052 7128 1288 1170 244 1583 6716 3544 2018 323 5849 5633 4475 7741 3611 6207 4879 4673 3511 7170 6225 2980 7878 7408 5225 5402 5579 7655 7006 4292 2643 7481 3056 1816 1875 2133 3967 4080 6232 78 7028 260 6227 4903 7407 4293 4423 3007 4875 3231 4647 529 6442 7605 3252 6560 7573 7375 5591 5925 4747 337 1172 4393 7197 3593 128 507 6333 6220 3202 2849 3855 4619 7310 6998 7545 7509 3932 525 499 5348 3357 2752 4671 508 1437 5133 7105 900 2442 3322 7592 7142 6647 3145 3730 1608 5703 7575 2968 3545 6159 5634 2778 2717 7039 6294 7260 6967 6316 829 2920 5231 2035 3673 
2769 173 408 3064 402 5948 4533 4001 1011 303 4663 3648 1229 2958 4724 7770 6341 6754 3876 2329 6061 4761 2823 168 5537 2449 6993 5754 4222 2334 2452 5875 7124 4941 7776 7068 4177 6123 7067 6032 4434 4144 4962 6404 7235 1776 7656 4023 4727 1532 6910 332 432 2784 17 2898 1314 2122 5390 7444 1475 7805 1673 3560 1805 6340 6506 3550 4622 6692 708 2396 3797 5658 4955 5883 4009 1592 936 5761 1087 2749 6684 3517 1426 4876 6487 5566 2124 6838 6600 5935 236 7624 2324 3226 6224 6395 2186 2625 2046 4094 2459 3425 1455 6151 2658 3982 5569 3494 2153 1773 5856 672 4607 7356 4853 924 
4539 704 2768 1943 1116 3116 4899 2250 2421 2408 5961 3294 2067 7265 7005 6730 6356 638 286 6266 3863 2460 915 2167 4160 1564 4337 1683 4517 3040 742 4164 2571 5521 6534 5413 578 5180 5061 7539 4793 7558 6563 144 4398 5513 981 4824 5152 837 3153 7845 504 5506 5808 7078 3547 2194 4844 5346 7215 4467 7214 3650 2848 3532 7164 188 826 3180 7636 7038 750 6959 1587 7352 843 1142 429 7493 7004 4181 3769 3280 6431 3104 3203 1432 5807 2672 5158 5689 1468 246 5838 5787 2737 2245 58 2448 1084 6165 1830 182 7397 77 6926 6808 3366 5687 4202 2361 5113 4565 1242 2083 831 7557 3805 2029 7886 
881 4952 349 7541 4591 7069 7436 3883 4238 1719 4061 3058 2755 4571 1503 2191 661 3760 6649 4938 2744 3021 1074 3806 2506 562 3866 2924 5105 798 7350 5459 5874 5285 6593 1227 3528 7598 2760 427 223 3822 5375 2012 5729 4746 7707 2543 5435 2858 5380 4280 5919 7268 510 5511 2974 352 1553 7926 1351 2337 5801 1764 5068 4029 3814 2767 861 5025 5621 6393 3144 5986 4618 174 76 1590 5691 4581 2472 4638 6231 2377 5994 3887 2975 3062 263 228 288 5685 1467 3355 603 7435 1906 5880 3781 1126 6033 768 4979 4725 855 6925 3260 3580 1750 4084 7044 5923 140 1254 3142 839 5623 4170 6578 3022 
5660 2002 1411 6780 5594 2119 362 1110 815 1125 7536 1664 572 1407 5200 3524 758 1420 3686 4881 2403 2224 3098 3375 4807 4043 1745 7586 5343 7468 2394 23 3289 221 3941 4354 6890 872 3763 6735 3664 989 4495 3618 5041 5144 6699 2666 7099 5839 7812 1423 1435 675 3487 340 4078 6900 1630 2933 5916 1629 4849 2530 7046 7882 2730 3388 1651 5980 6338 2252 5248 764 4511 1829 1215 351 3106 6955 5271 4655 4140 1115 6723 3519 6424 5680 4155 6490 1944 642 6810 3794 4113 4405 4996 5370 6021 119 2491 6090 6058 5844 7449 1301 7734 4959 2776 4035 1144 2104 4379 6942 2127 841 5628 5134 6554 5323 
2887 2710 2886 3122 579 4414 4945 2763 2178 1955 3707 2350 1015 5338 6374 395 1133 3670 2667 4466 5259 6944 89 4075 6828 4632 6048 1446 5695 2748 2804 387 1626 2876 1283 1696 1106 7244 283 1403 2546 7243 3055 7681 7530 804 6627 7512 1145 6280 4451 3041 1258 4162 6986 6871 2969 3507 5053 7844 1791 4476 5793 4741 5936 783 4953 1923 1517 1340 7712 7073 6397 6070 3001 684 7139 95 1249 4273 4756 6954 1786 2478 471 685 5834 524 3501 177 7369 610 1452 1888 2144 5657 3614 3320 1004 2314 2892 6218 2518 1043 426 5901 806 2458 2147 3520 3661 5252 2871 1313 4792 5960 1788 2668 4025 5333 772 7673 796 
3123 880 1293 38 1405 1759 4296 7188 757 1247 6020 4768 1326 1695 751 2056 3817 6658 5810 6590 6236 6531 3037 5432 5812 218 2093 2567 267 328 1093 5167 6701 4812 1096 7360 3407 6537 2997 2820 1993 3999 1430 6851 3074 7637 1973 6691 1599 3310 5637 4195 3636 6265 5578 6896 6457 2735 7525 2510 3599 6702 6054 7234 938 6587 7903 6012 1333 7175 3438 6211 2103 1780 1216 7535 4245 2832 701 2631 2413 1472 3088 215 333 3009 3738 4874 7299 5647 252 3360 3891 4107 888 1429 2538 4915 1751 4721 3541 2212 3756 4312 216 1598 2271 6373 4086 5457 2247 6335 308 6739 2365 4969 5665 7651 3451 
7843 585 7842 1700 5423 461 1778 5064 3837 7483 7306 1310 7639 2364 5727 771 1997 3493 5963 4298 3583 3332 6148 1916 3404 857 6415 385 602 1624 918 682 6229 1568 2050 6180 7717 342 460 7716 5121 813 2192 3318 2964 4707 4470 727 5742 3808 2189 5473 4908 4196 1920 4318 4923 3488 4141 6594 4757 2156 2150 1081 4404 7670 2606 2385 1826 1614 6171 5952 1690 117 4323 6071 2234 4304 3796 3390 6102 5748 6369 6407 4063 6821 5448 7546 2100 3871 3078 5774 2180 7257 5835 5626 5715 4677 6731 7161 2302 2678 925 3840 1320 1928 3048 4015 428 3128 5328 1209 3461 4499 4860 4249 2963 1633 2670 7415 1969 1691 1379 5509 
1058 6899 467 874 297 4060 875 403 4604 6966 1878 574 876 7956 2586 3788 1990 6793 5196 3052 1752 6931 1643 3177 7110 2077 6461 3393 1509 7822 4282 4528 457 2463 7953 7009 7185 2347 4675 2996 2633 250 3677 5165 6535 3193 314 2317 3985 5288 5013 5906 2712 5650 5229 5347 4077 4672 6881 2262 1196 6156 6399 5958 2026 295 4334 5953 6633 4327 531 4762 451 1613 50 5287 2649 154 118 3460 5781 7138 1295 5293 2085 3498 6843 3019 3845 6530 4088 6549 3321 6997 4733 4277 7817 2222 2560 5446 5863 1244 7390 2965 6449 6690 1832 3364 5280 7862 6277 453 3579 2146 966 7555 1537 239 591 
4421 2651 6131 1346 756 2827 6728 1641 5135 6538 3235 4846 3603 7387 3906 6620 4142 6325 2114 3649 4319 5115 6474 6797 4455 3406 227 7347 640 446 7055 3632 1755 7537 6770 4705 7127 7894 4766 2406 2583 5147 7563 1756 7499 7761 6396 7401 5683 5519 6075 883 3389 3802 4929 7007 5688 7500 2000 563 2386 7840 589 5202 2901 6053 2949 7722 2676 5984 6930 5817 4897 2295 139 2495 7551 7219 6987 3759 5643 6581 6093 472 261 2075 5573 371 6687 2117 971 1311 514 2855 4129 4347 3681 721 4566 1729 3553 62 2383 2609 7162 4558 1965 1851 4346 3427 1303 7591 7693 1844 2540 7414 2845 7629 3621 4443 
350 291 762 6308 7606 1302 6597 5314 2585 7556 3548 5489 4315 6974 7713 4909 3286 1171 4062 1149 2486 2578 5436 4822 3629 513 2925 7940 3515 5580 6759 1922 5993 2227 2053 932 3233 7775 2229 2433 2138 6595 2515 2209 3428 4018 6004 3723 968 1663 7479 6842 1427 4175 3382 6528 5199 833 2957 4345 3755 6941 5789 1374 6010 4366 4543 6349 5545 1668 4501 3683 3179 2235 1669 4948 1000 1357 4599 5744 2514 2436 5857 488 7326 6113 5563 1908 5809 6254 2783 4678 3346 2141 1910 595 1299 7393 1372 7789 147 5374 4192 60 98 3130 2105 3639 4076 7768 6198 300 2164 6495 5645 711 5693 3779 7034 3435 
1412 4185 5659 3470 4191 2718 5771 7029 6657 2903 4964 2934 1813 3096 7564 720 4171 3412 7446 1584 3552 5576 5635 2115 6875 6580 6285 2276 6995 4341 1165 988 5826 873 401 754 3350 6386 191 155 5924 1245 2484 6929 6632 2030 2327 6973 4921 5275 7342 2089 3749 142 5447 7702 6865 1545 1315 7459 1180 6172 497 7864 729 4065 4402 2016 5012 1002 2503 2613 5942 4005 7785 6097 5740 5759 2966 2870 3851 3110 6270 5251 5625 6135 2419 3835 6605 4522 646 4686 2790 4071 4674 6623 731 4153 4270 5568 4624 5551 4027 5752 275 6825 1785 2909 713 2196 7296 6883 6491 5842 7398 4389 3739 367 5146 
1530 1235 703 4951 5063 5836 1169 1470 6852 7497 2998 40 5668 6203 5058 2468 4586 425 3826 7475 3288 856 1800 5117 1103 2626 795 159 5440 4161 3691 4930 4340 3869 929 7301 4590 1522 6714 7657 7126 6204 5316 2456 4726 5022 917 2325 4967 2740 7091 4326 2961 2928 6273 3572 3972 6497 7663 6763 2765 7933 6261 7292 2648 4425 705 3592 1983 1474 18 2665 3163 2236 3183 3742 3242 3717 7100 5101 4199 5894 1083 1812 6456 4932 7133 3399 4719 4855 3034 2176 2829 5274 865 158 2087 2400 1893 2422 1362 7671 4912 4310 3108 6765 3676 1573 5795 3097 2636 7317 4556 5148 6078 4683 3732 5018 1018 
6132 1825 1529 5954 998 1287 7482 6256 893 4415 653 7855 5065 4252 1782 404 1937 6435 6008 1162 1164 6717 4866 6481 4711 476 3391 2390 3217 633 5933 6049 6346 3987 4695 6405 4882 1817 1460 5770 3823 5533 6263 6740 282 3433 2308 6653 1835 4272 7951 3387 2864 3146 3913 6509 3133 6914 1099 491 6922 3690 4862 7579 995 4873 7771 2457 1822 316 5897 4821 6246 2874 1275 5479 7883 5699 5525 5276 2210 2808 7115 3085 7015 5438 6382 6802 4301 6264 6526 2134 2868 1946 617 5797 6591 4320 3199 3140 6095 6682 1042 1358 3444 3024 88 1681 1535 1185 5350 217 5037 1067 2611 6505 3462 2382 7439 1026 6564 416 
5011 1294 4420 113 2762 7147 2703 4014 4722 3725 5790 5786 3017 581 6911 7838 279 7130 5692 1577 4357 2431 1105 6343 3453 1506 444 7465 7409 5226 6996 683 7596 6465 2345 2938 6416 7363 990 7952 127 6300 2338 7740 6122 3551 399 2367 7795 1010 5493 3492 4613 568 3277 753 7866 3408 1722 7648 2504 6924 7610 3255 1767 1500 7680 895 4857 5302 6823 5007 943 5160 2241 353 6989 3303 2572 7368 4242 5910 4814 4150 1292 204 1469 996 5116 746 6841 3089 4713 4880 229 6602 5153 3326 6943 3968 7213 3659 6200 7650 1514 2732 4819 2129 3437 394 7516 5745 6196 6788 6884 3319 2894 3976 2009 5205 4861 7634 
7076 3654 5010 2001 7377 3011 2246 5023 7796 3766 3662 6185 6127 7182 6140 4437 5419 3767 4291 6710 1682 1859 1931 4574 6422 4691 3276 148 1273 1686 3750 4102 2640 5649 4531 5593 3704 7480 4906 6971 7938 3665 1501 2268 7917 6221 5258 3800 6383 2131 483 6437 6379 4432 3991 5814 7962 2042 4805 1967 1233 2357 6962 4483 1491 3598 5330 884 5057 1652 7706 2300 5920 1679 7343 3419 5278 5051 4240 4349 4658 2988 1174 702 6515 3047 3026 4933 6805 2825 5567 5824 4697 6677 289 7553 747 6137 6749 1016 7001 2493 12 3499 730 7262 6611 7710 6176 667 4506 3718 2028 7850 3562 5433 7258 7870 1091 237 5266 