144
12386 7961 16568 15925 8309 7660 13460 15112 8419 1643 6244 16207 17210 8782 1251 8291 3371 8526 2863 11772 17497 13721 7835 8274 7625 599 12340 1248 17805 13085 12894 11326 14146 9977 6378 6083 17077 8979 5237 9131 3282 9674 11091 10172 12913 8690 17559 11429 16419 16910 5363 15839 3911 12487 3036 16294 10066 6895 9343 13944 17428 7848 2435 9217 10267 2507 7398 
15218 409 17171 11082 3175 11863 5672 13834 17704 17299 2586 2049 543 11378 5891 8185 2037 4220 2630 4046 14606 12871 1135 17655 9921 5026 8317 6044 7589 12919 6804 10585 2780 13838 1630 12604 6396 6291 17903 10867 2652 2516 15587 9305 14539 4681 8075 10109 6157 48 12382 8666 15478 15475 84 1239 5396 1740 7037 4971 15539 8158 16028 16070 418 
8079 3299 17925 13395 3660 16111 17059 4238 3581 6317 5471 17905 13952 5676 17964 4337 13010 3217 10299 16200 16849 13253 10254 8484 7834 5474 10275 6858 16775 6673 3613 15364 719 3487 7681 5612 1022 9210 16970 7740 11583 1971 4436 12882 2632 4746 9438 16853 16841 17716 14583 701 4599 14777 2943 16513 11623 6323 14039 8496 17308 15634 10680 11803 15771 7280 10201 1030 15334 12901 13020 
17106 17105 7188 4368 12969 4710 8303 10329 1937 5259 4016 6325 12579 9136 6992 907 3925 16433 13427 6829 15561 2610 6773 6209 8446 15831 8140 7799 9800 6999 13273 10606 9818 804 4980 17411 11588 8823 7099 8260 9418 6573 14180 5035 14851 11714 10833 14413 584 6938 15456 9670 9971 7254 145 16073 2562 2352 12867 17479 1215 5077 961 10701 4030 7457 
3713 11795 5712 9193 2244 10432 14817 14813 7593 10569 3876 12381 5373 3865 7110 12182 14623 5049 506 13013 1696 16765 12168 6241 658 14184 10146 3939 16788 8010 15713 13607 17037 16952 14441 1717 2751 17883 4803 4323 2494 10581 3566 9183 2679 14926 7116 3592 3314 2385 12779 14625 2140 8961 7293 13003 15281 14173 6800 15952 16837 945 8143 
16103 16109 14752 8250 5831 4119 5058 4783 2350 5117 13384 15175 4040 1977 2667 14430 8765 6641 5756 2817 4316 13348 11160 10902 2628 11116 11419 16729 8857 11630 17737 14546 8238 3094 13391 10665 1768 17193 5747 2648 11412 2075 7844 3346 7990 10807 8753 2478 14490 15538 12696 16191 1613 6719 17148 7546 5411 15594 3376 5514 5538 9698 1320 8195 1842 7109 
4716 7017 10019 1524 11908 11804 16758 12846 5908 9717 16393 1680 16312 17809 15567 12303 15138 5177 15325 11342 6204 12023 7845 13702 4036 2615 2150 9662 4805 5001 8743 16054 17766 1501 9282 17765 6645 7930 7399 4167 6060 314 5464 2596 7815 6930 9290 11397 4994 15222 6161 3281 16690 6608 12033 1333 7450 13297 17718 11105 8514 3451 924 10170 
5955 17518 8268 13855 17631 12748 4665 5617 17808 9018 838 14741 1015 3000 10238 10004 11775 1047 16475 3136 1344 8188 16239 3328 4267 13037 15751 1914 10757 15069 16067 12106 13655 11162 8276 17357 11621 4130 5150 2534 12043 6307 11423 7577 3685 6913 15656 5168 12959 3714 13503 6192 8512 13018 4985 16061 2153 7511 664 15185 1716 
3890 3889 3883 9252 5436 181 403 9783 12575 5495 15663 4645 12962 3688 3689 2511 10651 11844 13555 17714 15681 7775 8271 7035 14925 16893 16734 8789 1276 17667 8102 14415 7087 14972 15288 17239 8769 3656 66 14021 14550 9965 12245 1142 184 14170 4601 13192 16218 10147 11897 13923 11617 14093 5390 2472 29 17162 14082 9174 15841 6803 14527 
2002 880 3654 14385 6964 13501 1833 5456 10152 5596 17728 15722 15027 3275 2095 14548 12008 14017 2688 16593 5614 11138 14619 9772 9805 4608 13130 7812 616 6960 5755 12388 951 85 470 16139 5169 3605 7562 5721 7138 4983 10834 705 16437 8153 10617 12389 17617 3768 8077 11193 13646 1441 3657 11586 14232 12589 6460 5148 15176 3875 
10557 10498 16869 3653 4479 15507 6675 5648 17277 13657 17927 13790 1813 4466 1034 4223 1331 11608 7802 6949 16293 2170 5060 14874 11288 4798 3153 8120 13509 16059 2253 5957 9190 12298 10926 13063 8404 2207 7550 5834 6172 9065 4815 4712 7846 15013 12528 5125 45 5213 8630 2100 7267 5702 8674 13101 17080 8792 17386 1417 14470 
1235 13631 7601 3884 9370 1123 4651 13224 12912 14778 513 17101 5006 2962 8412 17790 6757 17792 15377 224 8720 12200 10725 6558 17591 12514 2701 3669 10391 2366 9013 9033 14343 15279 4108 7209 5336 9059 6795 11058 9847 3169 14904 16891 12348 8148 5143 11134 14688 2081 14860 4048 14000 14954 4618 15367 16242 15157 9381 3191 15291 1360 4642 4558 8106 
999 14516 11318 17669 11376 2762 3176 5027 12461 11155 3139 16668 4201 14622 7543 11359 8116 388 398 447 16352 4144 13026 5678 2484 12986 5047 14866 6055 15241 15869 13635 10626 8574 14984 11236 1078 13857 3821 2690 11009 14786 9811 4560 13449 8709 4596 11757 17061 8416 5765 4419 15510 9493 1409 8578 4443 14831 6390 8629 6883 6176 
3477 7082 5423 7973 9796 716 3647 15053 15643 12221 5536 4901 8854 14977 10119 10414 3338 17553 17141 10771 2551 1581 12908 5088 4026 14383 5631 740 635 16192 17698 10336 8699 9097 11550 4845 17770 15482 4462 11963 9885 3870 5158 17543 5149 17462 9830 14534 7882 12293 15002 2767 11768 4658 3744 434 13285 14434 1045 16896 8499 17349 10177 15754 1084 
16752 15401 16463 17822 6380 11625 5082 9903 277 12085 9468 10139 2801 16452 17494 3984 8352 15963 4552 17746 8955 9899 6536 6617 1107 1119 9708 706 15700 12645 3374 15962 9510 5277 10008 16190 3179 5393 4182 17971 9472 8892 3539 3481 15913 556 1808 13645 3727 4022 17402 2558 7486 5811 10697 2234 5994 7616 9445 3907 14477 
1477 15816 12864 638 15919 299 4724 16292 17944 9153 9599 2073 13088 8537 9352 6754 2924 3751 2571 2605 2466 9782 16121 13498 17825 4567 16152 13379 17745 419 9249 16211 5924 6581 5906 12940 11708 16978 674 3498 4328 11825 11285 15870 15278 16368 11108 16455 8447 17169 5567 10908 9322 13474 3260 15306 17351 15650 16474 1025 
17820 9141 12746 17684 402 15462 9798 2018 2545 10353 6649 856 9763 4281 6405 1154 2984 5029 11787 16883 8982 9427 2497 12574 6350 5190 8992 11491 9683 681 5270 5316 4659 15562 12887 17560 7047 1625 4146 7302 7432 10496 2443 13182 11689 8670 6233 861 10699 5320 16895 3561 16621 10529 2693 6989 7469 13966 8747 15933 15343 7339 12924 3923 17410 
16280 8321 11153 12687 2128 11214 6657 14459 9135 16609 15213 1988 16963 14722 3161 9307 11809 16357 12635 9626 9826 17945 16763 399 3046 2032 12565 15541 5553 5742 13773 8351 7460 1494 6619 1368 17947 4147 4444 17378 7985 12358 13232 2065 15671 2947 9889 11344 7160 530 7649 1393 15629 13937 1396 11636 6572 13706 17229 7850 
5247 5246 1175 12628 639 4138 6557 9737 4606 2246 11690 3531 1761 6775 10632 3868 741 16907 3397 4557 10570 6676 3731 5914 3785 15705 3134 14192 1840 10185 12927 11255 5937 7386 12717 13994 6410 13140 6450 9288 14278 12406 4564 11599 760 15635 14826 7883 10363 2376 15891 213 13654 193 5529 9362 6941 8263 5804 4760 7036 2382 
11383 17636 12143 12752 11808 7070 12262 189 1243 11959 2305 1752 4925 1918 14014 11892 5874 5062 17709 14110 15467 459 1132 13399 1127 16782 2779 11217 2367 2740 8002 15838 432 2505 9407 10464 632 13418 8767 13429 5798 6205 115 14685 2117 8635 5546 14979 10558 7472 5543 7923 17339 4320 6647 6394 11390 1338 216 
8197 16168 651 14109 3017 16288 6282 11513 5574 2254 8950 6049 11890 7586 17554 4823 12876 16802 8896 11750 5142 596 13240 8384 3754 7235 11393 11512 11057 5355 16611 8680 3644 504 17627 14819 4697 13115 17834 1423 8749 4686 1865 14438 2853 3491 7175 3737 9788 9491 7057 7806 9303 13726 9453 12985 17115 2459 
16811 17283 13926 5141 15625 3552 6887 7910 14621 13692 14083 5410 1800 4164 16846 15787 9414 1071 899 717 6772 6504 16649 2504 3387 1147 3959 5159 2268 5552 6606 4057 16026 6358 144 4431 1560 5907 17548 13114 16807 15896 15871 7233 16890 5715 7149 4717 5663 4404 11910 8554 6869 16871 13835 3049 16889 14376 12926 5231 5795 
2185 8085 11277 6551 3719 11037 11218 5535 16563 14267 14762 7484 10160 13030 9785 3413 11066 2275 6465 10487 1076 12554 11964 9862 14265 11444 11806 10598 11629 16439 3546 7230 3951 8815 7158 17942 12945 7499 2647 9713 13695 5481 6279 2530 14701 7090 5330 11797 12704 9880 11481 4417 14229 4165 8827 10642 3024 5214 8223 17774 16897 12183 
11678 14398 2054 13559 6022 15855 11926 6297 5440 13670 9835 4997 10709 6776 13839 4635 8943 13171 8897 3469 3410 8092 6359 14559 2653 14879 5965 12338 15425 7866 2515 6463 10155 5131 11183 16133 16321 2582 6134 7479 7133 17581 16968 4688 16117 6015 16794 17207 8985 3567 14059 3439 1780 12695 14279 7927 15627 6571 13984 8466 7734 10643 
10085 12385 14922 3063 13972 3011 7482 2067 362 13856 17337 7897 11930 3729 2921 11710 14957 5399 17377 8881 2866 7939 3396 16269 13263 16507 3082 186 2315 8022 11542 7707 13404 6273 2974 1317 3336 3867 15759 17521 4726 7032 3212 7407 2830 12207 3428 14218 2556 3700 3127 7826 6903 5050 13549 573 5404 6397 2960 15888 16992 13390 11718 7444 3617 2264 9437 10483 4818 199 14838 14175 5505 13770 2736 
11914 821 108 13565 828 11330 2113 15285 875 1896 286 16056 4586 2860 3708 11784 14899 16856 12598 5223 742 7468 1224 1460 1463 17983 1462 14292 15354 4554 2063 16131 7871 12991 9682 10323 12751 13417 7335 13661 91 6653 1376 1114 12428 5494 548 16916 14566 16971 14808 15280 7132 11068 5740 15378 15651 7781 14421 11161 4891 11977 3696 1452 17447 6401 5075 9439 16365 1183 1419 7730 8265 3423 12058 16726 
13684 8963 2414 6846 16628 185 8839 10846 8126 4075 16504 7130 11371 16327 1221 17022 10779 11653 11654 15548 11244 152 2452 16800 8071 2524 17060 6595 1607 4136 14107 11807 11865 3210 4621 4672 3559 491 16118 3315 10901 16957 7925 11543 10853 16249 3709 15003 3180 6334 7965 16222 11758 9675 13918 4070 7208 3266 6010 10318 15452 16006 7455 14055 17528 17536 1026 4620 9539 12228 5146 4229 2139 
4834 1595 10615 9501 4191 12394 7010 8008 4888 2932 7121 14837 4527 17256 16823 14072 11005 9117 443 9828 564 10653 17154 14617 17924 11337 15563 7266 17124 16644 4149 17863 4634 9151 15554 16852 3389 9801 13594 2569 9171 2681 16798 17372 14609 3625 15006 14867 13199 7181 17974 5289 11532 10228 11821 16016 1924 3283 14690 1377 13671 493 10378 1552 3309 57 7213 6436 9952 12749 11232 5443 17880 2611 
3831 15985 8426 17040 16332 17230 14445 521 7226 11749 8899 13936 6636 17455 1341 3472 13082 13778 4456 4989 14488 11785 578 10785 7561 8623 3672 15445 2664 15680 16695 3985 8292 9695 12003 8920 5591 11406 13459 845 9831 8482 6018 1172 14541 8902 4972 2221 10614 13286 14288 4500 5366 2107 3576 11102 3106 2144 15621 5986 12678 16402 11886 3655 16875 4662 15333 4013 17680 1910 7317 8300 15579 6926 13057 
7371 12091 4715 9861 3942 8740 14636 3784 16982 14282 8605 7888 13316 5727 13552 5412 4161 16020 2925 860 12247 10959 16567 15387 5024 5206 4203 14973 16062 10213 7807 11765 15659 1709 17555 10500 871 3028 1619 3500 2384 10776 7027 5296 14433 11408 8867 7610 15434 626 5643 12677 11144 11938 17721 10984 17742 6983 4542 3030 6784 16614 13326 591 1042 44 13748 15766 5079 11292 13669 4395 9679 
7312 7311 15335 10969 4125 10137 14457 11979 9267 3721 279 15440 4593 4652 3981 8891 16019 2683 13604 3750 14312 7419 5944 5947 8269 4257 2878 10511 2347 958 12632 4333 14702 10214 4156 9569 17968 1250 10513 11352 1010 10547 10463 17496 12410 16232 10186 9360 5160 13767 12351 4520 10401 7653 14524 2772 9166 13258 5689 46 13667 5958 10199 9467 4476 4507 1290 16619 17541 4742 14141 12135 3730 6943 10531 
9967 9966 5187 2827 11454 13500 12569 580 11377 15698 6966 10248 17712 3426 4003 16060 15724 13955 11302 4636 9720 6475 10844 16803 7776 11868 3704 245 12881 1973 9038 1153 16349 17058 11642 15549 4392 12742 1743 17488 17934 9223 10479 5329 643 4365 16128 9770 13134 13445 12390 16901 16370 10440 7705 10105 5876 14497 8488 13564 6703 8995 11658 7476 2590 3873 11604 17951 9915 14812 5328 10448 6328 17723 9500 
14864 13159 1582 3824 12807 14917 3058 8421 14935 4905 16502 16886 15309 6835 17278 11664 10945 10592 11361 14843 17144 12080 16154 4589 16534 7421 11551 11365 16885 4352 17732 16177 753 8764 7715 13792 15908 13714 2746 11242 2616 4403 13118 8338 979 12352 10695 3936 9718 17752 7695 1274 11231 15415 4386 14589 13934 11113 12234 13532 3877 17786 15337 5280 16639 7516 4839 17427 14123 17949 3680 3628 9462 
2297 7554 13094 4297 14563 1995 16404 11336 16548 2934 16473 15116 11163 1466 1171 13716 3276 13247 1568 6995 17557 2109 17567 17570 9487 1108 16298 17419 14936 16094 10462 5533 4628 11786 4128 10685 6796 14394 15777 13301 8109 6758 16783 5860 3441 16142 15136 718 14711 3946 14406 14117 16606 16932 2949 4096 11945 4109 11939 17561 10596 14948 16460 1469 1024 7459 9563 10212 7216 6748 9951 12747 8511 15884 2990 17369 
5365 6839 15861 9625 6125 13973 2998 14400 1516 15842 12669 1739 16406 16089 8508 14367 16255 6701 13308 4104 10605 4708 4321 9272 13262 15472 11728 5624 3133 4790 11137 3330 4069 12899 11984 2438 8561 917 47 10891 3448 15937 4157 12432 7830 617 8119 8624 14910 15214 8108 14729 8372 13656 12830 912 15201 17179 10835 3089 8200 15404 7801 10461 2021 17182 8772 1476 5977 7463 5384 
5188 12740 10379 5181 13264 2834 5299 5056 10905 14557 17350 11430 17433 11024 1046 5943 4437 4397 2685 16787 14489 12198 7773 9251 13735 14056 16706 12935 7766 13419 15878 15897 3964 5275 13341 4200 6863 5257 14592 15115 16544 15182 302 3919 5375 2575 153 3947 10730 9298 6054 16694 333 4536 8045 15037 16899 7944 8228 10051 2044 17227 16949 12226 13516 3038 13363 12934 10031 11309 10955 4430 16189 
6840 7901 3535 10976 14339 757 3417 17708 17861 9330 16157 9090 3493 12300 690 6089 16784 7523 5518 3219 682 6947 9959 696 11433 2288 14351 5415 9269 12199 5966 8758 1684 10657 11483 5675 6909 17247 2633 7943 16821 13745 8287 649 6632 1146 9316 606 7105 9891 14825 16600 1982 13488 13747 2985 4804 2160 15441 9853 8885 14198 13077 5844 4759 5628 7161 5526 6031 12700 9699 1726 3740 11534 
14392 290 7259 15637 11849 16981 1051 3489 12490 7713 15145 5589 2882 7344 7737 3640 13896 8822 12244 15197 4458 17744 17747 9192 12404 15091 15740 11610 16506 16113 4246 14951 8389 17319 17016 5435 15 11562 1014 15949 5229 1098 8886 582 13826 8742 14087 12577 11261 3969 16418 8110 8784 1232 16517 15247 3506 12980 272 10673 15146 16984 5339 15598 4100 748 6564 9868 4721 16535 13315 17583 
13448 13743 998 5594 11212 13513 6539 11922 3249 17846 10506 12440 15095 8716 6797 4514 14260 36 10769 13781 8363 10782 8661 10667 12399 486 15703 8305 6809 13143 11857 14540 1678 15515 15543 12034 3684 11693 14533 1796 1141 17129 9968 13174 1849 14718 15326 10731 15275 15139 14347 9301 16031 3872 7197 1677 5407 16301 3652 1736 17972 3519 1665 12784 2496 9715 15776 8182 4506 5703 14220 4624 
17991 5482 13618 4414 10681 12870 15580 5633 14627 16038 3096 7092 17417 10176 12420 7521 3452 10474 3101 11185 2099 10546 6124 3056 14206 5201 13461 2546 15228 4141 15790 14133 11314 7892 13223 4234 4195 10134 1383 1553 7066 7500 8277 12400 142 12664 15864 14416 5352 4977 9006 14299 7118 14767 11202 17204 14036 5717 9260 10935 17811 13704 4169 3757 8289 13052 5457 15166 3718 13925 15674 11426 3521 
6132 5306 6957 4480 9035 8736 4291 9667 4374 8028 13598 6356 13405 13561 8878 6107 11480 13603 4990 811 7360 2699 17687 5828 10280 8564 3409 3822 10567 11798 3998 3665 2976 8385 6429 9556 12357 11103 1604 14225 3205 7605 14868 14530 13193 13823 3356 6271 14202 7721 2166 2090 17871 3557 8059 11974 10912 4730 8833 12115 13075 2577 16361 6648 6918 16778 8986 11351 473 14779 16366 7296 
15336 11560 16751 5305 14522 10858 5902 9312 5771 8840 4278 17918 4409 4474 10624 384 14585 7052 6287 8529 13437 6239 4059 10489 8392 604 8682 5324 10775 6042 5557 11649 8620 12612 9872 13758 10056 7322 4934 3833 4324 1138 14888 970 3978 6982 3185 2631 659 2942 14830 41 9970 10442 11032 12786 1603 16127 6688 5936 16832 13356 7203 8160 9854 6637 13288 11687 10954 11333 3671 
17401 8203 12739 4958 15165 7896 3766 3345 6000 15979 8596 14026 11607 10986 15521 6815 5222 13899 14250 14086 6760 6183 4353 7384 12045 10806 11216 1853 4187 2856 732 10231 10441 5139 15259 11354 8502 5317 12473 5985 13210 976 8354 4470 9321 9279 14216 2916 9963 13410 7687 3003 9874 14744 6743 5337 9181 8335 17152 17264 2163 1067 9640 14720 5516 8969 16129 13062 1691 11864 7817 
5601 11035 13808 15329 17682 9621 4179 1772 15875 13515 16937 7890 4829 6826 417 5397 15529 16964 2332 1980 17733 16446 11257 11552 11729 9036 1838 5460 3172 1094 694 6265 14205 6527 9890 9851 17981 3787 1355 1062 6004 5449 7441 17136 10494 4307 8016 14924 3910 11227 611 3565 4306 14330 8725 5250 4992 14313 12764 5566 13723 13300 17633 5585 3199 5502 10542 5433 13691 3698 8678 4322 2538 5988 
9849 16686 8780 14798 579 15448 8242 7442 5318 12756 7733 12433 15508 1282 1208 2272 9116 17495 4518 15492 4882 2453 7658 4472 14823 5238 8505 9820 16434 14323 10408 8030 4613 2122 9582 2181 9105 11149 293 10485 2312 17884 17736 11320 3674 6188 13076 7250 8715 12820 4299 7874 12592 11761 1908 2926 6152 16304 14240 6823 2440 14907 511 3697 9344 2373 8165 12117 2024 14696 4631 
7076 4244 4538 16876 17748 16156 9448 4533 3347 323 1778 11437 2875 867 3701 5419 4101 5753 5754 14842 2570 2758 24 2642 10575 460 12458 304 3645 12161 17534 12180 5224 14795 11824 1958 3723 13956 12763 13707 17018 12789 13848 6290 15923 7992 15828 1856 12720 4638 12651 1909 14716 10013 3062 10824 15494 6643 4511 17303 7957 9089 13878 15301 2550 8573 1927 6373 7515 5549 1257 2420 
17047 2120 6544 17217 4604 4014 1818 8144 3725 12734 13187 2388 817 14467 5292 1782 16865 4810 5107 15668 14253 12257 2112 13112 10607 1312 17478 5616 2620 10277 6320 14820 1520 11942 10298 3715 9459 306 10823 2043 5470 8994 14885 5189 14806 6705 10534 16217 3711 4703 16894 2770 9954 8493 2750 11643 10915 17457 12795 11733 12701 16867 6866 5805 121 14116 17469 14377 4489 2080 14554 14694 
10026 2769 9724 5358 16642 4945 12630 4 897 14896 2403 13696 7366 11981 15980 10766 10768 15961 15609 4931 5344 5354 4944 16652 4965 15799 12141 7920 11878 2720 4975 9211 2902 10580 12414 13518 8050 7323 11596 6801 17252 12181 13858 8001 7982 15832 11075 11381 7857 7097 567 14305 11505 12238 4832 10027 396 7343 11178 17373 12501 1016 4502 9632 14591 6519 10000 11239 12649 9630 3958 5763 
12327 645 8380 12851 16987 6138 9206 9088 17276 15171 11332 1892 12929 14424 1505 17079 10589 13788 956 2704 10788 11479 4987 17084 22 328 2983 16390 6770 342 25 9428 7094 2959 9781 13863 13969 17673 15641 2897 3538 2982 714 10416 16080 11944 4916 2405 15056 13935 6805 12196 4731 15287 9870 7938 3152 8285 4578 14531 4585 531 9478 9617 14836 9939 10259 15833 9242 1923 3421 4837 2890 14947 14667 15553 7417 16873 5523 4448 5172 1751 4111 10365 5785 8184 13551 13880 10719 17799 2481 11587 12371 
5837 2415 8905 7718 120 8675 13678 11474 5550 9865 12217 6793 12988 12667 10860 3021 5163 17035 5338 5294 8467 3404 623 4341 3928 1213 12070 4115 14381 11670 11139 10135 14882 6971 16824 6817 4639 13155 16172 3184 2135 8090 7997 17049 7440 483 10003 4221 15785 2445 9169 6275 5818 1451 1882 7932 12524 9315 12625 10561 7889 5700 9873 9043 4063 6718 3970 9611 10894 1618 2766 6978 10376 4382 16261 2665 4637 17656 13651 14397 5726 10364 11228 2378 13701 8509 7533 10937 4428 3600 14460 
13802 5836 4840 4656 3181 8014 1464 2055 11281 15920 8124 14931 8795 15427 2401 500 14505 12608 9254 16727 6166 10002 624 4043 9946 15786 3042 575 14797 10431 9309 7148 4670 2256 17360 12868 4175 6221 7617 7833 5983 5347 6732 11478 14938 11826 8975 13922 11660 3035 378 16814 155 15313 5852 11296 17727 17471 5809 16596 14396 17440 2918 17758 11380 15677 6270 3443 14668 13591 16335 14320 9600 11488 10872 1350 1576 10866 8162 16490 12108 10878 2715 1372 17900 16712 9158 8460 1431 12884 16415 15122 7022 
14038 8373 4774 1943 39 12615 520 11553 8604 7151 15250 4120 2777 12343 11902 12145 3760 8487 8478 5576 16314 6769 13718 6700 5462 16908 8058 17556 5121 6242 2487 6681 16416 250 11396 14816 4285 14638 4373 4744 5570 7563 10521 4757 2071 16704 12101 6594 4097 5036 4836 6332 5484 774 4155 8166 16202 17683 17087 17717 8103 4778 15258 13764 12594 4039 10227 9905 764 11207 9239 5775 7780 13725 11168 12996 5956 803 17500 8152 17191 13668 10918 2845 9618 2127 60 7651 3848 13276 5492 10525 5618 
11324 17755 1405 7960 2355 12208 8911 2940 4237 12982 14699 12477 9371 6400 9940 5115 15383 6284 16373 1044 3229 11064 3099 6580 16022 12952 10359 14440 14607 14679 5770 16770 12318 4852 14501 15944 15295 8212 17844 16185 734 6398 10745 14697 11609 5603 5788 1212 4293 3369 1532 13125 10159 1131 1118 10814 3675 17067 6264 2159 17107 9319 8458 3717 8826 15537 7728 10242 3988 17266 3019 5212 1382 16444 3196 8531 7426 5851 2321 4454 8400 7592 3899 14635 2035 1311 5193 4094 12176 2247 4794 11416 1161 
173 14568 5063 9606 9842 6008 16096 10491 17749 14129 14144 6030 5183 12638 3430 11192 2423 12713 11548 1682 8054 3629 4455 3573 13957 9238 1165 1342 519 7953 7185 10098 2841 15585 2535 3926 13812 11413 13425 5814 3016 13222 14717 15995 1835 13535 1777 2089 16552 17 17778 13058 3325 9742 12932 17658 15257 6246 4602 7670 2048 2888 615 16486 15205 10855 9637 9948 8565 5245 6012 11237 15188 9054 525 13317 7396 1260 12251 10188 77 13415 16179 7987 16936 888 13717 6505 14114 300 16710 8971 7356 
16516 1353 8013 10556 8439 10438 8091 3135 17807 11572 16746 1621 13519 1400 15322 17625 15706 9739 14365 3227 12539 15135 7759 2096 7055 9887 2335 2689 10313 14030 6182 4906 17451 9191 4434 8895 14887 3979 7184 1954 3972 2156 17530 3703 6084 8836 7635 3105 8415 12475 6497 12879 4183 14160 5133 6274 12561 15044 14631 8788 5621 10125 10481 14379 17072 8141 9537 13597 12754 16478 5278 16571 12213 13885 7316 15131 3932 5497 13470 13769 8025 15943 7093 251 16736 13335 15969 17257 5113 14824 5846 16071 
8433 8137 7200 7659 12498 15571 14876 17885 4276 771 8095 3365 7011 5825 16924 5635 10604 12284 9129 17572 2744 3406 10946 15137 12128 7408 12729 6121 6891 14384 11224 9331 8719 13638 16271 6024 12160 10285 9982 9990 11099 2148 8777 9359 8651 824 15600 1730 7058 13674 6994 5438 1083 12331 6310 17102 1839 2082 8454 16320 12900 4821 10114 13892 10382 10224 6646 10140 16041 8843 15221 7867 9170 8611 5208 14270 2680 7933 8997 2198 9150 8164 7095 1632 865 13337 12818 11840 3956 6765 13711 13411 
13625 762 8262 16279 3529 13106 109 10917 13207 4850 15802 1996 8626 2372 13737 6651 2270 12735 6118 1741 9424 621 15547 3393 9356 2935 12316 14322 12909 13107 8746 3313 13793 10666 1816 12886 12396 7702 13832 15646 16480 6771 2102 16350 6173 9164 4993 2948 1676 7917 10193 5525 1179 3930 4973 12566 600 13833 4290 8790 4678 12292 13268 15881 6212 5792 11661 9069 12584 16572 13350 15375 12723 1593 17048 12931 5508 16086 17654 8391 2625 14435 7120 11291 17587 5197 15970 7983 16049 6731 15203 9738 
17224 8668 2356 15040 408 2821 8323 13198 1837 834 10864 2709 16150 2410 9275 4407 8701 661 16430 12715 12184 17613 16023 3692 6582 17143 8068 16508 2997 931 6477 1189 3377 17891 13183 4549 7412 1178 10351 8659 104 7104 14285 17922 380 15423 14009 6319 5801 5445 9845 5760 14212 4865 11439 17579 5110 2735 14395 13546 6723 2346 1850 5130 9255 8930 14491 12800 9214 8453 7627 12282 12095 4481 15350 13744 5487 17965 15716 6235 3789 536 5092 318 15422 16130 8005 5741 839 140 16715 
15690 11147 2231 9848 6433 2716 12516 5477 9916 11391 15212 16666 17767 10492 6533 6081 4820 3286 1192 10001 15016 4515 17259 3453 17085 10358 11372 1932 14971 6950 754 68 17650 3018 17001 10467 4018 12409 2799 15667 3918 14407 7597 1748 1638 7327 10922 16231 15141 3020 9152 12411 5833 11085 7166 14432 11322 14712 14996 10832 14159 10089 7986 3593 14480 10283 17078 14507 2141 2986 15455 2145 253 1823 13844 3835 15966 15586 4683 11999 11110 4143 15793 5679 17646 15520 11114 12285 2205 6741 5859 2694 
11265 7429 6367 7134 3476 17867 15991 17177 14799 7541 2836 12693 2919 2490 17118 13480 5705 7477 13047 15971 9778 12066 5282 5580 12896 16848 3171 13073 10608 12517 9277 13407 8837 15928 12888 14167 13851 6155 10488 5978 8679 1600 6088 3900 16645 1363 16380 9392 930 17147 5848 12506 11717 13208 16839 16183 14567 12192 10437 5099 14143 5691 5581 4005 5661 451 642 3991 6130 4762 95 9256 4814 3203 12491 6112 15298 8932 5114 1596 4204 14307 7142 14772 15518 11115 17347 6092 1655 13728 16051 
2887 13801 13329 2598 6715 11022 1287 15862 11436 6243 17395 17158 13029 5832 14821 3059 14085 17358 8192 3649 12005 9411 7881 505 15019 10535 6652 11198 13083 2197 9336 15708 13756 12930 5041 4785 8876 13754 5808 8326 14669 13753 3467 11748 12486 10770 3382 3041 17142 6038 14420 14959 11904 10131 5824 3331 5782 1871 10839 3683 16604 10755 3144 15892 8024 2874 8816 8945 15746 6365 6 4383 1264 13005 4401 2241 7964 11626 8167 2441 3562 4135 8873 15775 2078 6277 4867 11272 4548 7688 570 
8669 2474 11317 3712 8603 10497 10550 15466 13442 17577 13141 3411 10433 11672 948 2285 7446 10611 4909 6343 17153 3391 5400 7937 10418 4045 11125 16859 10136 165 9690 4139 5297 6735 17237 17568 5496 3146 7972 10803 4049 14807 3905 10121 11452 3015 15464 17606 7767 4752 13420 4359 12441 9850 4848 1137 15273 6215 7628 1964 15887 9273 16655 15909 10436 6338 11353 16617 10780 14508 12002 1610 17953 8472 14235 9349 12502 650 6932 709 1006 10343 13894 4808 5870 6512 158 8806 16484 6453 12412 
4362 4007 4296 284 11273 14168 16347 8563 4289 9629 1288 9549 12276 3603 17114 522 11830 3826 13021 2509 5517 15256 2981 1214 6523 4587 12965 5829 8210 14442 1226 12994 13168 5637 17719 13830 5827 11529 6910 2417 3243 4385 11524 7283 10863 15490 5119 16468 4875 3610 14893 1330 15080 7000 920 8017 6296 10360 9124 407 12384 5272 14447 2811 7636 2258 11348 4519 4653 10538 9102 1572 11709 16084 15121 10537 2281 2786 14672 2146 10340 13298 12808 9091 3027 11652 11225 2973 17878 6849 
15454 3536 16581 1470 9973 10091 6258 5417 8559 7324 1525 2233 749 6085 6531 15934 4689 14703 17389 10060 9431 14663 8763 4340 8766 15020 13378 5885 2230 8956 5357 3318 3 15172 17215 10568 9046 10998 4313 13930 2641 5152 16308 4044 12258 4305 10349 11531 2249 3323 9062 17565 15583 6838 1829 17756 17540 8161 5980 5781 11800 9922 17725 7746 14431 3598 379 10009 11355 6129 8808 14354 9786 3242 156 6633 15332 17894 4733 13256 1928 14425 7060 265 17563 13760 8459 1455 11223 7345 3777 17111 
8728 8432 12497 6479 9265 934 17578 12202 5554 12844 7483 11045 14575 11179 12040 5714 1387 9588 2351 11004 15430 6167 6406 17852 4528 752 4764 8779 14738 11278 2 10430 17392 9218 16767 745 4274 11347 14736 11752 3841 5100 16911 6109 3271 9236 458 12291 15077 16015 10495 1174 6889 15863 2240 6034 12373 4838 8724 13772 15479 583 11327 3401 8726 1673 4032 9696 12653 6369 12861 15416 197 9987 10553 1325 986 8178 1278 11427 13160 3971 7414 5864 487 5252 11013 12526 1733 4937 16184 5138 
6486 586 11264 17645 12392 17630 17348 3706 1890 13148 13342 12853 736 14210 10014 13303 3295 14496 12949 2580 14262 16672 13898 16554 1155 10889 11715 13072 14325 6145 1403 13086 8038 14700 5021 6252 5524 9643 437 5111 16467 10067 2279 13961 5749 13307 10764 11950 7774 7656 8280 17783 5991 7648 11305 6956 3321 7839 2280 5132 51 274 2336 7107 11526 9262 4418 826 4772 9139 13361 6587 16069 6565 2204 14084 8177 15581 14006 3108 10208 512 1139 10751 13765 14886 17268 12762 7338 5687 14005 
12445 12857 6190 7305 7128 17702 14693 1074 17586 2722 10801 7300 3898 6481 15204 15737 3906 16001 15488 10061 14073 4102 15196 6169 4351 9768 2994 11788 15741 8778 17414 7389 9213 6050 3164 10854 6383 17647 850 5819 196 14487 11360 6278 8469 11832 17029 9523 12914 10822 11177 3264 17694 15965 16874 5680 2277 5116 11148 10223 8066 16665 15714 1789 14455 4009 9172 17051 6392 9950 11956 16009 3034 8217 12072 1002 13724 16299 1252 2601 3226 7154 249 3010 5207 12804 11577 3496 2920 9108 17664 
3123 231 11271 14562 2893 1713 0 1346 13218 11297 12025 1760 15265 2528 7838 16233 17741 15073 8685 6944 5537 11635 2567 10828 14429 10713 3112 17970 5236 15623 7540 5442 3490 15118 5378 17850 9936 9649 11335 1427 10054 6260 5683 6745 2858 11411 12835 11866 2969 3033 16735 14002 4932 9846 12730 3915 4166 9906 13413 15791 5622 6087 14314 7458 15450 11245 1805 13251 7749 14727 6928 11918 5251 17190 9161 6574 16975 13060 7823 8440 7388 17073 4381 6925 310 3012 15369 10836 17906 6198 4797 16228 7907 
13271 1110 9619 14916 13277 4846 12261 1105 2840 5043 10156 751 16371 15993 16760 9784 6620 14581 8067 11240 7772 9825 5639 7760 4694 8707 12906 12021 15210 10195 4294 7620 14737 10194 5434 12178 5439 14651 4668 17391 1945 1658 14815 1992 10096 16664 3782 12652 9426 15149 8227 3454 8448 15232 4991 6070 3320 15274 11349 7632 6961 2739 17499 9627 16909 8082 6220 8437 16047 14978 8672 8591 6364 1930 12229 971 6490 15392 3305 2729 13904 7452 8046 17434 14991 5915 8455 11645 12766 1535 8948 7591 
1707 1294 8491 15152 4252 14209 1090 7777 6598 8445 4960 3190 205 9313 13965 4335 1428 6990 16253 1151 11241 12007 8588 12424 2158 1450 988 8186 9015 9685 10103 12753 10044 13992 10842 14112 13438 7676 5806 12768 8633 833 9565 6101 11570 15418 9156 7466 5996 12915 17943 5486 17544 6254 5506 3518 8700 2252 15372 7941 11521 4654 5584 11602 117 11842 13494 5234 1649 13428 6549 15173 4950 11422 194 2547 11528 10107 7260 5468 8053 1136 12865 5547 8452 14411 13846 7334 5999 12354 
2061 1588 5600 15447 2775 17282 12866 10386 11023 12634 14526 14463 16178 810 10746 10628 9188 17240 2313 11673 13246 14547 4222 10831 9237 12434 11375 11021 6360 3527 12849 9926 6830 14422 6063 6811 17108 14913 10572 255 411 17824 3113 12532 2084 5690 17424 950 14698 8313 12883 3762 17235 14829 5835 10409 15645 16926 8783 11935 10099 17693 3339 12508 3340 6306 11776 7706 5084 3261 12546 11304 5230 7503 14052 10165 16836 2434 11486 9030 5606 7886 654 10743 9882 11121 12157 5264 2930 17504 5374 
5719 8786 5542 2526 16646 5182 10504 8972 8244 8390 2763 928 16511 4512 6474 43 2508 677 11104 13738 6698 16845 11007 2450 11774 9769 10192 17157 6027 722 10693 15818 422 1086 4280 11090 4390 5308 7630 7825 13910 14335 9995 727 14108 12958 9531 9346 9525 5071 5840 9485 14884 955 10813 10571 4537 5802 17856 14963 10789 14454 17700 2042 507 8732 7662 16658 2933 8818 4424 16986 2235 7400 4483 15950 4544 967 1150 10802 14301 10011 6208 5215 11131 99 1868 16358 16956 16011 
3772 10320 10202 710 4768 10373 16699 16286 3117 2482 7084 8133 3485 4473 5810 581 12418 2657 10825 15014 14898 14319 6238 6579 16374 11949 11595 4517 8589 3879 15550 12011 15859 3466 2820 9808 8660 5265 13584 8279 3431 1128 16880 10272 327 5262 13202 319 9005 11124 6615 1009 6016 6025 14835 1322 15465 1815 2700 16792 2218 13393 7572 16496 9497 11497 702 5630 3534 10394 4682 17550 12854 15710 4033 8370 14927 15468 13621 10873 17228 16101 17481 11606 9203 8667 1586 11384 6333 15180 8201 13980 15593 17253 7633 9032 12017 15487 2282 11899 3663 14366 13658 5665 6562 2555 5254 14124 12214 17760 6552 16479 14165 8691 10092 
8020 1589 17689 14096 7423 16456 12267 5654 11566 8663 8852 7495 15344 10683 1951 248 2174 14660 3194 11096 14131 1938 9186 6120 10530 16414 9393 10297 17023 13542 11123 3515 12659 7891 10841 15269 5475 5061 8918 7244 9486 3967 15413 15590 5452 13135 7853 12427 4078 222 12329 13430 13556 7694 4904 10939 5485 3547 9093 13804 1414 14040 9773 3362 10124 4150 10362 12448 4713 14986 15660 6195 16912 7218 2868 4501 4894 14390 9888 13903 8962 13865 440 3222 2944 1620 10302 15573 5268 4880 1491 5920 12240 17421 2225 15804 7434 5564 16542 15428 16820 13396 276 3425 16618 14529 1126 15402 17821 15164 15004 3687 5 13998 5856 9514 1490 8381 5704 
2651 15513 38 10025 2126 13749 5004 15034 1759 15840 16804 1518 3568 14911 4946 14675 9586 11428 12136 4807 1031 9127 7877 4691 14247 5281 2696 13131 12306 8245 6416 8599 16259 1283 9425 6831 10903 17065 15504 12227 2406 5022 1979 5611 7689 11760 4541 7163 11937 7858 52 7294 8684 7091 6733 10985 3429 6575 13478 2621 7420 13098 8081 15865 14177 13733 16930 4050 1100 11820 15655 13757 4247 3211 11615 10974 7764 9863 14393 13369 1415 7333 9086 10544 15219 12269 7251 17828 8339 3929 16064 1672 4216 9519 13553 5386 7710 8949 10505 9573 15133 3602 12311 10399 9351 12688 10997 9205 14773 11931 10741 9716 16120 15931 1202 131 14237 
16575 3594 15453 7600 11450 474 13985 16745 8793 14032 13987 9881 6266 16620 6422 8598 8500 6561 4643 2814 8065 14380 1093 17081 6933 8880 5872 800 5579 4400 12188 3761 6832 16744 6596 11219 2074 12812 2079 3200 7030 13813 17529 12624 7609 12663 8364 16754 10508 8343 17993 201 6614 7677 2917 12279 8233 5283 10468 7854 11885 8901 11084 17523 7788 1163 610 15161 12533 12248 6764 10658 10748 3759 8236 15028 5674 8555 7310 15424 10957 1485 9196 7368 11145 6366 15045 17929 11616 9380 2950 1443 17603 17877 5881 4052 10153 11995 731 8063 2576 21 10623 8615 6434 17139 5018 6411 11722 1327 296 7178 3934 13819 6213 
4893 9907 6485 12451 1176 11041 17653 8209 16528 4769 10740 9194 16688 9068 1398 12903 10923 4711 17159 13346 15036 9334 10471 12048 9776 5340 562 6052 9827 4813 2806 13722 3997 15033 15682 15446 14147 8800 4943 8687 4471 16931 6792 4844 361 13872 17313 10703 4491 8966 17973 2017 14310 13602 1591 17352 17875 13989 4816 5042 13151 5153 4172 5184 7156 12175 16925 13372 8060 12535 8040 11659 9240 12845 11799 16454 14337 2859 2058 14417 6388 9652 16075 1534 312 15940 14080 17225 4387 7313 16722 1592 11987 2711 17788 2671 11711 3756 4701 13137 7828 12360 7909 13422 2257 6196 9455 6798 4336 16372 17621 16122 15835 1203 11166 17149 
14569 17341 11618 17335 4001 2880 13814 11094 2527 9489 1719 4315 7654 3957 15442 8567 12654 14033 854 15678 5882 8841 13259 2115 10661 6403 2705 7172 15610 15374 3394 17862 13024 13440 7304 6032 1425 518 6976 3962 990 8861 16531 10429 15233 5157 1874 4903 2013 12363 5098 5729 14757 12220 15064 9780 424 17260 529 6822 3950 11443 1156 3252 8877 15922 10700 7225 4122 16638 7712 2284 9638 1905 842 10282 17679 1492 15770 10367 12089 8960 5074 17270 16427 1373 11171 12092 10717 17602 3635 954 9771 4283 10348 10010 7574 5274 475 7732 3746 7709 8983 2045 17074 17882 15498 6668 4625 12995 4017 4330 1714 1858 17300 
37 7606 10851 5961 179 1066 6905 14929 15853 13169 7792 3780 3235 2211 10447 15167 11900 17743 13495 5772 10884 5812 5322 7505 14269 8586 14840 5166 11421 17439 13142 14961 8481 10490 10372 9722 3908 6263 3999 9985 1088 14756 13214 17757 2248 4213 7668 13871 2097 12671 7736 12540 12928 588 555 12224 1579 10332 8456 16721 5493 9379 50 13046 1746 3980 13446 8413 11499 392 14593 6053 9653 4776 7234 2842 16104 15715 3390 5361 1963 12308 4301 8926 5938 6940 16958 11960 13195 11894 514 9026 15097 4441 2826 8142 2609 5391 182 7152 1976 5450 12076 13061 8696 6749 17729 5923 6283 11508 11933 8525 5490 5561 7474 5623 15282 
14156 4892 17459 887 13572 16994 7069 9725 14628 2539 11489 5725 5646 14046 15449 572 14791 7995 9452 7228 1444 16091 11725 1133 10670 7878 2391 7232 16731 17380 14724 5590 7006 5531 12083 17537 16116 5555 1548 4412 12873 7502 3636 8856 4718 2274 15718 14610 4727 6457 10028 7289 12022 6901 15082 12711 3577 14748 11089 684 1113 6827 707 982 14053 11853 6194 10243 13236 3029 5647 2062 8041 16363 11934 4366 17441 13017 17371 12605 252 3384 15983 13468 11971 10794 9145 8405 14364 6289 12813 4747 9714 17784 2706 2588 8194 17659 1675 7397 12596 15074 16125 17231 13540 15664 4780 17959 15412 8418 15657 414 6567 14543 14001 11174 13398 
17873 6722 16220 17223 2644 8196 7560 12512 874 16923 15978 4866 17055 15997 2195 1420 15154 5558 15883 10840 2755 10514 13600 12125 4468 267 15194 16377 1391 12836 2686 12955 15030 12496 1876 10452 5120 4707 7271 17296 341 11280 5013 4318 6261 509 4569 6968 9564 686 14964 17678 1722 10049 13194 13065 10154 13712 14138 11050 13177 8168 4317 15595 12407 3963 2387 2023 10263 2714 7100 4011 7358 16208 7900 3044 10735 8968 1998 171 937 8051 16027 8925 11969 412 3301 5346 7223 11738 4113 12797 13746 6441 9745 6487 12757 8159 17858 5221 15697 12194 8219 3031 7157 8501 5205 831 9420 7640 12843 3187 1134 2802 13529 14532 2972 16007 
12858 8019 9612 14149 10733 13677 10327 9076 1365 5123 13991 12815 11083 307 10510 16410 10071 1870 10132 14939 15744 17802 12656 8232 2460 15960 7465 13132 3514 11184 978 10251 8953 17980 7481 17216 3667 17806 5673 17473 2310 2669 11276 11229 14284 15523 5081 8089 904 13589 9230 10941 10980 8541 11837 6522 5093 8710 1060 10716 17180 13403 17794 6074 13451 15837 11640 2022 6136 17657 8875 7214 9594 15509 14472 16422 10773 13805 7004 4889 1967 6313 4284 8909 1947 3067 14388 13479 10308 9378 9992 14552 17362 1711 4192 17836 9871 10564 9893 10874 6739 2635 17739 1101 17772 17823 9050 13946 3621 7768 17406 16877 2088 3014 9441 11213 
10262 9318 13624 12621 3129 13854 17691 6597 17295 2010 10374 5890 3590 7029 7720 8677 13679 6540 1280 14268 10897 4947 972 14426 17138 11989 13306 7231 14666 13426 4174 16436 12010 9074 15918 17629 8741 15644 10983 12082 1725 132 12519 14761 16742 12810 675 11719 6240 9969 3074 16603 209 5696 4921 13458 8435 9182 3802 9388 5073 11086 8302 646 5388 9794 7686 16595 5109 12544 16394 15216 1887 8649 16300 7372 374 11912 6102 3414 236 9593 13477 6987 13595 4006 10950 1323 17677 86 6153 17194 10007 15763 16842 2236 5866 8169 17644 12891 13231 34 383 4212 7532 9463 5922 16769 721 15400 8417 10187 9469 1729 4447 12488 2861 7024 
4598 14155 8616 1058 7672 166 7364 712 8781 9566 3530 2781 2224 10392 8664 11841 2637 3524 1664 15029 15843 11533 8154 15075 7051 11418 13011 14075 12600 3043 5934 5000 14027 17865 2584 16566 10312 12576 12377 17923 17178 12165 16526 2161 9859 14828 10357 4372 10108 14302 7314 14289 10808 17955 12776 8463 1482 14715 11170 3749 17188 9348 8021 4023 7268 11112 12684 9819 9655 3537 10404 10704 7863 15688 7014 9246 4933 16360 1216 14136 6469 9614 12341 9085 17620 5368 14980 6569 7493 11564 13993 1587 3609 5421 17904 11815 6023 5372 3333 11990 7575 10458 16425 17208 8735 6508 501 5939 8595 16195 7970 17408 15202 5551 7929 900 15284 
10203 2945 6013 15217 12438 13161 9442 10727 10215 4134 10333 8958 15263 14341 16451 5668 6710 15324 14859 5884 12538 9245 8893 15193 14601 8172 7406 12364 2216 14016 7349 11431 9012 13732 11283 894 8333 15059 7303 6912 7330 17711 1069 1166 7224 11295 2603 13766 6555 125 14875 883 10115 14618 14521 14905 8592 7519 260 6214 15200 2613 6305 15351 11414 5807 3710 1845 7697 3497 6742 15732 6428 12550 11665 1662 10293 882 15399 15420 10942 11187 15805 5014 8221 3224 17516 261 138 3061 9229 17759 15774 7959 143 17284 1731 7966 9168 4312 3209 4089 81 16012 14578 13947 14940 1608 13221 8556 12745 7673 298 7044 13339 15105 15001 
15159 17643 4657 8970 8662 1877 3004 4887 14518 17454 1936 17100 17354 10610 4879 9704 9542 6502 4770 15086 10573 6048 8900 2565 9824 6767 8411 4163 2217 8825 15904 1272 8540 1168 4649 10221 13380 3549 6890 13675 14941 1285 9702 786 78 13450 12042 14723 7991 12987 16527 12860 14481 14776 1776 15406 12102 17804 2499 17589 13157 12210 5879 17533 7804 12446 14802 3945 11856 2849 5112 10721 11953 15611 10304 6430 17839 6768 10422 14121 6467 256 17946 7375 2734 33 3303 8473 7336 4737 9107 7059 7038 2357 3432 3626 12706 3142 12016 12113 7102 7570 17701 2813 14574 13942 14945 1594 4912 6154 11250 12521 11527 7061 10284 16248 8636 
763 12916 2532 10032 9790 4545 7318 12031 7265 16273 16465 13126 9253 3013 6413 12044 6472 5587 15676 4614 14190 15796 10927 2093 12775 1565 2449 6288 12305 10594 977 2227 13145 9841 13322 6794 8628 14115 2760 13225 11165 2489 11655 4364 10344 6686 17962 4849 17547 13889 17842 6103 14774 5793 11688 17201 17601 13096 1540 5480 3618 7569 13213 12174 3360 7588 14181 1926 2418 12559 708 9712 2884 8849 3532 14475 16423 11010 16536 3373 6782 2970 7739 11901 9751 15989 3829 15316 8575 11574 12230 17443 3619 15514 7309 2444 9775 8637 14755 3838 16601 10456 3992 14355 9892 15591 394 16838 9823 6680 3130 9646 17064 15876 3326 1124 9858 
5070 13979 4952 15512 7849 3116 9435 10274 3839 122 11200 8486 952 6059 602 7307 7387 11201 13908 16740 14955 9216 5104 7996 17122 208 3158 8940 9945 10240 8471 14371 1991 4941 7717 13794 12436 8365 14914 3291 17242 7539 11039 8739 10233 6842 1422 15248 6750 7814 7884 6206 10273 365 14933 5342 17588 8503 13943 2661 7348 17785 11269 10850 3695 7552 3679 10232 11766 17853 12583 14691 11471 9634 1231 10411 3734 4408 16438 12760 2339 9574 13680 176 11379 2883 864 5681 16578 4918 9044 8062 4771 7529 5379 9735 4131 15223 9227 11392 4996 1788 532 16181 9125 259 1681 1537 9691 6200 3840 7685 6106 14588 3857 12686 4878 
61 7246 2886 4420 769 15984 14326 5312 16170 14858 1715 5971 13279 12359 1129 6679 7501 13362 8723 6148 11546 3098 10943 10648 10532 12716 11536 12718 10476 13485 7124 15915 11316 15505 7598 2348 73 835 4766 3195 13520 7727 3664 7571 10331 2392 16203 12455 9505 13779 9328 1258 8916 301 8810 11767 2307 4010 8312 14570 2749 3668 13149 16884 12171 2121 2101 750 17738 8479 2724 9585 5286 13469 15070 12120 10046 12330 10116 853 10383 5293 9752 12668 12855 17245 472 10907 7922 4435 5422 9138 10702 17316 5644 1616 14595 15168 14790 16344 17209 688 17066 16594 13776 6314 11544 12344 12655 15379 4819 12065 9403 98 
9495 6426 11441 15099 14162 15807 15106 7547 14872 13873 5078 1 8917 10551 993 16489 16274 4673 11369 17020 10899 14968 13244 5499 11651 13067 17674 10887 5993 7821 9766 9071 3632 15738 8602 6655 1167 16743 4793 2020 5383 17355 8266 14166 12683 16164 6763 557 6783 6096 14297 13400 7137 10711 4600 1599 7150 5170 2308 3256 4090 1756 5015 14230 11438 14556 14316 17109 15693 3324 12426 9895 4671 12415 14389 766 13774 8919 4088 14449 15183 9988 3399 11150 16674 9155 11622 2573 5720 448 16068 8532 3255 5302 5425 2789 1767 16188 13809 7634 4690 1375 10330 3661 7911 9694 16818 6175 9521 6814 10871 12075 9736 2083 2304 1219 11190 7098 
3595 4775 11323 4361 13913 11258 2232 14503 5948 3076 5432 8213 2409 4020 5176 10388 3109 574 2427 17094 9385 10189 11517 8524 797 4632 8821 1978 9176 15432 2393 4930 9838 6180 7599 2463 12968 11256 6386 13616 10017 1017 7448 4339 5789 15916 576 5140 9997 11000 13463 183 17370 1237 15318 2928 14584 3575 812 9957 15608 6674 3952 6043 8871 14962 14452 14176 8378 14329 42 15007 13431 4064 7663 4273 14573 2295 4799 5820 3379 8434 3202 6247 995 836 16714 2730 6618 16134 1357 17008 5910 4189 3803 4446 13310 8383 16997 782 5408 14709 12467 11829 14352 9008 1960 6530 17445 9757 6682 12193 452 15615 15852 8299 11410 2222 
4008 5896 172 5364 3070 4243 8427 6303 7674 13185 9429 16333 3707 7438 7711 6717 5491 17594 2624 3037 8074 6730 9942 5912 4475 456 10710 3574 8173 5875 5284 5226 14252 7478 10664 16862 13852 14764 14464 11905 10865 5034 10475 13825 3585 16518 4116 7696 12397 4521 614 5873 17344 13720 11188 6201 12953 11111 7913 11060 12368 13123 2662 10578 10258 17576 7813 11403 9852 14213 3560 5101 4535 13590 5658 12328 14041 3753 12780 1904 14726 10419 12094 17464 10029 10245 406 5900 10876 11585 7428 15721 12112 12369 17502 5862 12736 14234 12944 14730 4572 8084 8275 16464 7272 8643 6755 1574 10163 8814 3858 11683 11169 15756 10328 8912 13939 
11442 2828 3830 4126 5843 1824 7954 6787 3188 9149 15565 14555 8655 2941 8980 12123 8290 15206 17033 3996 3935 16445 502 5735 10473 16315 16613 9061 15491 13850 4233 5708 16092 17275 2171 363 481 11514 4734 9749 15939 15819 13227 16173 14500 6122 15347 9123 537 10395 11306 11537 16375 4095 6914 3066 12918 16295 15023 1148 2674 11049 4594 8135 15249 14770 4004 15042 510 14128 2756 9568 1190 862 6687 4922 3088 15179 6972 868 1940 17769 17255 1688 14271 12476 11682 288 3213 3811 10931 9401 9499 7321 9597 1421 6859 17187 3520 2871 8086 9580 15653 12961 9285 6977 3385 10271 10407 16147 17090 17250 367 2656 
15395 6014 13146 3542 14804 12090 3293 1601 8498 5609 16510 2421 2291 14976 11731 6199 15147 14446 9430 3052 404 16961 17492 13228 16799 14616 12893 8704 1329 1863 1106 12375 14853 7950 12614 14502 4493 16330 223 11519 10629 1068 12447 8697 14125 2805 15189 11925 14992 2712 12342 14538 5642 5583 14171 129 8296 12920 10180 16072 11896 4358 3921 13215 9263 3163 5007 14514 2891 13782 6237 10696 4068 7669 12264 11462 2177 9964 7518 15101 4758 7249 2967 15419 8548 10765 16488 14476 449 2457 2676 17598 8329 16950 7021 14119 11545 14810 12287 10682 6058 4249 8088 13465 4877 6293 9337 8039 11881 10279 10043 16584 4843 16417 4277 4084 
8787 14333 13683 9317 17584 17879 1583 226 2467 9271 12492 10138 17236 1229 13755 14800 14437 14734 17571 17004 10720 15429 15942 4396 7779 12126 1152 9592 10241 9001 7596 16328 5413 6006 3407 776 5002 17864 6327 11573 10454 14894 6409 4962 12211 4864 6568 673 10410 9584 17403 12456 10113 1245 9025 8356 16105 16675 16812 6752 4765 11404 5865 13653 11128 11294 670 11143 16193 9048 11720 9180 15305 3501 10791 12383 12619 1205 14034 7754 8222 13359 10560 12782 12223 14272 13292 12642 9460 2298 996 4245 5858 9496 12155 4969 3864 15480 16346 6057 11872 1362 9576 1969 1809 9335 14241 15990 15695 17703 15235 16667 7376 15889 560 
4185 16574 12444 1641 9258 13206 13441 4532 15696 6716 7182 4787 9212 3863 11843 633 11299 13375 6708 10101 1457 7064 9529 2106 15545 9530 6993 9235 7524 4812 4577 1273 12954 2581 4590 4000 12142 16153 12613 3141 2015 13525 15976 14186 13340 12355 13235 15661 8043 17383 16598 15436 9919 2333 9767 373 3690 2451 15936 9400 16319 11739 16808 2086 4579 641 14295 17104 4699 11836 16336 8034 14608 8489 4831 5202 4873 4998 5799 17145 12802 1708 5744 13333 8597 16042 12053 2278 12148 5127 10973 14944 16545 3693 5389 12012 2011 17327 10601 11400 4978 3982 9799 11947 9126 2007 6630 17192 5467 8737 11331 8037 6139 7258 15535 1143 5370 
114 17695 7135 10084 7370 8249 7023 16810 10445 11920 13578 7088 8251 13283 15234 7623 9726 9953 15132 12203 9483 6363 8449 3922 4055 7049 4429 11666 9409 8939 1624 16197 2804 11893 7290 15266 6229 7065 17390 14561 457 17569 6268 4825 2702 11669 11986 1081 7559 6948 11301 12633 4942 8874 10705 11118 10631 17855 2327 31 6535 2215 214 3087 13366 13568 9329 4181 12154 17298 5838 10619 13414 8729 16123 8044 4029 2300 16163 13799 17915 430 8049 2064 8134 17860 4874 4773 6456 10287 13681 16412 12803 17425 364 10620 9461 16866 1351 5369 9433 13881 13392 8000 1822 902 1821 1292 2208 7041 5016 9101 15084 9066 12998 2719 2732 10288 12039 16677 15894 14473 10111 5398 12832 377 9045 7390 4041 10520 12346 8713 5693 7447 15417 6082 8171 11095 
11973 9671 11972 13566 6256 10910 7147 7206 2290 3843 1169 17041 8015 7248 14754 7955 10964 12925 8773 1857 14732 2816 11002 14498 7918 16443 5235 8862 4219 4986 326 15902 7880 12129 3348 14558 17095 23 14089 11726 5888 14796 12640 13970 1875 6123 5909 1371 6037 3361 12553 15760 6488 11457 15503 13596 3395 13902 15397 10627 5780 16485 163 6516 16341 6927 17070 6584 10499 607 9810 6924 14513 4619 4858 7413 10797 2027 2041 16340 2380 12838 13921 4107 7885 13487 12938 17381 8534 12088 11581 7284 12738 10678 2831 3009 12500 7551 12712 346 17028 14018 8888 1769 1791 1413 2203 8632 17582 5608 9657 713 10659 10524 4738 9185 14891 6672 15874 10515 13357 8755 5195 12842 17305 13432 14989 11036 12301 10621 308 5981 16653 5627 8688 17251 
12799 4067 10616 16640 3948 12674 4178 5963 12852 2952 1112 11967 7365 16570 6304 345 2152 9570 11631 130 11222 13318 7582 1230 325 13188 3463 16275 4453 5459 4282 12482 13309 9474 15315 11539 7526 2404 12319 991 12163 15268 2846 12817 13761 12259 17596 10762 16428 11503 8156 7205 14403 2012 16447 11465 14251 10893 17332 137 13931 5367 12481 8208 6843 16772 13150 2503 14185 3914 4334 6959 15929 13241 7590 3974 11364 410 5984 2175 1885 8355 6979 482 3221 11884 489 10883 17506 16399 17013 17432 11266 944 5951 9332 10325 17935 2867 8770 464 12661 15024 12484 17120 3827 8619 7115 74 908 17595 7522 11405 7179 12290 12880 4228 3917 14671 9528 1917 2383 357 9517 5431 13905 11565 13019 10045 16297 7119 619 7378 3381 10149 
2179 14923 703 5718 5010 15578 2119 2591 11684 1538 1878 14221 16817 6911 16607 9077 6009 4180 7418 4534 5377 421 6590 17979 6974 7003 10958 4750 2803 7701 2698 2745 4928 5108 9297 1745 10772 13968 13673 4469 3705 16389 14169 1961 4611 7743 6853 16683 10226 13104 8397 4344 7196 15010 12750 8443 858 15890 4077 9944 17365 8423 7637 8987 9143 13360 14179 9464 17024 3808 7808 5657 5032 14742 14471 13243 13444 390 6882 14448 7667 11541 17662 9204 17017 17795 12769 7745 15694 6720 12459 14803 3599 15376 1384 9791 6001 12485 1458 15357 12087 5916 8403 14035 1704 6566 3475 17307 7308 13352 5054 7220 2837 5569 14515 16525 13828 12806 11093 7508 4086 14714 8396 5822 6529 1573 15117 7919 14057 11662 8341 376 16521 7262 9925 6991 17890 9875 
6899 17637 11796 2480 5895 756 5476 16583 9140 16174 14758 11319 9843 7564 2521 4193 16209 5314 13906 12984 12315 13443 462 7012 10486 11142 4279 16797 454 2627 5930 5048 9533 16141 2157 8883 516 2938 14499 12791 4767 4530 1430 9631 3173 13289 15349 5855 11052 11339 4967 10264 8638 9641 2261 9918 3800 6514 3100 13071 8797 8579 13581 13261 17206 6442 16773 13154 5057 11033 12889 12376 16132 3637 2476 370 10265 15493 8361 10006 3002 1983 8757 6725 13890 7787 17987 17263 4863 6625 6605 1517 17912 6896 5976 16954 15072 16541 14219 15988 905 4949 10518 14257 1828 101 3886 17522 9620 13313 6906 13180 15834 984 6707 11646 2306 17538 9639 12548 14419 13727 1075 15532 6158 17840 9656 6352 4190 10305 9681 8924 15461 15658 6493 8686 605 
16929 5483 881 2060 1536 1111 11612 12557 11789 10150 11458 6498 15289 7241 9039 220 16135 5300 9962 11968 1125 9 14970 6915 8714 8465 14780 2108 2469 4927 8293 6639 14076 12719 10712 2050 5521 3525 15384 5003 16921 5239 6537 540 2133 6086 2138 10076 6075 13122 10239 8946 1309 8284 11098 11511 12121 15895 1697 7989 6986 8507 8600 8069 16670 15187 14363 13173 10501 17325 10459 12179 14878 2242 4265 5817 17751 7621 3596 4956 10 759 11810 14771 7690 13216 14025 11186 3287 3422 6664 12859 6104 1374 14100 10968 3888 17815 204 17599 15601 906 6541 12130 2311 2553 15618 17902 12702 10281 11805 11282 12631 6824 9292 8830 13963 12393 133 3201 14418 9148 13870 5028 16500 1077 13229 7506 4325 4898 12334 11451 2070 7297 3317 6095 8584 12051 
9554 1116 12976 5135 15572 11382 13165 8904 2600 6262 13869 13383 9444 6185 15035 11790 15938 2167 10219 7829 1702 9195 1929 15781 11753 2742 14662 6520 7757 9707 13483 7173 1567 8009 11077 14145 5472 17449 5767 3528 13027 13343 17532 15767 11101 7089 13643 13997 13053 11432 6678 268 14571 8974 2738 7112 7243 14348 17724 15005 12093 2379 5688 13050 15128 12599 2464 4411 17011 14048 7236 7528 4543 5995 16440 4714 13435 13803 6231 4719 3245 3415 15039 9727 2005 347 13022 12466 6340 134 292 15184 1319 13521 6230 3085 14255 1196 9550 16717 2589 15592 10641 289 17019 1797 433 16868 5504 17130 9266 14140 6090 5291 3638 7404 4388 11191 335 16146 2833 7456 13255 5392 17916 2560 9040 7393 15992 10541 7994 17444 3853 1504 13278 17465 9396 554 
14215 8551 7724 16161 6302 4663 6538 5889 4256 7719 13456 2368 476 10093 16705 17409 13915 3118 1879 1184 3522 9844 4319 10602 9232 8803 4114 2991 7464 15783 17566 5638 10300 17320 7467 11313 10310 13791 7127 16213 1758 15977 16470 15885 7679 11991 7362 2523 13124 13884 2072 6935 16723 15495 5465 15469 3054 15220 13537 203 15385 13897 6501 11590 17442 1089 2325 10460 5498 13136 9669 10849 16637 11220 4696 2085 8870 10065 11263 7664 94 16160 8239 13370 8656 3065 15752 3419 3228 16100 11189 14549 15773 743 783 17340 7392 10022 8431 2200 2752 8593 17936 219 17817 6659 1559 9555 9056 17163 14704 16660 4546 2717 192 8831 1539 6257 13550 2540 17233 9812 13868 15294 903 190 13238 7498 11898 4853 12511 11038 16913 15886 14848 17031 14942 
1530 15100 12326 16988 12333 7377 7969 2408 15755 13093 10079 7379 6439 6126 10294 12374 227 3648 13464 4217 4416 14719 16983 3198 11782 3642 9293 2862 10886 4338 17082 8055 9119 16494 8706 9178 6003 15089 6419 11965 10253 4884 2052 8097 2428 10548 16762 10449 3920 3349 9595 1191 6379 3420 656 10880 12593 12337 2425 14639 2456 10804 16834 2797 4449 6324 7342 14061 15764 5414 4423 9792 3658 15848 15868 371 10234 3678 9911 11620 5219 11762 6452 4854 11525 13875 16201 3478 9231 16145 6607 7535 15083 1502 10291 17607 17919 2263 10088 5303 13007 15162 12056 8254 16099 13976 15632 13959 12941 8198 5038 17174 14183 12714 11936 13693 2442 324 1901 16466 2812 6942 13234 2324 4784 1948 13811 6847 14871 3815 17941 10503 6609 16501 4207 7001 9302 5210 
2238 14510 6545 12792 6250 2473 7895 4309 14681 4650 14640 8301 13324 7602 14113 14203 16216 3170 6443 159 11238 10366 16819 12254 13523 15973 9350 90 16237 13080 17564 11303 17967 11243 7054 14604 15964 4646 15797 8130 11460 5083 9840 4675 9454 8483 2723 13048 3468 4331 4550 9320 9923 14461 16624 11472 7078 16400 16605 14453 1335 12755 12947 8061 9110 2687 14099 12978 11996 5511 14195 17501 11012 587 12443 10435 354 4559 7096 13907 5519 12560 16149 8748 10856 315 16359 5641 12543 17775 687 15711 7299 13639 4123 3110 1721 4241 17735 8395 11446 17474 1728 825 5503 13730 3796 13698 9375 8796 959 17146 17722 15734 9750 10161 9913 16247 10446 15363 12216 7039 13492 15119 6766 1497 5568 7978 15026 3484 10600 10210 14908 3166 4384 3097 16538 15616 
11088 8610 14037 8367 8131 2362 15460 11389 3057 9031 1660 6362 16878 5005 4427 3666 3902 6612 1007 17623 515 1723 15252 14378 10543 6931 5242 9470 7346 1033 385 4633 5167 16495 17202 929 8175 446 4885 2643 12260 6150 14678 15998 10334 15880 2728 12967 5356 7971 4259 10960 1394 13627 17639 2936 1225 2371 15956 6640 2995 11571 15246 17648 7512 12119 10875 3572 1048 15524 14920 5615 3755 9354 3154 6011 1277 14152 4563 8420 8099 11226 6694 10758 6628 1628 15568 8199 6414 3239 885 4655 9096 13951 6546 3298 3121 15451 17189 235 6747 15955 5748 1555 5758 9122 7510 10971 17676 15356 2479 4251 11014 10059 14647 10753 12572 2931 14340 10229 16483 7557 9764 8820 15296 770 2847 10128 7496 3343 4851 14199 17487 2068 4497 12450 17032 8558 
350 12150 2650 5017 16627 14391 3353 11802 8368 2132 9607 12144 10097 6321 11395 720 12372 5469 16915 16902 1695 5692 4791 11063 4083 8644 7949 11417 13423 1446 16728 11067 12185 7114 13486 12552 1685 11254 17036 6301 13166 5179 14410 545 5147 663 8474 2819 2397 10593 9839 14049 5198 4508 3977 7755 9287 13686 5734 3597 793 12591 16487 13281 11601 1246 15574 2520 10677 2987 15130 10443 4031 14862 16748 7604 16631 9869 4644 9697 15691 69 4087 3752 14624 14615 921 11246 228 1308 5656 11911 12771 16219 15957 9103 794 10381 9829 466 8371 3262 17592 13960 10148 15576 1256 13800 15155 6997 16313 12530 7221 6116 1313 16053 16167 9502 10385 2796 12242 11941 6975 1261 4900 15058 17091 5998 8147 14064 16110 11641 10472 4093 17132 9927 17302 9386 16816 
14687 12622 4421 9494 9678 6781 9147 8557 4827 7851 2895 10982 8006 11613 6002 12689 12874 17525 2069 3607 16764 10117 7328 3686 8036 11791 5928 2462 13837 1210 6344 14249 12365 13367 8824 5403 3584 870 1755 4826 7797 11042 13439 3586 8601 164 12694 2782 15327 542 8325 16114 2266 3854 4529 1663 3311 7117 14245 6311 15739 11247 9860 16822 4272 16766 16262 9506 922 4739 8281 11835 11387 10582 12442 5605 330 15898 14743 8689 10754 2377 17780 8521 17027 877 1236 4268 7315 6861 7782 3989 7352 16337 215 6736 1318 15806 16573 1218 1544 4342 1513 8398 8394 6629 6473 7531 10361 15398 14077 12721 1869 3818 6255 13807 16424 629 9226 8733 10987 16066 3722 1337 9876 13929 16887 17604 275 15380 6353 3366 15707 10584 11154 3553 15303 1692 13953 6862 
8315 527 13035 10675 1523 10799 14274 7016 9857 9548 1005 2364 7320 461 5849 14142 15761 7210 1306 13582 9481 15501 3334 3570 4984 9114 17507 2978 14839 1388 16492 17535 1270 975 6583 15373 16082 14370 9897 16036 14207 4413 14266 8189 2111 12758 1956 2964 1366 16057 7618 4680 10095 12416 9295 15102 6704 6476 12840 11398 2030 12304 2320 4929 6370 1265 10470 4510 10453 1718 10588 8562 12164 7101 733 16691 405 3207 10420 4966 4627 2360 3025 5953 15730 6684 7273 5261 1609 12856 6726 8513 4054 5604 14785 6511 3474 348 12019 8844 17338 16395 4098 8590 7351 16697 787 1433 15982 17244 17135 5877 14822 17484 14300 16761 1674 14519 9974 4406 10944 8337 16523 14291 13526 2009 12902 2951 9327 15471 6099 16230 3246 13534 15497 3435 3836 1240 6224 14414 
17342 291 9665 3352 6374 1352 6492 2768 14988 12156 16935 816 5595 9645 13690 8799 14172 5823 1092 2646 795 15685 7475 5731 1900 2036 10425 10412 15311 16610 7770 13601 4574 10064 8422 11656 17615 3809 15502 1522 4236 9605 13820 6713 13402 3844 9980 127 12699 12527 6202 15195 14127 3310 7576 3682 14656 2759 6337 15877 13012 13543 17088 9544 11575 3197 4685 3606 15307 9804 6810 14834 12897 16579 14187 2416 9673 3516 16176 8295 8639 7631 16519 3775 14611 17956 1495 3363 12030 3119 3904 8340 16547 15769 14062 351 7326 14600 118 17463 233 1585 14275 17801 17366 6576 6506 14373 10714 2691 11744 12531 12172 12821 1254 13394 5325 14692 1456 13373 82 12403 7473 10094 5136 6808 2105 5974 7626 11874 16407 7675 8745 5509 4405 4499 9323 9394 534 
8256 13330 4302 14450 12032 13454 4486 5076 467 1228 3544 40 12499 4079 1465 8369 338 2506 12676 2541 10375 15566 10809 8480 1959 16030 1820 2549 9648 17966 2273 5695 1095 7585 11951 10477 14725 14204 11195 3351 11906 1050 15032 5946 9663 14646 9368 16942 11275 9813 14120 10539 15857 12515 7204 10698 3251 15229 5768 16577 791 10816 16999 8056 7222 8954 6802 13184 5406 12862 2594 1473 12170 17614 4795 11092 12603 7680 8121 7056 271 5209 11777 9933 14372 6093 14465 3265 10345 14069 13351 9338 10640 3405 11466 10342 12061 523 16252 964 4450 16676 2301 7278 11838 2988 819 7073 17491 2713 17458 1773 7958 16 3150 12000 3850 15817 7650 3604 5762 2636 10694 13599 12783 6670 431 5634 7034 6690 11705 11567 10102 14890 4582 10104 7279 3494 14458 
9023 1411 5069 10970 67 1070 11559 12097 8087 12439 12398 9507 480 6616 14542 5949 16148 559 7108 12138 7497 13434 395 699 16032 16137 5528 1798 5694 17376 13190 17200 7645 11362 6819 1744 10890 5933 16151 2525 6478 17393 8864 8328 14560 7207 11020 10162 2602 10821 11293 17075 5199 3551 1671 2386 3151 14580 16900 16616 17437 3193 16939 9615 13105 13332 14243 16367 15672 11196 15359 11043 6076 8866 700 7809 3357 7864 4595 4890 4540 1999 7191 16654 15292 15750 110 13504 53 7898 16750 13327 895 15199 9734 1197 8218 17220 12828 15409 9515 11644 16241 6778 11998 14095 12449 13090 169 16106 13709 15302 9541 17841 6316 13475 14765 5151 141 16580 3975 8224 12167 7876 9758 8855 11308 17467 1950 10070 7827 3344 3048 119 11073 2778 6626 1299 6294 5982 
12917 349 10793 9901 2296 14680 14090 7556 9376 1241 14164 126 2604 3354 13796 13338 8504 5987 758 13220 10080 14223 19 3804 1459 10396 13023 6105 12077 15901 16858 798 15076 13069 4871 4753 9473 7183 9130 8012 3053 9779 7363 1817 781 7716 5732 9154 1779 17324 4326 11044 3677 563 2838 6404 14304 12460 6143 5249 9864 15110 4895 4019 13666 1448 6855 11069 5709 9118 2654 13108 11783 4568 14760 3147 12679 17876 8947 7080 6919 17117 16850 2026 5597 5942 13882 11859 11997 17086 6128 287 5750 1511 16556 10732 5685 16960 13531 8464 9509 4463 1039 2317 471 12744 9793 17797 17638 1468 4926 5134 7769 11062 10230 14832 13647 6967 7945 10389 11992 14 1606 8438 11211 11638 442 8938 6857 4072 3805 12295 9807 3966 6921 723 14242 6689 1563 
7725 5011 15689 4833 15820 14031 13323 893 17984 594 598 16863 7796 1656 10728 16622 1955 5478 5255 5086 4378 7542 15912 3994 1990 12610 1975 12166 3434 15665 14614 12657 3040 269 12601 6818 1803 17734 9366 9484 11136 12850 10549 5619 14051 6740 10752 13284 12104 13117 13353 17707 16316 9898 11811 2915 5650 3092 9624 7761 942 17431 10290 12283 15405 7401 12878 479 4954 8115 5479 2692 11325 13859 12529 11794 11289 8850 4248 1968 9904 8967 11557 11016 9692 9732 13586 4917 1790 3540 8965 16090 11584 17398 16010 10672 12111 12324 3832 1527 8346 6854 3206 8572 12151 229 17030 15061 878 16732 5527 17609 11 11287 3319 10633 10507 12429 3267 1810 16914 12277 17241 966 9935 11329 2323 1962 15599 14293 15893 4841 10684 9087 15286 6845 3307 11402 17486 
940 17872 13507 8550 17400 10255 7790 5019 3955 16450 14404 13932 14740 4197 10565 5174 264 653 15617 5102 15293 17610 13325 3367 14306 15525 12971 3611 10750 3571 4042 2980 680 9060 16553 9412 13663 7655 2876 637 12201 16647 3350 368 13230 5968 1307 7480 3436 14428 981 11870 7171 7125 8128 10749 14474 4862 9341 6691 13282 17416 12062 14782 8522 6586 2612 16236 5886 13694 7504 4140 1177 5090 14196 7905 2572 56 5068 12643 12618 16364 16791 12588 13901 6920 4304 11025 823 16284 8552 4955 9998 17221 17961 8457 10204 12122 15850 13302 10190 1786 7942 9616 12153 1732 6548 2470 936 8261 17382 6578 2670 8653 11388 6471 15481 10048 17309 241 16077 7752 7275 8518 11447 6276 2618 4979 7144 11173 12294 12950 13752 3781 17123 6696 8594 15126 
7666 8964 1471 13978 16214 4722 8721 1057 14811 17053 3896 6671 7129 3316 4311 5145 9688 218 13611 13967 15191 6354 10337 11627 15794 3214 1162 10965 12480 15560 12421 15666 16079 16682 11420 15905 6711 7762 12670 16626 14856 8306 2192 2229 16411 3554 1661 9014 10811 12173 1140 14787 6299 2220 6699 12270 11668 1848 1389 12468 13615 4706 17896 17175 6870 4982 17155 12081 12152 3728 9814 13237 6035 14788 16659 15264 5067 9283 8752 8388 14153 6349 5326 3814 10319 4509 6393 4224 14649 11026 13924 3801 6447 1590 14985 5395 492 1561 10637 198 8801 12743 16497 4081 2239 7509 15340 13650 12029 9374 9347 5539 17297 9512 3107 12606 2206 3895 12665 4389 17715 14950 16287 11940 1488 8283 2186 6117 17368 9028 14495 11860 15758 12096 1085 1986 16702 2184 11469 8535 10397 
16221 14746 15041 15748 2008 11848 11907 16687 7619 2187 12911 13637 15348 13849 9660 10309 9009 6203 15411 15519 20 4496 10906 2757 1916 8546 2578 5263 13364 10827 11535 503 6108 16730 1981 17379 8884 2286 6759 13381 13971 4262 1489 8977 9604 1843 6499 4439 2485 9084 7578 6142 1966 12770 10724 14841 352 13981 16144 234 15967 1907 12219 4963 7040 11891 15772 5426 2495 14572 11290 13806 10141 7647 5040 11679 17835 17668 14629 1705 2269 2092 13567 7018 257 18 9728 8807 15103 17838 9996 1475 12307 7433 5952 3438 2354 10527 566 12937 17287 9777 8711 3834 3641 13328 13095 15339 16835 11759 7742 8617 4288 3897 14751 15605 16951 7692 16476 2727 10635 544 2196 11072 17375 9941 7693 3444 13042 12110 8497 3720 16420 796 2774 1209 13054 
4303 16162 11737 3122 17165 16522 15683 4591 8132 240 3072 6079 4298 17859 1247 11828 17315 6415 2047 3471 779 15368 8952 17396 12241 8349 11135 2390 2659 425 17318 14958 1211 9532 5697 4754 6298 5343 6593 7186 10962 13499 3114 15526 16003 6622 5454 13189 13697 550 13242 3901 8094 4667 4824 247 10736 14374 11019 17888 6496 12650 4103 14579 1381 8270 3479 3492 3302 6837 17003 2131 13299 11639 8908 4286 590 14535 2259 6253 4065 7771 16514 6178 7256 10082 311 16343 14708 15788 15104 13917 6483 17399 16040 10555 820 9578 14648 11589 1356 15968 4452 5883 13092 2579 7587 6753 4168 9609 3440 2815 12885 13120 1144 593 10800 157 11518 5903 8216 11721 10465 10590 14106 5290 10760 2835 13347 14613 10933 10225 10767 13750 2753 16356 17113 6335 8991 
1117 15749 939 4597 6131 13506 11677 8264 3765 2173 1182 10805 8288 8310 1634 3961 1188 7661 12571 7778 16805 869 13502 4099 2726 6236 994 2342 13482 7642 9234 6462 919 3691 10122 634 1332 11716 12847 13912 2289 16684 15000 8387 1698 191 7008 6322 7794 5039 9733 391 5839 16223 6560 4883 14382 2025 9261 1912 1199 12055 11394 12127 2877 8646 2606 3505 7361 2514 16776 12205 13178 16186 17753 11117 552 1454 691 14626 4800 5556 1669 6399 14632 2741 9257 17963 5927 15215 14747 455 15096 1259 13649 6133 3624 5979 16014 7295 10205 6543 9111 4740 1496 5427 17520 5917 2353 17893 5918 11756 1159 2028 8809 962 1268 15699 15636 3579 12513 12275 7924 17585 5745 2424 17975 9325 9753 8813 3779 12059 13196 5097 2147 844 8476 11357 5964 
7253 11500 12798 3300 7665 3771 3005 63 12910 17938 14739 13742 1597 17466 6315 87 12038 9684 12675 9894 8722 7595 17940 16384 11850 7285 17328 5161 2056 7416 8744 15331 3050 10368 15921 876 17063 9389 14321 17505 16747 9365 9057 9363 16196 12064 3627 5204 9422 1269 9589 6738 10120 9294 15017 7347 8117 14783 8648 1862 6524 5649 1686 6111 5520 15620 3230 5652 17803 15821 1935 8011 16625 15649 5534 17832 11927 3495 1993 3940 4648 7915 4562 10469 14029 11040 5080 321 6881 538 28 12014 15692 6724 11175 15071 7748 16074 14066 281 12494 3892 16703 12809 15346 11916 15810 2961 3290 16872 9416 5154 7568 13699 1027 16648 2488 8410 10818 13156 11988 1087 17608 16165 2180 2911 4264 9729 10127 4484 16429 3137 4745 665 2123 13000 12417 7332 4948 15552 6382 10335 11504 1408 12046 15457 7015 14792 6098 8 1550 1255 5532 3383 1554 13570 8462 12146 6510 12013 2413 3615 10081 7638 7219 14965 14010 8549 2370 6709 9364 13569 12271 16378 17635 15435 7454 10341 11248 139 10936 15065 3856 16969 15319 13066 1500 16235 15614 10967 12973 960 9756 9526 1054 5405 16737 13068 5385 4605 2559 8477 8181 6141 2458 14022 10718 436 5349 3248 2448 2914 10354 14224 3091 10810 1321 4485 3081 14342 7043 7331 9571 17359 16774 195 1783 6788 1493 603 5724 15109 13453 8098 7887 8676 16002 3543 12218 10306 12547 807 9816 313 6377 16854 15709 17597 848 2265 1244 3208 13588 8273 14012 13293 
13212 704 13211 16928 16457 12268 7967 11028 16870 3240 5954 225 1479 8622 8485 5064 2486 9562 17173 6067 15153 17590 10020 16050 13265 7639 12520 15049 13560 11686 16355 17632 2639 4702 2468 11399 7033 16325 16296 692 8819 4053 6953 7700 1348 13008 5360 5301 5515 17907 3039 6285 7583 11771 2214 6051 11182 92 2568 14193 15856 1921 11597 3987 103 5118 1637 12139 6357 6065 17098 4118 11814 2937 5796 5651 3881 813 2369 2433 17274 10634 17156 8267 16472 5878 11011 15254 17665 11031 852 12658 8941 9333 7263 3813 8935 8612 837 15477 14525 16329 6468 9451 116 8751 16940 439 10947 8475 16085 4432 7538 16565 3223 8318 6922 14565 5632 3582 1082 11286 5009 1854 2294 5975 4275 8336 569 8768 16739 10613 13975 6746 8693 15527 1652 9019 13982 2992 4205 6135 12823 4012 6528 14298 13490 14590 14983 8076 4505 1029 4835 7074 5327 11119 6329 5899 9878 13623 14094 2537 10909 9516 7155 15575 16989 7013 8226 1551 3297 3084 1340 6902 9373 8576 13886 10346 12470 17952 17776 9551 6500 16825 11363 13059 17329 4935 6292 2593 9419 11540 9402 2461 747 16955 17304 15717 372 2896 359 13138 3225 549 6588 7081 5387 5315 16597 10574 7002 8122 6331 10928 17705 3622 3510 3541 14456 7168 9480 8204 17847 5350 6495 16771 1043 16592 2850 13571 10052 8096 7437 6100 4153 11046 3364 3071 14350 13512 10112 9115 6550 2754 17170 1622 4152 3968 6503 16383 6375 17552 17385 667 
7194 13389 13152 15866 9081 11494 9730 343 526 12510 1293 8734 697 16569 7783 1542 6656 8026 7908 13028 3131 7383 2881 6894 15094 1562 830 13139 7425 5200 3253 11909 13893 1819 17219 10235 6774 9304 14092 397 17387 2844 4630 6164 987 5941 14349 16039 8539 10455 12195 2077 14013 12020 13777 17258 974 16671 10415 17551 10063 16256 11833 17498 17262 2748 8647 4105 10536 7714 221 13853 11667 932 7537 9133 7974 9803 5416 9513 14620 17886 8451 427 3790 5737 9159 1012 10587 3608 9721 6227 16539 12586 10303 4503 5565 14597 2169 9446 4908 6219 445 660 14946 14068 2923 799 15822 5288 14369 9978 16046 14015 2529 10075 16270 12781 3433 13530 761 8402 4082 8903 10817 16793 2536 5701 14846 14294 9937 5664 83 9314 10083 5175 7646 5723 13294 11917 13344 7868 15789 2832 729 1395 2402 11209 15474 16755 1222 6163 5582 8829 6751 6115 17666 15927 11880 15458 13015 5287 7431 7277 3770 5868 14137 10991 16048 5625 2971 16281 17089 15570 14657 7451 6482 792 2697 6489 15081 9144 14019 17205 13510 625 3651 12147 17002 997 6635 15317 10478 13064 3616 6570 6844 3068 7354 4425 16892 2675 10444 3799 4477 11980 15127 8029 7751 1852 8981 12118 416 10798 8407 2737 17526 16108 9404 2619 14999 546 11839 3427 2684 13111 7050 7355 17546 14102 11624 2243 1792 10979 17939 2129 9286 8931 13455 14661 7162 6259 11152 3545 12312 13162 7810 898 772 11132 5096 3504 4723 9458 15723 13040 14883 7988 8577 2046 5929 7852 
13153 11855 6308 1064 15630 17931 17649 17754 4132 10209 6361 10845 5137 16115 946 11507 100 1361 15389 13751 7180 14091 6140 913 16701 17763 5241 11871 10058 4158 3080 3509 17920 10042 7800 6577 7359 6186 3788 15057 12617 16550 10434 11555 6402 1164 7405 11948 13729 4809 5164 12597 9884 16905 6816 9765 918 11952 9886 12895 3986 1036 15314 16435 1401 16564 8835 8658 8717 5593 8543 1521 8424 4788 14528 14287 12672 16780 12050 8510 14705 17183 7795 11819 5319 17773 3774 10126 2299 2851 5447 17914 6437 8461 1145 14997 14462 9759 10421 11054 14664 10862 9387 16990 11516 8187 2426 2430 7841 13119 16426 3741 16498 8345 14336 15038 10174 10763 2398 6868 16615 5031 13354 3143 6677 15066 5271 11858 15951 6351 777 7513 8944 8430 14674 676 263 13768 15500 295 1200 6156 10352 6601 1888 11522 13785 589 1426 9063 4859 10689 11827 12325 8951 8673 15597 5243 8490 2411 12265 10086 230 10715 16707 17043 6962 6113 246 10656 8252 17050 15087 9021 15361 469 843 1249 11172 17887 10647 9524 15125 8298 12189 1531 17281 12705 10676 9408 7461 1028 13741 11368 7862 5682 12666 1893 9795 17015 4074 5089 855 16560 10879 5156 5256 785 72 1547 7629 88 1844 10246 4202 11770 3732 10289 7415 13787 8450 13927 15640 12707 14768 16700 428 17292 9504 9994 13406 6873 15008 6706 10975 11180 12169 12054 7581 10402 12629 15048 5800 5451 16441 849 10295 3263 12236 16582 3503 1911 14436 4287 
16398 9613 11206 6663 10261 15926 6721 10314 3588 12379 16338 15283 2303 5023 8205 1942 7424 10609 102 6480 10256 5713 12321 4260 2718 6907 15743 2608 12551 12402 14050 12549 14644 13672 15619 15499 10838 55 4704 382 2292 16229 14054 2283 266 4938 16976 10427 5530 17787 17199 15958 10781 7229 16827 13051 441 15312 9650 6934 15433 7704 9120 2865 6642 151 11657 7242 17911 1578 13319 339 4354 12378 7068 13676 4498 1130 11197 14759 7657 16711 14877 16180 17333 15177 11696 17119 11334 13817 12401 8286 9405 7753 10882 7086 1453 8802 9700 4811 609 3990 12422 16708 4451 5578 8515 9274 1737 7340 1545 5380 11975 1173 10244 2209 1899 6876 15924 3795 17901 4363 16809 3743 12567 12691 16045 17071 16847 7723 10577 4186 3716 2057 4402 5706 15365 9224 1614 5743 725 6146 16401 1880 14889 5362 805 12623 17314 6171 5309 7215 12963 16537 14277 4209 15633 8993 11915 11954 9052 76 2966 14749 12646 13562 5716 4622 15120 4210 187 15569 13949 8978 11071 12036 3078 1410 6174 9187 10169 9121 9410 4939 6517 2870 2793 15114 5545 13039 17367 17312 12948 3855 9498 9391 15673 7916 10885 11704 2597 4310 4027 14484 6165 16643 8568 9104 14956 10819 4329 16844 13887 672 13290 16973 1785 1830 8206 3993 16661 2979 8112 17198 17642 13239 4961 5332 5030 17007 2965 1633 1965 9479 9993 8865 14200 14967 6727 15910 12767 16403 12943 8241 9930 14043 15046 5821 5901 14468 4920 4735 12462 14478 1987 3258 1032 4426 2491 
11501 6309 14982 10734 15394 15270 8846 17814 9914 17289 10143 9666 6833 15742 7202 3234 303 5777 244 4728 5489 17291 4592 4061 1424 8545 16996 10451 3878 11554 336 2903 7462 7859 9511 3155 11476 11015 146 4357 9883 12322 16709 16334 1997 4121 17986 1339 1310 12992 12197 5381 12204 13129 8114 10591 12951 7998 3512 1919 2039 1390 6878 801 2394 5815 13250 14912 1037 13070 15443 10428 4056 3115 12732 17511 13144 8859 4235 7212 15113 7861 14523 8569 12281 4080 17301 11208 9095 17706 9308 10087 12317 14361 6391 9910 11680 13164 1541 9577 3526 3846 4196 6969 10744 1204 4786 6634 1836 17829 9628 10639 3623 6973 1933 17176 12904 1158 5025 16998 7879 7963 6785 16244 7053 6045 17062 11817 8139 13409 11773 11328 4855 8211 6371 16182 16353 4300 13033 8023 11869 4660 12015 1679 13275 11580 10384 2182 316 17322 438 6525 7903 14506 11547 13252 14122 11779 17388 15338 7756 202 4225 8641 16005 8344 3862 10881 2908 2824 5563 1703 16713 17196 9004 6448 3342 9142 3095 12841 4736 9027 17430 9113 9755 1297 4924 14906 10990 2513 13713 2210 12942 1528 7948 6624 15124 1023 7931 2773 17126 7490 10175 8927 11233 2432 6019 9809 16656 13175 11764 5620 6449 1657 5162 608 11742 16112 16796 10482 15025 16559 14104 12430 15935 3386 8145 13044 1021 571 4910 11350 2142 2361 2314 17764 16549 5575 15546 15459 6884 13964 6513 15911 3916 4556 10812 7494 10326 11510 5232 2776 5905 2501 10761 2188 6825 7567 16934 10930 13996 10649 12936 
1648 232 12680 2178 9436 14981 13270 6662 9029 13795 6669 12811 12274 1483 3589 15824 15230 7261 9324 4002 4488 17413 415 17671 9896 12099 5794 1407 6970 8657 9208 2999 12890 618 14793 11887 5853 12479 14011 3745 8113 17848 13257 6813 10729 16076 5233 1149 2626 7741 7534 14721 14132 8294 11712 14781 3869 4872 1509 7113 12067 13958 4695 15728 14960 16387 17793 10654 6888 9415 9723 10900 3643 13617 11492 8247 400 3903 3823 6005 1666 6440 9390 872 2583 10924 7558 16586 2510 9687 14402 12060 17057 1186 17450 12545 9931 12296 6114 8566 3513 13784 9636 3125 16257 3408 14479 1001 13209 4151 16881 9949 10167 11727 1507 1121 13522 7912 2617 7453 13842 7608 11407 7281 13827 6248 8631 3304 14895 5307 12035 10759 3457 9037 9406 7981 9162 4896 14642 10774 8634 11109 16385 1570 3550 3845 5304 13664 4570 2176 13254 13296 4199 4227 5522 13385 1939 17211 2708 4091 4071 8495 10519 6077 12249 1946 9106 17456 6865 170 5602 10630 12957 465 1898 17928 14063 17898 9492 12737 15811 12956 10940 16381 1354 8237 497 10523 7072 15729 3812 17624 3650 17161 15308 1038 7079 5429 11215 2389 17798 14536 9817 14318 15813 9099 17545 13078 10171 3673 12582 12134 2493 10869 6342 3954 6685 11813 11919 11780 14281 1557 9598 8214 15638 5333 426 6033 2245 1724 16938 13585 5020 8064 7439 13866 16306 11882 11700 4802 14359 10756 612 11048 16641 2094 4565 4194 13079 17670 8027 7980 8560 1712 9109 4974 
15277 9731 14097 12503 10380 12805 11205 14863 2172 297 592 13867 6610 6893 8976 3483 6421 5240 15403 7678 8190 15584 13200 4551 16681 6553 358 535 10622 935 16097 6872 6295 12558 1369 8858 7123 14024 9608 14852 15390 4571 7816 3758 10012 5989 915 2344 17800 6177 12256 10493 12933 13659 7934 15370 16266 35 3924 14308 13191 9353 14901 1508 6756 270 13368 12777 16966 16318 1922 16623 13614 10074 9602 17331 17213 6714 13260 10077 3292 13879 5560 12495 16888 16529 4021 14587 10747 12463 10784 11578 11453 9132 10218 4490 2190 16585 70 13891 2910 3488 6339 175 15267 7 10981 5544 16388 9877 12848 7255 7735 597 12692 7382 10646 8316 17475 2721 10041 3459 17116 909 10829 1072 13497 2638 5376 17720 1296 2623 14921 5448 13074 4553 4037 4661 4188 7122 16166 59 15366 6591 17093 8929 10276 4422 10994 16158 12839 16107 5722 11674 212 11852 1881 15496 7198 4612 9787 9991 14078 13547 15260 13387 13612 15534 2634 13916 11001 9397 4231 6484 11252 16278 1787 14004 1646 8791 5774 112 12078 9558 10350 809 3480 2794 784 1298 15628 6762 3006 16263 1795 7545 15393 10932 7367 3569 12474 9440 2707 15612 14236 200 10655 14553 5854 16136 11156 14023 14161 12391 15712 2542 13644 3639 15414 7227 7140 9049 17562 3486 14360 12939 15251 3816 12464 10424 14655 9833 9244 8324 16972 11468 369 4725 490 1220 15244 13824 13457 14258 7870 6267 11818 11449 4700 12273 17310 13630 495 17482 6395 2695 16759 15341 689 5037 8442 14259 13573 9361 15186 17172 
3359 17932 6191 8314 11854 4539 5424 9547 10792 6020 11861 17453 14444 4073 17099 10038 12733 9017 17218 775 13110 4547 12616 13736 8681 15702 12787 14286 17330 7698 12794 16194 8191 13493 4142 3767 8231 17042 9173 4868 3257 1289 5351 10691 7062 1223 9706 7956 2993 11120 16904 2663 4869 16806 14545 12243 16432 1860 15725 15255 14486 1447 14194 12660 17685 17438 1804 8057 17969 1449 11018 7832 17626 14735 17921 15151 3941 16980 2407 11047 6300 14855 3259 10393 4375 10988 10870 5710 15408 14158 17950 2038 8869 773 11845 360 273 16362 1866 262 3400 9623 11883 15701 655 3341 13771 14512 9477 12822 2725 14079 1217 9938 4687 668 17470 1486 96 3564 16251 989 17293 6665 14264 9821 3148 13843 10037 1612 1079 6812 15517 7240 17791 16260 14845 16224 11445 13831 11151 11338 6408 14111 846 353 10999 4345 685 3953 17076 16326 8989 17044 16635 8934 9225 9024 6211 9981 17697 7722 15437 16187 14353 11943 1694 11456 2977 3272 851 943 16396 11307 11370 7729 11724 15516 5192 11879 5759 9762 9676 16943 16985 1533 15483 13945 1097 8436 16025 16749 6660 17489 980 7514 16851 7470 1416 2475 15050 12469 174 2337 1349 10206 17618 1549 5512 2557 10861 10778 7329 11270 12826 13888 11485 7683 485 1498 3794 4561 17899 7946 3482 1429 11921 15262 12454 4051 10423 14654 13762 789 8334 17819 2223 1793 6790 2788 2904 5746 8990 9581 14650 7860 8278 11164 3739 10347 10338 8202 10920 768 2854 16533 3874 1611 4159 5273 254 1262 17290 3437 14849 13703 2302 
13920 2533 8492 5128 7489 1706 5653 16922 14870 12975 1418 4060 8544 14105 16215 6951 13633 12923 9979 2349 11671 8441 17472 4828 13397 10687 10278 3662 7298 9055 1385 14673 9094 15626 6341 5707 15352 15088 1754 12107 6592 16738 15735 1564 3817 13775 1053 4940 8998 2154 11477 13954 17435 9175 2922 3375 8350 8234 12542 14368 10179 1627 5698 4576 17261 6346 6110 16033 4459 14676 8776 8425 11847 2053 1640 3233 1345 7153 16829 2900 7684 12345 16947 5769 16979 2996 1253 5501 5178 892 8738 10450 16291 10690 627 10403 4255 10888 601 6168 3913 8533 5216 10016 17660 17816 16546 8107 7517 6929 8817 9228 863 15849 5867 11157 13990 517 8887 17837 17539 12872 6071 12212 5185 2792 963 17692 1827 16481 3502 6988 15809 13274 15542 11167 11235 13133 1915 5331 16024 12356 16724 11484 16696 14594 10324 1474 3238 2116 5244 8375 10737 1957 2228 10790 4522 3416 10586 9475 4240 3398 10914 429 9932 320 14261 12765 16499 3556 2031 13715 13452 1233 154 5598 3776 12741 1336 8811 14653 13055 9083 965 12727 15736 3162 2554 1399 17110 2183 10671 10164 5507 1770 17517 1019 1003 923 13705 2318 7906 2212 13739 9358 12639 16962 13158 11823 12825 12585 2909 10625 3659 1279 13009 15792 14706 12489 14897 14932 239 2791 12100 4148 13116 10660 9866 947 8342 5962 12644 6336 2375 1832 630 5752 8914 5441 14637 14602 6589 16018 12580 13127 12981 12353 10916 13349 6210 6432 15107 6965 9561 4607 11249 14045 6491 1771 14789 16948 15577 
16634 13861 11619 1529 11448 3064 12556 5784 11146 533 9199 4951 15093 10674 4709 17512 15506 15047 9680 13619 16227 4899 9658 13401 16591 14345 14504 1347 1302 14188 17197 9719 16386 3177 7269 9983 640 10742 11592 4748 13128 15803 4232 12263 17374 2329 16974 207 12079 16669 15134 10956 5220 15253 3335 10178 16078 12834 7999 17675 15371 17908 12837 3278 9296 3160 7822 3810 12493 10182 16741 16685 13496 17688 7894 7422 17039 9900 11846 13911 636 6445 9958 4085 1543 14228 15386 695 9100 9395 17038 15290 6791 7325 8151 1481 16636 4137 15903 3159 17549 8848 11424 17619 10972 6712 9034 9300 2395 17083 13548 15431 17195 15031 4580 9202 8444 6547 7217 2957 5455 10783 14943 242 2531 12239 12250 14865 14154 15300 7798 3178 2059 16055 17845 11321 15559 4343 13473 15854 15670 7177 3464 8582 9220 16632 2731 15704 16309 10260 79 12425 551 10106 5466 6998 2151 2809 4460 4504 9552 5248 11676 4756 9701 10047 15163 4981 9947 12289 2396 12314 15999 17286 17045 13538 10050 8842 5733 12137 10286 13091 6644 17930 16540 7520 13527 1275 3786 10892 17034 2798 15055 8517 15396 10522 17485 4442 12979 9432 3887 4755 16277 5892 2672 2658 6744 4445 2518 15178 9067 3563 14189 13314 2913 14827 14966 8348 9007 11982 14537 3499 15181 11056 11862 4110 3145 3032 10413 1598 1008 790 8358 5960 5155 17781 355 1478 17681 15240 8910 13467 7083 14317 8393 3976 3555 4679 15815 1316 393 8654 16830 6444 5323 6980 2319 780 5087 14047 17288 9421 13632 9163 671 
1412 7902 16633 1766 107 11913 17046 4250 9377 8308 11736 13147 9488 13382 4842 6184 344 2014 6435 2899 10211 15684 13574 15639 3294 14151 17868 6384 12785 8331 3847 16629 3885 16119 10257 6695 16052 11260 8583 10787 4584 17750 9822 366 4230 15486 1623 2213 3937 1931 14387 16491 17531 6697 8170 17527 13089 12018 5764 739 1096 13424 17140 210 2276 9591 10417 15079 16199 7409 13544 2098 2640 11962 4705 3882 8894 4295 11455 7009 12522 16035 14818 8923 15762 16920 12989 4616 10039 3055 11637 15823 1073 11059 2622 14630 8207 7176 5945 5629 3507 1040 1953 2130 5258 15836 17265 6850 14492 188 10100 2864 14356 5926 332 17509 14658 9518 15975 891 8376 4647 10526 17121 8297 15882 6039 8246 5051 16305 13822 7146 1781 12626 5321 16512 7410 15239 13983 3591 7805 4242 7951 3736 3931 12387 13355 14357 15829 4806 14952 4976 6860 6056 2219 12266 12564 1826 5228 9711 6879 2790 17779 7726 3126 9760 12587 9047 10706 14969 10645 14775 11498 5925 14042 2293 16503 17185 16991 13334 14003 8523 4623 2016 938 12074 1295 12796 16718 969 16576 13295 14239 12685 5171 1644 3093 9137 17009 8516 1266 13081 1055 4461 17933 16283 3893 2455 7402 726 3558 6786 5394 2743 949 17418 5645 3132 15768 5266 973 9748 16302 3378 4513 4957 13002 10859 6326 7869 9797 12177 12523 3392 7935 7199 9443 13197 5738 11506 10895 11097 866 1734 258 13593 10035 8047 14409 15068 11055 11461 11695 4615 14065 10708 13408 9146 2660 15320 4902 2341 5269 10566 6554 2955 16289 9281 5842 2260 
17696 15867 822 6604 15158 13100 17690 6892 5607 5778 1359 7488 3308 5548 4781 8386 7436 8072 10904 17761 12453 15330 11312 4415 698 4370 2309 15272 8362 7652 16650 11509 7914 9527 10250 168 11415 11194 3819 11614 6518 808 15914 13421 14998 3288 17977 13554 10722 17771 13539 9098 10237 11889 3511 3866 3983 5105 6225 15846 93 10356 11008 5816 6877 9355 17203 15078 10123 16081 2747 8307 8176 16977 9248 8366 12437 3764 2879 11374 10688 3849 14088 14469 14582 16212 7738 13163 1757 8907 8542 17686 13734 12435 14833 715 1402 5218 15536 12278 647 8621 8520 2818 12309 10480 14599 11983 12350 16409 5211 5932 7786 15444 13489 11929 15410 3861 9241 32 10311 3446 8528 13358 6160 1571 8258 9053 2649 1802 420 10528 1364 13636 7824 7174 2498 15686 9703 17854 2907 669 15907 3165 6119 10599 7131 1440 10502 10612 12367 15022 3738 9201 13032 12636 11502 12004 744 14903 7899 14511 6761 2765 8259 17222 5776 10405 818 4129 10738 884 16453 16379 13331 5217 12028 11176 2929 17248 5588 14844 14482 6820 8847 6094 3270 3460 17992 10512 9010 15382 1467 13687 17345 4897 12972 1806 15947 6880 2429 423 3634 1432 2419 15986 15323 1392 7063 3268 2322 7485 12370 2655 15589 11746 5677 1397 10977 15851 8851 3735 1667 13280 3403 12570 13845 15648 17246 2677 7671 3073 14163 3322 16206 14401 10739 9207 13592 8868 4856 17895 10826 17611 2668 1193 9340 6047 9559 7085 8240 8379 16029 16240 3090 4465 12478 9345 1185 15522 14930 6036 7270 12922 4271 17622 8401 3204 3791 9276 13689 14071 8695 
12563 8138 7252 1647 3241 13860 4184 10268 12209 9960 1234 2001 11435 15624 12793 10563 13336 9920 3247 7189 16037 9383 11159 6834 2822 8111 14682 6952 12772 6144 13620 16532 5418 2958 4171 631 15470 4173 9157 161 13287 4394 13836 10847 9647 6946 3412 7071 6734 9372 10484 13266 7947 5751 17730 9747 5046 463 9943 14427 13660 15489 2040 12778 2629 11490 3279 8530 6996 10595 2807 9179 14794 9543 5826 11080 755 11549 3174 2761 15328 10457 5973 16272 15231 16175 5592 14641 14324 13938 7507 3763 5887 8756 5850 11924 8581 4226 13 12907 7394 4857 7165 14217 2839 4575 4208 14605 2076 13576 2358 8553 17234 16781 17214 15012 9064 6836 1263 3859 11129 13517 7264 15018 14809 5144 16689 17134 10603 17285 11311 7691 3894 11204 17661 12190 11650 6187 11970 8774 16477 13038 7840 9299 5626 4677 8149 16555 11633 9003 2412 5401 5739 2149 11345 558 13233 13798 6955 2103 12682 12310 17699 7274 13016 12272 4269 15426 17384 6389 15719 13001 5126 3742 15972 6330 16276 1687 12946 13462 1631 11707 10317 3792 2000 3051 9456 13685 8607 1510 8003 17343 11591 6431 12071 16245 14683 1059 10898 7369 16267 3891 15142 9482 5841 8163 10168 4581 12041 1063 2552 17777 1122 6149 7789 3167 8332 14949 12452 477 4266 4666 147 13786 7928 15009 17052 6631 2029 12471 16323 7612 17125 9233 9677 10033 11298 5559 11697 17917 1847 217 15237 6078 13481 14633 7811 14081 15900 12648 4676 4464 136 10857 206 6217 17054 5313 2399 4919 9834 4782 2894 3189 3462 9268 1438 14873 1004 
9672 6427 5659 6898 6072 10911 16515 7784 8609 11081 9075 6603 1654 3778 7143 16351 13810 14150 7615 6026 14044 10963 11867 14273 17000 2226 7993 1487 13928 9134 11100 13641 10978 13087 9326 11812 3168 10073 8146 17889 15381 11253 3965 4350 14328 4968 4348 6874 17271 6179 12361 5458 10868 13895 15606 3450 3465 10355 6638 5773 857 16138 17731 9651 14135 14309 10005 3220 16140 5285 1519 10949 7350 5757 3702 12611 7301 5180 14148 1404 1699 15564 7979 6799 11755 14995 14405 5437 15917 15622 4380 8070 11632 1602 11401 3372 9744 16354 14892 11234 5662 17226 14643 17096 12186 17412 11158 2843 6193 15528 13876 3960 15208 15642 5670 10390 7904 5671 8640 2143 12140 16944 16421 17273 340 6851 4457 16021 3842 15052 15987 2784 14861 3783 3218 16093 5428 12722 13864 14423 12525 16680 17167 10796 11030 16159 12288 4629 13269 7708 14118 847 413 7195 7020 10249 14766 4830 9644 3508 1749 11875 5969 13622 14707 9693 10072 13626 7492 10377 13386 14670 10400 9583 6466 6189 13628 8683 17640 2124 3026 3120 1944 11699 17480 8580 9128 278 3296 3473 10877 13528 9165 15391 7544 1334 3852 11692 6702 1437 13708 15596 14058 97 10173 2199 12977 1763 17279 12131 7048 9535 7031 16719 16243 6984 6234 12395 15953 11274 11763 5510 10517 3912 15557 15421 12568 11685 2963 12816 6269 6446 5667 15959 2953 3022 7614 14753 8973 13575 8519 4860 2125 4603 16785 1515 1181 9278 6080 15362 7921 7237 6621 3285 11475 4674 12349 17937 10837 11367 17021 1891 1906 3215 11107 9856 4170 12472 1386 8804 8359 4749 17243 2795 
8374 15276 11029 11087 9259 13388 15224 14509 2939 14634 6066 5430 14857 8382 17813 5194 2645 17394 17164 1103 11310 8618 657 12280 5371 5065 7855 9070 12831 4881 1636 2165 7403 1052 9955 4761 9601 2873 9999 15899 9490 8408 11251 10021 10707 14544 7641 8937 17948 16098 12964 1811 10545 5950 8762 17612 12302 11831 17789 2155 17436 3807 12541 859 8304 14784 16317 6464 10948 13545 5225 12069 12788 16210 17508 401 814 9664 17334 15800 11611 14974 15531 4847 4970 9567 4058 15054 15209 4911 1902 17628 1897 3726 1099 11065 11221 8882 4698 11470 6232 12827 16590 14520 4988 10062 2574 15731 11634 15170 10559 13950 12232 3370 1187 14710 10686 7106 832 968 1104 13167 13640 1206 8311 15242 10993 9754 2771 5066 9603 1499 9879 17490 1442 3355 9912 1120 8698 5008 16558 17574 17874 15747 2666 2006 8174 9596 15753 5191 7192 2267 16461 12347 2912 5684 7374 11210 12133 5959 13608 9659 11556 2262 11463 8399 13511 10636 11127 14684 15511 4913 4720 17843 6559 14008 16733 10200 1436 13376 15847 13977 1207 7549 6667 7341 16933 1738 11702 15930 6897 17426 1315 5921 15946 17012 9557 1764 16753 15360 17978 1056 17913 5935 3851 17280 1035 2483 11698 7926 13099 8702 12590 4035 12049 15245 11877 17892 15299 10562 7553 6904 10118 9984 10777 16795 8123 10989 10996 1670 16285 58 16307 17326 7380 1018 1242 4915 5409 16879 15063 2316 17133 17958 5586 9986 13416 8101 8570 13986 10992 3461 4524 11978 8004 13170 178 16543 16946 5913 16698 17857 652 12006 3086 15261 16226 8863 7555 15304 
2946 7430 12562 9022 16339 6958 14745 468 13447 17990 13034 10078 10196 11199 15873 356 10315 1300 11743 4669 15801 16882 10786 12335 9975 10668 15879 10316 14990 9802 14918 7580 14880 89 10307 2136 9924 4555 1872 11946 15647 14408 484 10198 4112 2823 14290 14227 10296 1326 15765 4062 8585 11300 148 17160 3747 5766 679 17849 16551 8999 3748 8468 6226 17851 13201 30 13662 15727 8942 6936 5402 12246 10015 15207 8248 1109 3820 16331 10018 17452 13815 4176 16095 6418 8129 840 9545 14233 14346 2465 2607 2502 4314 6029 8933 7584 1435 8625 1925 12573 6981 8705 12191 778 15043 8587 14226 2091 6417 9761 2544 7873 2869 13648 5911 3075 14028 12578 11366 7381 3277 243 1512 5847 15844 1984 524 15720 12206 10370 8136 14953 728 1324 14551 9466 16756 648 7139 5335 13862 12997 3329 8538 13763 5779 12323 11681 13789 15011 12990 11751 8083 12647 3183 2561 6372 10540 7164 4796 17989 11467 4376 14358 11027 11268 17405 17870 17068 13267 389 16058 17461 13605 12063 3186 3060 12819 1846 15062 13962 6871 10554 1913 11994 3380 2003 3001 15778 9020 8429 5053 8606 14246 17812 16815 3442 9457 6515 1985 12710 10184 15297 12974 9832 6451 2682 1020 7077 3828 16757 4959 9434 4792 14881 2968 17010 12252 2271 2087 9167 9264 10090 3676 11628 9042 11569 5863 2678 17954 16442 2614 16238 3445 14182 14517 13514 13245 5787 2164 11523 6137 2400 17762 1370 13533 9972 15439 6908 6385 8536 4218 12537 4523 11958 14248 9989 180 16264 16602 5940 3069 4346 16608 12413 12253 11459 3580 8853 10638 9184 
16693 10321 113 13919 15814 7187 15860 16345 10439 6420 8078 8957 12320 5122 4355 1831 5786 11140 3312 8327 16524 11496 15407 17926 16469 10034 7977 1605 926 16679 14386 11745 16561 8073 6061 8913 17468 8642 17181 13613 11961 5045 3273 16917 1267 7357 4822 8959 4999 14483 12726 17672 6245 17514 4024 1506 16843 13731 5871 15845 5990 7936 8527 6521 16612 3630 9709 13719 17321 4399 17616 8470 13909 12187 2334 7763 16505 16790 10133 1814 9189 11434 9546 5711 13558 10843 8805 3254 9041 12790 13466 6917 2251 13176 1720 1049 765 16234 4626 9654 9270 5898 7019 12534 3138 8718 15051 15996 5072 12999 6438 12637 10644 2733 8225 11070 16126 16008 13948 15582 16801 16965 896 17306 9741 9367 7445 8671 911 2338 9536 13320 14256 5094 6841 11279 1735 15174 1115 10848 2548 14334 17869 16530 8007 4327 7579 5345 13226 8125 12233 14412 15812 746 11703 8798 8665 11816 9534 7159 2454 3244 6348 4953 6939 4526 15021 11530 8571 1668 4741 16458 5599 14303 5513 10055 4028 2193 11928 12366 8319 4092 10057 17168 7257 17515 4907 11895 6425 1941 49 7487 11130 15780 2564 3769 1013 14254 5640 11600 6886 16246 3578 17186 4817 294 7046 14139 4467 305 1762 17810 4478 2436 9417 9465 17249 13524 9520 15530 11003 3284 334 7793 4861 12 14645 13634 15556 17364 2422 9209 11593 13374 17267 4025 11822 4133 17976 3250 7624 6867 9934 13433 1198 17831 11343 14814 983 1439 2872 9243 8890 15358 7103 14576 6623 11957 16205 13121 15827 14222 9399 12698 16828 17056 1903 4263 5500 12759 16678 16324 3156 15060 9222 2365 3368 10815 
5660 12504 16397 17519 16044 15808 4066 7613 9016 15388 7247 9902 1406 3548 1642 6376 992 6197 6848 9961 539 12084 8406 3332 3943 5655 8347 17513 1577 2250 6856 11076 6728 15757 12431 2114 4732 5124 6459 7831 13995 13436 4525 10130 985 2954 11732 17317 17476 11769 7287 4160 8183 6461 11358 2447 916 7111 3216 15607 7819 3337 14603 3102 5461 6347 6170 17026 6937 9661 3633 13249 280 16258 10723 14915 3587 12673 9369 8838 5791 1286 15236 9449 2374 3077 10398 10371 6563 17006 1639 953 17768 4254 10252 13109 7145 4038 14315 3079 16310 13181 8035 6280 5106 14020 6737 10913 5085 15090 14466 11706 16408 10795 8730 9092 12814 124 2194 14344 17960 3724 1271 16000 3231 1461 496 13484 27 3007 15169 9000 6509 16927 10142 6312 17103 4349 10207 8708 8812 11675 5310 4789 15243 16143 6954 7975 3517 8731 8243 16663 8785 5803 4047 4258 2800 160 1635 6923 4914 14493 4106 11473 14101 1000 7611 3280 13587 10322 12297 11386 6216 11515 11203 13031 10995 8984 2808 14659 11734 15485 10068 4206 6661 6683 9221 5699 3237 15795 13311 17131 17422 7962 5857 6424 3447 941 15140 2328 10925 1569 8193 1747 910 13688 13740 4876 15603 6412 11346 2255 13491 13609 711 6318 10406 4566 10151 3128 14869 5382 5311 17477 10576 7286 14612 14987 12509 9635 3909 4034 7758 10387 453 9587 1303 5736 2201 10896 15782 17005 1556 2855 13610 5033 6963 7449 15067 4145 11341 16087 10236 14296 9522 806 317 4936 5669 7201 14763 15733 17833 3327 7865 6151 6613 10269 662 15144 
12681 7607 7193 16692 9553 10144 1825 3182 14103 1765 9560 6007 17826 16392 14975 5790 6249 12215 1949 16587 167 3825 11259 1701 4610 4356 4964 14994 4492 13818 17985 8775 2034 17212 13877 12905 17446 8150 7169 13377 1841 14070 12225 6658 9837 13797 12774 12595 10191 8052 8832 11694 6207 8409 16768 7818 5636 15558 3806 13541 11122 13365 9471 149 13840 14665 11834 387 9002 17025 15669 6228 10181 7940 11126 3289 11493 2168 15974 7245 15826 15092 2492 16588 9572 13874 17827 3646 10961 17097 16861 13321 10929 309 12731 2787 7067 7976 6181 8928 9051 4495 1920 15779 13248 10292 7373 4588 6162 13476 6345 622 14934 10652 2287 1807 14074 14007 12073 2889 15954 11385 16826 4516 13312 13084 2543 15941 12829 17593 14854 16290 4923 4482 9836 14197 7353 150 17710 17353 15726 6028 1974 5095 10145 14157 7785 5186 12662 14238 2162 3388 5091 2852 6281 724 14919 6779 16471 17651 2901 1645 14733 9357 14331 10679 16953 8080 8608 1629 75 10966 12602 7391 54 12761 16589 6777 8614 15544 6585 6097 1472 5573 16342 17558 5267 6458 8180 12105 9450 13536 7385 9078 788 9079 17323 3860 15745 3104 3103 16322 6526 8506 13056 13049 3458 2439 15981 16673 2783 17634 14847 9398 1281 9689 14713 5761 4438 2104 16405 12724 5783 9917 595 7238 17128 10166 15473 13821 13652 16348 2599 7744 16903 11923 11801 16254 7699 7968 14596 841 553 2019 15476 11663 6021 17740 1750 1301 5686 5055 8042 7565 8794 15948 12703 12725 10247 12037 9538 10579 13710 4076 15463 3149 15945 2363 9740 17361 3140 1065 8157 15675 5488 11582 
9908 14451 3358 8255 7141 1883 17866 4886 238 14208 11495 13102 1700 15342 5666 5541 71 15932 11730 285 5845 9503 10197 3601 6494 17830 14327 14564 14201 2519 8996 12536 3111 13041 8360 6789 1693 14850 11356 6599 8760 4763 12833 11576 6127 2785 9247 738 16945 5353 7005 3157 14577 7536 11181 10663 12027 9058 8645 4692 4751 10650 12483 14134 11713 3927 8353 4292 5059 15551 8127 7527 13204 17272 16918 12555 2345 106 16449 7566 11315 10216 12581 12286 105 7856 9867 1580 10157 13579 9250 1784 568 7952 9590 11747 5473 1886 11078 12132 7984 4154 1689 8031 6286 15111 1650 11267 2110 17726 65 4377 2956 3269 7820 8692 17294 13471 10921 2004 6627 15123 9112 13045 1343 17254 9072 15613 12898 12709 9215 3880 16898 12001 11482 4360 9746 3192 1157 6069 6945 14126 10030 9080 7594 4332 15687 13999 13841 7872 13783 802 1526 15555 11230 14598 9928 17818 11793 2033 6864 7847 7292 2118 4124 10024 13941 7750 5571 16065 7028 15533 11741 10266 15198 3733 8613 13563 14937 3008 9575 5562 17988 13580 8652 10951 8257 11993 9579 6355 528 9198 1201 6900 1180 508 15129 12507 337 927 5893 1291 14067 10662 8357 12505 6507 3797 767 5861 17166 2343 12863 16831 15438 9423 4743 17069 8761 914 5972 5044 5610 3933 7319 2906 12332 9976 17493 8627 12419 10938 17014 2566 3402 15994 16462 13179 1514 9622 613 15227 12690 11520 11051 17600 1653 1970 15310 15540 9705 6916 6387 14928 4211 16063 4801 3274 1358 17663 12641 16265 3798 3612 4379 15321 1480 12408 3083 3681 12124 1080 4487 8872 
5129 10852 6368 14686 9200 3306 11966 585 14332 16102 17407 16509 15271 15226 5967 17336 12339 2710 9789 3470 7837 11074 15108 2585 7239 11568 12970 14909 12162 8032 1546 6046 6068 1170 16725 14439 15588 5904 16864 9806 12313 4433 12026 1774 6828 11017 2764 2587 6223 5279 11133 17151 1859 2431 7170 14485 12362 2331 7288 16786 8235 16376 10533 7703 12423 211 444 683 2522 3455 17910 11903 3938 15679 4410 14443 14263 1994 10726 12024 577 1484 1194 9508 7893 282 15150 4198 13933 4729 17510 6091 13557 7443 12869 17542 386 14900 17652 5203 13412 16369 16198 16860 5165 5970 1855 450 4777 1304 2202 10036 11647 16716 5730 17483 4609 1894 1659 12068 9280 5052 7525 7643 5919 7007 1895 10952 6806 16459 15602 3523 1558 9284 8018 3533 11440 10217 4640 7136 2857 5012 4779 15238 2927 541 11563 11976 322 15662 3045 4391 15652 5463 2848 177 17346 666 8936 8694 9668 2134 2381 17641 8414 17397 16311 13508 13505 5348 1690 80 11558 13682 488 6600 2885 16562 1378 11740 12824 8547 11648 6423 9197 26 6692 5997 3871 7042 10040 901 499 3620 128 1727 16520 1367 6532 1972 17957 7282 1061 2446 15156 13629 16857 2326 3449 10158 2517 11464 16840 4308 6159 16169 6218 1952 2340 2137 9160 6729 15872 13642 13883 16720 7026 14283 13103 4015 13186 17713 4261 16004 494 12983 13829 10129 13988 12773 12708 2437 827 1851 1160 15225 8889 15355 14178 7803 8322 4369 12607 12235 15830 11781 10583 17420 5173 2673 6041 4641 16651 13304 12877 14399 7211 8771 6985 10222 16088 925 
9082 15631 1884 2237 14805 16391 8727 9855 12149 3837 644 16043 2191 8845 3418 889 9311 13914 12380 6852 7167 11487 17881 8229 8898 12103 3424 5359 13847 11141 14695 6885 17232 13974 1011 12158 9306 5196 17448 11605 11340 5869 10669 9743 3944 10552 3236 17269 8921 13043 16017 11723 12086 13700 14231 11594 14191 5813 5577 1683 17573 2512 15784 9710 5992 5931 7291 16967 10830 13014 11598 11538 9956 4531 5295 162 693 1227 283 873 8215 11079 9073 11932 6064 5260 4117 11106 3023 12222 1934 6654 11691 17982 2051 16557 13371 14993 5334 10618 478 4870 4162 16034 16662 16413 1861 12009 8179 17429 8828 13025 15484 11006 12237 6556 17311 11955 16013 12114 13004 14728 12966 13577 11373 9177 2563 16303 14276 1794 7530 10934 5453 12801 12518 17909 8330 7471 6017 9815 5227 16599 11053 13816 3047 10110 3631 735 12620 7573 8906 16083 9633 1867 8650 14801 16204 12255 11262 11425 14750 8118 7765 11561 9929 8104 13900 9642 1238 8988 8093 14362 1710 16630 381 628 4393 3773 6602 15098 13472 5540 15906 14375 4127 6542 3124 12057 17238 6650 11876 16225 7395 10301 111 2500 12299 2825 1314 8377 135 17897 17356 2595 17127 5420 9476 13665 2471 6807 11034 678 8253 16855 9384 14060 5728 13172 16779 12098 1445 17524 10053 14494 8750 12159 1102 1379 16431 16995 2066 6611 2989 123 10466 14731 8922 13217 10069 5880 4995 1799 730 15143 64 9219 8879 15353 14130 7791 8320 4367 11579 12231 10692 11888 890 17423 6272 6454 16993 17150 12993 4253 4583 7747 14586 8754 1615 7435 11284 9382 
6073 17460 7843 3949 14214 13205 7842 2592 7075 7548 933 5830 815 16155 7836 12457 10270 14280 15211 5613 7306 7025 6780 7731 5253 17112 8272 8428 1503 3583 11061 1575 7682 16941 1584 9011 9540 9291 15604 10919 7875 17092 4239 11985 13759 2703 3670 12728 12697 8834 3699 12892 620 561 16268 4573 13305 8703 6875 1328 1742 14902 1801 7644 5341 1626 329 565 13780 6062 14311 15148 3456 16789 1873 10369 4177 6534 9310 13203 5298 15858 11873 10339 2905 6381 7126 14174 10516 8033 16448 16813 3232 12109 16657 8220 6147 17580 2898 5572 15654 13345 7622 14769 14677 6693 16919 2810 11778 8915 4398 12047 8494 2189 8048 16282 9289 16959 13006 6455 7491 11701 498 4693 10509 1617 16906 9413 1305 15798 14689 17796 5444 4215 7045 1566 16493 16482 16777 9447 8860 10597 6407 6821 16124 1864 3995 10426 6222 547 14211 11792 1041 4494 7190 15190 3694 8759 9686 7603 5276 17575 2975 13272 5894 7276 12609 6251 10023 13940 4214 3973 13036 8100 1989 11851 1284 13291 9909 375 12052 2359 10183 7337 1651 17994 13606 7427 10953 6666 9610 879 1753 2477 17404 7411 17415 13097 3793 12116 14652 9339 5897 17363 12921 331 14098 14244 12465 1812 17137 15160 11735 16250 4371 9342 9774 2829 16833 957 8712 13113 6040 11754 17605 1775 12960 5103 2892 829 4617 11603 13583 15015 1380 10820 17503 16382 12405 1434 435 737 13219 1195 15192 12627 17782 2330 1889 62 5797 15085 15345 8230 14338 8282 4347 3614 4664 4440 8155 886 237 1834 6470 16171 4270 15825 4684 12875 12336 17184 1091 8105 10220 5446 11409 