72
3300 3725 1715 1184 2233 835 1366 1189 420 1925 555 3007 981 295 2043 2116 1585 3936 3776 2623 1078 3624 3628 1830 2375 
3595 2185 185 87 3863 1053 132 422 1153 1802 1541 1781 1027 686 46 2494 2573 145 2832 2859 407 3864 2909 3445 
3129 795 2726 425 2074 2492 3613 2497 1204 2320 1199 1599 1276 3690 2498 3915 2123 448 803 2713 177 390 1608 3799 1724 
1536 3542 344 972 3908 840 953 1973 1453 2426 306 2948 1569 2700 2143 851 1259 305 2842 3379 3103 2618 2812 276 
3483 1306 299 3817 2374 599 186 1312 2484 976 3572 1187 3800 3507 1157 2671 1142 6 648 1964 643 1209 3272 3265 908 
2775 2781 1267 2427 2369 2610 2 1697 1186 214 3125 3715 2311 399 2354 965 3693 691 2457 64 3663 629 3614 
415 651 834 1693 1601 2469 427 1720 2687 302 332 2249 314 2923 351 2135 1433 18 294 1856 2140 3923 984 1080 
1772 3332 2755 2077 2801 1221 3903 68 2728 557 2386 1265 242 2207 3749 1668 2402 2505 1256 765 3519 1114 532 3258 12 
2651 2650 1896 1988 867 3568 604 2315 1807 368 1296 3741 2751 378 1673 2799 337 2440 2398 253 912 1334 761 1783 97 3150 3503 
1300 297 285 2698 631 2152 1725 1253 1425 2366 3033 597 268 1237 1119 3564 360 2947 118 2435 582 197 3789 3836 3423 3246 
2067 2073 1171 2403 1046 781 1135 1843 2138 627 804 3311 3559 842 2300 1886 2680 464 3360 508 3238 381 770 3805 3486 
592 594 100 3804 1400 127 3023 722 3315 1684 1709 778 234 3606 49 2242 411 920 1590 3651 3639 2813 534 
3306 3308 1228 0 2860 227 500 2686 2689 1803 2079 658 1206 1992 2485 496 2548 104 3952 2252 1305 2118 1652 2853 625 1141 3634 3196 3386 3850 888 2715 2559 
1058 1182 598 3293 3589 2919 2034 1548 3042 1096 2669 990 321 70 3682 1271 2661 1392 1600 316 2359 1669 156 3342 3855 794 921 744 2673 418 3638 3327 3274 
3188 828 3463 1282 3788 336 3581 1863 1543 1489 3586 3016 1258 2012 3821 1029 50 2514 1687 3532 1239 3421 1443 1416 2690 2340 2382 1490 796 453 
1949 1064 1051 2187 2423 2941 856 2487 3868 3 3200 3254 400 1835 1560 7 3269 2269 2529 429 315 3919 1762 174 885 1882 2223 199 2378 3322 1397 
3424 3426 1656 3729 2283 581 382 1567 3318 2723 3951 3754 3138 2779 1840 1081 373 3025 3224 1592 1491 2219 2042 230 3255 1793 3440 2990 3521 2847 
1241 1774 875 698 1723 159 3295 3790 860 1902 540 858 2274 1789 745 2476 2830 2692 3045 1677 3945 2326 348 3290 3331 659 2730 3166 2507 2319 983 3558 
409 2659 3843 3937 2816 338 3288 2605 329 2251 1484 124 3323 3918 260 786 3618 3264 3724 386 2436 2589 2419 3533 3700 3280 3580 2035 2786 3317 2802 
2657 771 1302 521 1931 3548 653 661 3018 2020 1784 137 340 1158 2091 812 3762 2277 287 2278 1510 2322 3506 2943 3221 3599 3717 3746 359 1327 1380 
3896 3594 3640 3485 2645 4 1407 776 1956 3377 1671 1481 1482 2666 1532 2957 2805 2810 2478 847 1231 552 548 1806 2693 1115 1102 855 2951 254 1851 
2952 2539 167 2292 987 1459 2165 1661 545 958 2563 3566 2268 1579 1486 1035 144 979 2353 1266 2530 2547 647 1517 488 193 3815 74 3681 2737 1124 
37 38 3642 3013 1997 2862 1859 3313 3632 1130 1371 2905 2569 209 2261 694 922 3446 1703 3060 143 1763 995 547 311 1849 377 2184 2007 2979 949 
710 533 3839 3412 218 2934 2047 245 2964 2900 601 2307 2961 2430 175 1855 3398 1201 2121 1586 3801 2412 171 777 1915 3727 593 1067 3048 689 495 
3241 3240 775 1418 1660 934 749 40 264 9 1978 2098 1391 3574 486 2996 470 2308 2898 2220 656 542 793 3251 2293 1255 1705 2298 292 3637 2918 2652 1850 2059 1113 3226 369 737 1493 157 431 
3064 2716 992 697 1005 2545 1066 3155 699 3257 93 1745 2453 2463 2015 1430 3795 2248 3389 3872 2504 3846 824 576 1190 434 2655 2649 607 2676 1957 3044 3399 764 3262 1122 2560 914 713 2658 3781 
3418 3417 1523 1110 580 3198 2014 574 1518 2136 211 3276 1036 1666 1248 2433 1263 2615 31 3782 2902 2358 660 2038 1249 2499 1628 2234 261 2675 288 3685 895 2908 405 1084 324 2835 2609 3285 1042 
2061 3837 1819 3465 3760 1929 3294 2018 800 2924 2157 2428 3141 2515 3035 2240 2161 1794 2131 1612 479 2065 257 1561 1000 2456 941 2225 154 2672 3593 3095 2302 2424 619 2920 1254 3680 
527 526 3430 3649 126 1798 3111 3924 2921 1082 2981 2450 1627 3082 3844 1768 504 2438 2740 2051 2295 3192 3575 2357 1704 861 986 1999 1100 1469 1426 2033 2176 2965 3779 1456 3209 2245 216 1611 
1123 1090 3824 2704 1760 1164 2468 3885 1398 2174 3455 3691 2959 3195 2465 1040 1658 3066 3105 142 1422 3441 2284 3065 2263 1688 2100 2534 3894 347 3871 75 937 2800 1024 1917 1960 3364 1268 3012 1903 
2480 3660 3190 2344 3922 3522 559 1636 3337 3751 2629 3372 1757 3431 2346 2072 445 1001 2130 1368 1264 1281 3921 2092 2416 1382 868 2888 964 3491 2554 3244 1059 3132 11 1161 570 334 2304 
1648 1647 3898 3450 3236 758 985 3253 3039 1362 3219 505 3278 3136 1403 832 883 3146 1166 255 352 3459 2936 3094 1495 2317 48 3271 2208 1233 1989 2707 820 2798 3296 3875 3698 1657 1740 1906 3319 
940 3312 1878 2421 480 1813 3059 345 502 742 2037 446 2570 894 754 1591 1874 3395 3113 2733 1010 3930 2890 2638 2857 787 3910 2901 2005 2647 2218 2942 370 2400 2420 2833 571 501 1498 
769 1831 2763 639 2875 3118 3876 1230 3393 2256 3514 385 191 3490 1108 2384 2327 1735 2150 2561 3159 2032 3946 1222 1121 825 615 41 1550 2057 1555 3183 2770 376 1970 1439 217 3909 99 3718 
2474 1116 2114 3884 3767 2093 3493 3670 2332 250 2807 1873 1961 3232 2170 1250 2620 2915 740 2720 2063 2081 380 3036 3752 3324 3481 312 1452 1822 528 2134 372 2776 1358 3284 1338 2281 789 
61 2473 520 2958 3367 3544 738 3865 73 3161 682 3785 3672 2133 3361 1499 2425 2784 1225 2995 1394 432 2370 2162 2472 3009 746 138 2929 944 1940 3556 3582 442 2442 2914 831 3083 3720 3130 
1884 1883 107 939 3721 1538 3371 2254 3878 484 1208 2213 35 3394 1624 1213 1814 1876 696 3055 401 1049 3901 1132 1461 3859 1558 150 2209 1041 2411 2337 169 256 587 1441 3320 3029 112 936 1554 1496 1812 3658 760 2985 1714 1025 3757 251 553 1632 3857 2483 511 
2002 2001 1352 703 2585 1595 1149 1841 1341 2226 207 20 621 149 916 269 1401 873 2168 1838 931 1663 2445 1440 2122 850 568 3880 1073 1295 2396 252 2616 1923 1828 3835 1374 2553 3047 846 566 2124 2825 2811 3287 613 2493 190 2146 591 436 182 903 1497 
1943 3778 3353 2722 933 2351 2667 2106 994 3708 1385 561 2804 1388 3809 565 3053 929 1581 1580 2546 773 2253 2367 1178 673 3429 3610 3454 2387 320 2343 3517 2632 3401 56 1572 86 1738 2117 923 2145 3655 906 2829 2437 2314 3687 2861 966 72 3907 1670 3732 
3182 172 2350 474 817 2528 189 1597 3000 3686 1031 3807 92 2627 22 1342 1106 342 2642 2052 596 163 262 1389 706 3420 734 538 1920 2418 3205 2471 430 3929 493 135 910 2221 2593 2075 2809 1613 708 669 1020 546 119 907 3543 1203 1773 2019 2481 2046 
3890 3889 3706 1405 2598 2368 720 220 3021 1503 974 1446 3512 1506 221 3407 3469 519 164 2583 3913 1722 1625 942 2976 1604 2653 1376 1107 365 1180 1747 1947 646 3329 2470 3006 3355 2475 2756 2200 1409 3714 1646 2772 1675 133 1868 82 544 1775 1085 3621 1183 
468 704 1654 3943 2718 39 71 1938 456 2173 1634 366 503 3160 2404 2935 2289 1050 2171 3726 129 1520 3939 1127 3231 1317 799 3448 2395 2380 1291 236 1131 573 1173 1559 1732 3675 1513 3828 1823 1898 3596 3443 1729 2104 2432 1785 1417 1262 3791 3622 2754 
3713 3712 585 3175 3235 3299 2519 402 1870 1562 572 1103 266 2511 3810 1744 1037 283 1522 577 2681 247 2089 2156 3133 1494 1907 1895 2259 1297 3034 33 80 3419 836 2891 1826 2766 482 2826 2180 788 2794 3261 452 3848 200 2743 1244 1596 3024 1431 1320 
881 3116 2998 108 2342 539 1664 2410 277 1487 55 1329 2748 1696 3702 3705 3350 518 609 1979 3408 3054 930 2897 517 2851 3302 1899 1292 1069 134 1533 1736 3405 980 2193 1609 2023 701 3711 3626 1061 140 98 748 2083 3191 1026 2212 2660 1478 
350 1713 3648 579 779 122 736 1 3170 926 620 1210 1211 3571 3761 2112 24 3608 1521 968 2333 1145 1566 3547 863 1743 635 753 1662 3947 1967 819 2648 272 53 617 1982 1336 1277 3239 1727 3474 3635 1098 3307 2566 1965 3260 3189 2972 2070 829 1379 
999 998 225 3784 948 1133 2270 2508 2685 928 3590 1742 2568 2876 870 814 2584 3527 2071 3028 3488 27 439 950 1659 1014 3087 2376 1205 1974 823 3416 1215 2874 1377 2000 1887 229 2210 2280 423 1610 3769 494 147 678 2518 945 3444 2129 1552 310 
3831 3830 2362 887 2008 2873 1695 956 286 1192 2447 2391 2393 3692 1932 3289 3292 2310 2392 852 833 3400 1402 1304 2543 3341 1009 1236 3030 862 2870 2849 3002 938 438 2444 996 818 3508 1351 1013 1054 2611 654 1018 1852 924 3562 14 726 3263 
3005 3004 290 1057 2054 2899 657 2108 869 403 43 1683 444 2216 30 162 165 717 2787 871 1730 3382 47 437 1958 2956 2839 2628 2352 2294 45 878 2090 278 1474 3812 96 2966 1436 3598 960 3203 3561 1006 16 237 416 1219 2441 1198 1594 192 
2356 2355 2414 3234 2231 712 2409 2705 1070 640 3509 1466 897 443 2036 1685 1804 3348 2640 693 398 2288 1285 2192 2489 78 1088 1363 3665 2856 2215 1638 1710 3197 1672 2385 2041 1631 2575 3818 1097 2064 1458 2907 2022 2824 1864 3089 3447 3759 1087 3366 1139 2597 2791 2491 3305 2080 3494 2186 3697 1615 2365 
2297 644 3603 2881 421 2232 3135 3944 1752 2224 3249 2132 2390 1801 2335 2276 2630 1755 1637 1519 2466 3173 2287 2869 3605 2097 293 2325 1335 714 2679 1650 153 2613 2321 1690 556 392 676 3679 3709 3576 3179 3641 271 1367 2765 1629 766 1055 2009 1240 34 414 2024 730 925 650 5 772 3201 3730 
3536 467 3063 1346 716 1359 2126 1782 1761 1348 161 1444 2803 2745 1447 3102 811 280 3584 1286 1993 309 2371 1364 3636 28 3218 2443 52 3585 3336 2682 1200 877 1570 333 1384 2241 469 2048 1805 3127 1635 1885 3498 219 1028 2631 3475 2044 1539 3073 3090 258 3739 2931 780 2399 1091 2341 1429 2736 
1766 1765 1287 2305 1955 2250 3745 893 1702 3037 3050 307 1112 3688 857 2154 1332 918 388 1994 2111 899 3731 1545 837 1776 3513 13 3092 15 3252 1048 1926 433 3067 2101 2446 997 3502 3811 2665 1791 3152 729 1485 1795 1913 2971 728 379 1316 1257 1674 1891 3897 3091 865 2973 3149 317 1716 3204 
114 1353 3181 3765 1582 1951 1833 417 1251 3177 2372 522 3630 2460 2273 1154 1034 634 1578 2348 3822 481 3554 83 970 3920 509 1966 3153 1912 3625 2797 1399 3346 826 1721 3888 3851 3592 2783 212 3678 2027 1354 2790 1089 1888 1003 1072 2953 1844 2496 308 2555 667 1633 886 3617 2850 1927 3451 
2238 2303 2821 3607 1996 3354 3530 1280 1916 1479 2211 690 2639 1505 267 3869 3820 1224 2230 3940 3704 2937 1553 3310 616 3664 2017 188 3433 1423 125 2488 1492 331 2606 3539 1174 3834 642 51 1908 2336 927 2731 1946 3609 1062 2752 1023 3301 1750 2323 88 3722 1488 2955 900 711 77 2968 2068 
2769 291 880 1759 3766 462 2313 2115 2055 633 3406 1007 19 404 2214 741 1390 2983 1508 3410 223 1194 1012 1630 2969 2025 3074 3134 2084 3500 3370 3079 1086 3051 413 3061 3314 943 95 3891 2960 3339 2885 1357 1319 665 2970 110 3516 3303 1104 2271 3010 2206 2028 1969 790 3071 1726 3874 2601 671 1370 
2828 3601 815 1464 1288 1778 3489 2172 2600 1900 3531 168 1074 2462 3040 2099 2394 564 1626 2525 3056 2701 3763 563 1128 2607 1894 891 1866 774 1861 2381 1694 346 1454 3870 3304 2739 139 1944 1333 3154 2884 1038 1839 2477 3432 2339 1350 2670 2796 3740 1681 1421 2458 1101 1313 2963 1303 2753 3602 1004 
2415 2834 2113 1477 3072 3666 1424 889 2823 854 3404 2272 148 2626 623 1214 1165 1460 3882 105 3468 2502 2299 3041 3369 1284 2662 2202 116 3210 655 1427 628 2708 2520 79 1983 1197 530 3162 3165 733 510 3084 3829 2141 1593 3281 406 2243 2732 1928 3673 357 1616 595 1792 2896 2854 3187 1751 
1471 2592 2296 2060 3057 63 3316 3229 109 1577 602 2195 362 1621 397 2512 447 1449 457 460 1935 813 3667 1971 1689 1191 3656 281 2004 1827 3841 424 3100 2711 558 2107 10 584 971 1854 26 3877 2741 3001 3478 2617 202 3144 2006 3550 1314 2614 3392 2222 959 2198 1455 3142 473 3402 3816 549 3461 
232 1235 2703 408 2291 535 3588 1872 2814 3168 3413 2549 2637 1270 3928 3101 3938 23 2643 1109 663 2987 327 3164 1836 2746 1756 2076 3505 273 3904 3911 466 3832 2199 3501 2612 641 2912 1845 3792 2967 2868 3534 3668 569 3422 3738 2930 630 3916 1691 3267 2538 3378 136 512 3838 2677 3427 2045 
173 231 2244 2663 226 1524 1420 1111 3080 463 248 2095 3806 2096 1623 36 151 2571 988 3351 2878 2664 1017 2712 1718 2464 2818 222 1068 1442 3802 1914 3597 1534 3321 1527 117 3008 583 2085 3340 3557 2789 725 3207 3464 3852 1651 3298 364 688 1065 1692 2837 3555 2872 1952 2205 1134 2517 477 2422 
3477 2710 3358 3535 3070 461 2309 2178 3902 1701 3345 3780 240 1289 2785 1310 1326 618 2331 1151 692 2049 2863 3511 395 1565 801 3689 3043 859 2984 3525 1991 516 3764 2938 1875 1779 2551 1147 319 3328 17 675 201 537 3282 719 3833 3950 550 3631 2258 1972 3551 969 2235 632 2495 1260 3019 1829 3537 204 2159 1290 626 1349 3277 1275 2558 3003 1468 2750 3742 1930 3793 1002 1315 507 3202 2149 3442 2144 1019 1030 3120 1372 410 3309 1075 1556 1986 3520 3569 1504 3798 2500 1987 866 1278 2088 3167 3248 652 394 383 3128 2727 3541 1847 3376 1950 1063 
3359 3476 762 2119 756 1700 2939 874 3076 3707 2467 2069 1162 2586 2696 3662 1365 1011 543 1457 3747 2587 2431 3217 208 3866 1033 210 680 152 2522 3230 2050 2581 1345 636 1934 1344 2819 3259 2602 3787 1501 1383 2148 1815 1094 3172 1448 1617 1848 301 2725 843 2082 2267 2858 3796 1274 1790 1985 3728 1939 2773 3567 1551 1138 1218 514 3619 2429 2714 440 3373 685 3856 3104 2026 1749 1356 3814 3185 2724 3460 3213 2793 1451 2808 3439 371 3368 1893 335 1181 21 1220 2163 1535 2576 2282 3403 1537 2599 3671 2011 3553 2196 428 3022 195 2636 2774 3912 723 3014 
1825 2532 1824 3647 1169 946 2893 284 3365 3176 181 2999 3214 2683 3758 1820 303 3096 3826 1428 130 913 2565 3583 3157 3273 3748 2688 384 1980 3397 328 2758 3171 1699 3528 991 459 2760 3495 1602 3015 2574 1245 3193 184 3538 2228 3854 529 155 3492 2360 491 2843 170 1711 1708 600 784 684 1764 3356 215 743 246 590 3137 1475 2590 809 330 1172 905 670 792 1924 2236 2986 1472 3119 2911 3480 1603 3085 3068 2160 3169 523 3449 3032 1193 1563 435 973 2316 560 1136 1948 2619 3794 1480 1514 3482 141 3208 1771 1667 2265 1126 2264 612 3225 2678 1337 3676 
2533 3772 2886 2827 2349 349 816 1129 3117 3611 808 1937 2521 1406 102 1642 1754 1739 3139 838 2744 2580 1643 1328 1152 1919 562 1686 624 1981 2925 2699 3279 2407 106 2053 1167 3881 3114 363 3905 588 1717 1676 989 2928 614 391 2556 1355 3330 85 1099 2780 3914 904 1808 2513 3062 2531 884 2927 3414 2086 160 465 2596 589 2654 3110 3862 1410 2852 115 3237 2815 235 606 2239 700 3650 3694 3845 3180 2562 1079 1118 1909 2177 3078 2175 2127 3245 782 1598 393 3895 490 2913 848 3326 3579 2153 2778 2668 3659 1032 3156 1665 2137 1547 2142 2542 2383 709 1279 2694 123 
1176 763 1175 1470 1588 3719 1936 3883 3011 1243 3627 1892 952 2742 1229 1188 3935 1575 1584 1339 2978 3524 1223 1369 3335 1741 325 679 3633 3275 3515 1273 1331 270 752 3573 2879 3646 1227 1640 3645 3849 3436 3020 2594 1954 3783 2721 1737 3867 955 2738 1330 183 951 2759 483 1309 1777 3467 3428 353 1163 3774 2595 1437 1531 1587 2831 1880 3683 1415 1526 1232 2579 1821 2151 531 3860 492 3206 1769 541 2950 472 3143 3657 2058 2735 2706 3093 375 3147 3737 1083 318 3266 849 2501 2479 957 2550 3563 2729 3140 2139 1809 3086 1185 785 2373 1445 3504 3031 2894 1301 2552 1434 1573 3612 2795 1858 
3949 1707 1293 113 2237 1890 1234 757 3411 2777 2954 2895 2940 3017 3109 1879 1857 2541 2962 2401 146 677 1105 1044 2509 3925 1387 2922 3220 1568 3396 103 683 1283 387 2761 3115 2406 1816 341 2197 2782 65 3926 2877 498 3743 1853 1324 1381 2194 2013 1953 243 3046 2413 2377 896 2516 715 3256 1216 1753 3415 1179 2883 1500 524 54 1614 2949 1378 1770 1373 783 3886 2454 1408 1528 2933 2588 864 3362 724 982 1645 666 198 3458 1120 3126 3770 3457 962 2788 2078 487 44 296 2201 2164 158 29 3777 1008 3081 3496 1360 1901 57 3462 3343 180 3097 3600 3510 1252 2125 1842 
2887 3653 821 3771 2880 2762 3471 638 1170 1837 3131 3058 2364 2757 3247 2844 1975 1680 2285 3699 2932 3216 279 1525 1682 1564 2980 2567 3570 326 1155 1921 978 3466 3879 224 2702 3233 872 3409 2229 1462 1212 2535 1678 66 1414 2674 3075 1343 2189 3387 3546 3677 3223 2641 1322 3479 3808 2301 2988 1207 1137 853 2003 3357 882 2455 805 3873 263 1146 101 3106 2461 902 1325 3388 1432 2926 3932 3827 705 2916 3124 1644 1941 2944 3591 3283 3775 2182 412 1340 1375 2719 1549 3437 2389 839 554 3545 807 3661 2094 2656 1077 536 275 1910 485 1160 731 178 81 3385 265 1299 898 2257 
3123 2120 1412 1117 3942 2591 1877 238 1125 2840 1641 810 3347 3434 3227 1959 356 1361 3334 2991 1516 515 3391 1977 2056 739 915 2866 3927 2806 506 3643 1509 2158 1404 1758 2524 695 304 1639 1076 1933 1140 1217 3861 727 3349 2792 2510 3644 681 3487 1060 1748 3723 3518 3212 2622 767 3893 69 879 551 3325 2166 2564 1998 611 2203 2557 1467 471 94 3696 3523 1780 176 750 233 497 3242 1786 1323 3565 901 1871 1045 3733 396 3734 1298 3270 3268 1653 1043 721 947 1734 608 1396 2247 2363 1810 1515 3215 2087 298 2434 2577 2906 2695 2845 747 1976 1261 1016 239 3381 
3654 822 3948 2709 3470 1411 179 2408 2836 1247 1347 1542 2506 1483 2644 3906 1990 3847 2604 3452 935 513 2624 1605 798 3286 2167 3158 2865 1862 977 2109 1095 2452 339 1047 2820 2997 25 2846 2841 1607 2266 3892 1796 3577 668 3374 2102 2582 791 3526 2917 2030 3842 2190 2633 3684 2864 1022 1576 2572 2169 3026 3384 1797 3786 2204 3616 111 1968 1156 499 489 961 8 2183 289 3383 455 1767 213 3222 1308 3088 610 2767 2992 1618 3744 687 1039 451 3773 2871 58 2361 672 3756 3853 806 841 3145 3934 60 2855 3027 249 3735 2021 2635 1150 662 1021 1889 1655 241 1195 3069 2684 
1294 3122 2768 2179 1529 2527 120 166 3825 2246 343 993 2764 751 1052 205 797 3701 876 3052 323 1269 2608 2646 1860 975 2334 2217 1272 1922 2155 2227 2286 637 2994 3174 1463 1698 2347 3077 2417 3291 2379 1984 3703 622 1571 478 1246 3184 2771 1619 32 91 1512 3151 2397 458 3813 450 2279 911 2697 322 2318 76 3363 449 1881 1502 84 2691 2536 3887 735 2103 1196 2975 2439 3228 2062 525 3148 2734 1867 1865 3178 3186 1649 3615 2634 707 1395 274 759 3768 374 2147 259 3499 2029 827 1733 475 1962 1712 131 1476 3344 603 2459 313 605 3425 2904 121 3917 1788 3484 1832 2330 1321 
2946 586 2945 1942 3352 1995 2486 67 1719 3472 1465 2191 244 2882 3819 454 2010 441 2128 2578 89 3098 3552 1015 90 1092 2449 3456 3750 2275 2039 919 2817 575 3823 1817 578 932 1226 282 3549 1307 3900 1507 196 2312 2603 1945 2838 3243 963 909 1473 2338 2889 2503 1435 361 2181 1963 1679 1148 2537 1177 3797 2749 1511 3716 2621 1846 649 3620 1620 3674 1413 2848 3380 954 1746 567 228 3560 3710 3163 194 1904 3473 3297 1056 59 1318 3438 354 2260 1143 1557 3604 1419 664 3038 2717 206 3933 62 1622 1574 367 1311 1911 2255 1144 2892 3108 3333 1834 844 1438 3858 967 
645 1589 1530 1706 2526 1818 2290 2482 3529 3194 2822 1583 2329 2490 830 476 3629 1811 1546 2388 2903 2993 3375 1800 1918 358 3453 3099 3338 2747 1093 1450 2040 2345 3112 1168 3941 755 3587 1897 1071 2405 1540 2523 419 3695 3931 845 2451 203 2910 2974 2982 2110 3669 2544 732 3497 892 2262 128 1544 3736 2328 1731 917 3578 1238 1159 3755 1393 3652 3390 389 2867 42 3121 802 2016 702 3623 1728 187 674 2977 1787 2031 1905 3540 3211 718 3803 3199 3753 1386 3899 3840 3435 890 2066 2188 2540 2324 2448 2306 1606 768 1242 2105 300 1799 3049 426 3107 1869 2625 3250 2989 1202 355 