144
8787 9140 1713 9547 5849 122 3131 1634 5707 5024 6524 9213 486 6673 1836 1992 2535 3193 8679 2849 6310 6692 3169 9457 6275 2360 7962 2477 3475 3978 4051 967 7339 6283 
6492 5312 1833 5654 9291 9070 3168 6590 1602 9473 9154 5850 6084 6733 7007 3754 5552 2504 4069 8699 4167 3298 7337 4896 1812 528 7975 6292 3974 5390 4261 2559 2786 6788 
2775 1778 6716 476 6022 9127 87 3937 1897 1567 250 658 9744 25 6850 2838 3859 6350 9741 1376 7099 2884 6871 2616 4444 6861 7587 2800 101 5980 8888 1657 3215 7869 6277 
3595 6846 1005 1306 8386 3013 1997 5528 6327 9886 2020 2546 7230 3033 3134 2574 3577 656 8384 8056 8435 9950 8377 6194 9298 9080 4301 9762 8783 5935 8889 1535 900 4723 
651 7318 9843 1066 9743 9680 6166 2508 2251 4104 6150 4729 1099 8946 6745 7453 9241 8050 4516 7289 8089 735 9161 5675 9063 4579 9069 4831 8709 9964 3088 8418 8105 1006 
6138 828 1542 3876 9894 6531 5617 2462 3195 9060 9277 9862 1425 1840 7342 8376 5485 6581 7943 2556 7112 8777 9305 4553 7529 2829 1314 4063 1216 3956 1067 713 7258 
4427 6197 5469 8360 817 3257 8065 3259 9533 1661 2642 7224 2700 4687 6370 5978 7217 955 4647 6841 3572 5036 5658 9642 423 4483 4625 8518 3540 8754 4877 
5725 8668 38 7837 6295 3096 2844 3472 2369 5167 6794 3667 7266 4403 3159 8238 8502 6935 4567 5696 7333 5481 9492 1846 1413 4671 4771 4806 5112 5251 2550 3145 9656 9913 
9265 5772 887 690 7674 9608 1366 505 9336 1666 7389 8682 9801 7972 4849 3913 7755 7394 6986 8646 5131 3245 7889 5169 8774 3753 4907 316 6056 3923 1498 1279 9421 
2067 3948 816 1841 2816 9039 7816 1484 9650 3200 5737 6514 3133 1638 9190 609 5983 6025 891 858 1322 3281 6812 1748 7490 1786 6987 5877 9555 9954 8831 7280 9930 8617 
4244 4545 5259 3825 8939 3524 382 9393 3254 8057 3372 1993 7743 3374 7879 2189 8415 380 6497 5229 4550 6801 6279 3460 7552 3547 8929 9878 8395 2094 3565 7452 3591 3732 
7141 4132 7416 3308 9149 1990 6931 5029 3750 6799 4321 7089 5603 1861 9064 5494 3762 7912 1035 2445 9044 1662 6296 5352 1620 5184 7857 1550 4618 7935 1018 1320 5623 
179 5784 3489 8622 1457 8598 3463 6858 8210 127 4326 655 1088 5616 7165 9447 6457 1920 5865 9220 7899 4863 4991 7486 171 115 8611 8914 5405 4206 9504 7039 
5253 9147 6026 8242 3391 1741 1843 8097 164 9395 9624 3256 6763 9859 5985 3821 5670 2818 6860 5133 1679 8355 1062 2416 9201 465 5369 4035 3204 903 9410 
9855 1241 5005 1229 677 3758 5823 8215 2846 5147 8424 7738 8043 8030 1663 2367 1204 4798 2454 2868 4772 7736 3356 3950 9575 1325 7309 6453 3592 723 721 3541 
9796 356 4178 1111 8899 9334 4645 6894 6145 717 9867 1835 9615 3841 3743 2338 2784 1717 3487 8600 7509 9260 2343 5310 9804 6882 9137 5487 7122 5450 6867 452 3319 
1831 120 3011 3353 2801 1487 397 2174 8328 5973 8033 2728 3900 8933 4549 6042 3811 6098 2607 7715 4756 9113 6998 3321 1555 347 278 8501 6019 768 3012 
1595 9560 63 9881 5491 720 9719 1725 7330 3141 2465 9582 6674 8286 2397 1245 1722 2771 4908 8705 9279 8843 1628 9128 2595 7663 843 2481 6866 772 3327 
4958 2644 421 9607 3649 640 7561 2664 2487 5088 8297 8730 4344 8246 7235 1250 7866 4510 2548 2143 3029 4956 1790 2218 7531 3384 2144 4721 5783 9640 6626 
6315 5607 6675 1247 2667 985 1092 8805 3377 9014 5072 2869 596 3703 6981 7702 6438 5445 5042 6688 4998 4747 9456 9315 5866 1485 1024 8240 3130 9563 6503 
2893 7731 7442 9429 8369 7202 7123 4171 2787 5791 5206 6634 8338 1558 4254 7209 8187 4503 976 2692 9231 5361 9687 8849 8344 4039 3416 3447 5457 4792 453 8514 
2539 2545 9961 9232 8834 4999 2646 4257 1371 5769 7576 2308 6332 91 9152 1768 6450 3125 4790 1486 2301 5014 6410 4564 5597 8488 2021 3108 485 3317 
2657 8616 9507 9865 299 8465 7507 7856 8923 6193 5498 4744 5001 812 4895 6128 2194 5640 4981 6903 9314 2824 556 9811 783 965 3681 9587 7439 3014 
415 5076 4291 6658 6439 3155 5220 8092 1607 6241 3269 7584 6029 360 8168 4752 66 6104 4227 7137 9669 7233 2960 2707 193 8578 6731 1792 2715 
3831 3719 2073 7778 1424 4370 9844 5499 6933 3931 1390 8588 1779 9567 8038 4870 8861 9261 517 3802 9287 7825 6093 4234 6694 6900 7551 4137 9655 5602 4955 2057 4363 7105 5307 7474 275 6208 414 4700 2855 
4722 769 8904 8662 2115 3371 5550 2980 1280 1977 6263 6700 8589 8109 3761 7448 3055 3613 4864 203 8364 4980 2897 2038 5878 306 7336 1688 2857 3357 648 4890 5581 6215 9516 351 3498 2204 4856 1574 1480 5443 6491 436 
6604 9206 710 3057 539 7365 6177 5196 6974 9235 6226 6995 696 2315 3844 6134 6830 3054 9949 1966 6358 6206 4470 9229 8934 6844 5007 4595 6746 145 1946 941 8892 3599 839 1313 7827 5232 3086 158 
9790 9789 7777 5653 6813 8781 3589 7934 307 4232 7408 5697 2782 4316 6917 6851 3290 5898 2012 9649 420 8444 4246 1566 8252 6810 9221 8416 9467 7916 9810 9880 8548 1436 4166 6766 1556 5677 3425 8337 495 
6787 6669 7383 7029 7143 692 4437 7366 148 5319 8176 2512 2669 6681 3940 668 2249 6752 8802 7047 8507 2720 6094 5227 1871 8319 1880 2336 8945 3792 744 8313 4789 54 3596 8341 7093 239 7334 2729 
1707 5135 7082 3942 5554 6970 2698 6046 338 245 4281 4397 8293 5201 481 4235 3990 5022 6876 5199 3079 2662 8102 1668 3100 3314 3179 5337 1982 8768 7411 6205 4402 1561 435 8981 5703 3494 3440 6859 
4598 9324 1346 5440 5672 2233 994 5419 6639 2393 1686 1956 4117 7335 3153 5937 8533 83 7086 9505 5275 5484 1494 6838 1113 7872 2317 8163 2606 8184 7667 5411 790 1539 6925 3427 8922 7651 
3064 1536 6905 3076 1188 6557 2018 5058 5576 9272 2689 5107 7443 5324 4589 3328 1853 6280 9864 5612 378 9536 6805 7367 1703 7905 1083 2354 3360 3696 2269 7118 3910 3828 5674 5427 8359 7673 296 180 3917 5490 
4185 7613 8072 2704 1951 7623 3216 7285 3157 5496 6641 919 5437 7893 8387 7340 1389 4739 5013 5747 445 9885 8259 6097 1645 5657 4064 600 4874 5925 289 9358 6941 3973 807 1514 6316 7393 8924 1242 
6073 6072 2250 9902 3996 9194 1754 5633 1929 4102 1627 7880 7502 8800 6204 6101 8258 6122 4162 7 6227 8402 3163 2150 1593 271 9380 1603 982 4876 702 1687 5715 1264 9514 9517 8155 8123 5724 6331 
7253 7252 2178 4763 8427 6199 7033 5832 4239 9749 269 5049 1784 5678 2074 3586 1953 8743 3998 2161 2751 9472 4491 7938 3597 8346 6172 8847 9853 1367 235 1867 6389 1711 4229 4153 5215 6571 3838 6849 
3955 3961 638 480 8192 9247 1428 4512 4820 6322 5875 4223 9036 6504 9497 3271 1689 7196 7519 4903 9938 2842 8217 6895 3346 3044 2665 3733 8506 6054 6076 6430 4755 5116 1832 3576 2281 796 4145 9219 
3359 3949 1361 9960 3176 3603 1577 1289 4673 8723 5614 2570 1037 2015 5673 6595 3172 9772 6075 31 1422 8916 6391 8253 8094 6687 1104 7487 6782 389 9550 6913 2617 9675 7100 5110 3343 2264 9581 4524 4131 4190 
7371 2185 4297 226 7733 8347 5200 3286 9586 6268 1095 4694 6735 6853 9545 614 5347 3105 3939 399 9565 8237 3448 2221 8226 3945 381 6959 8316 649 3887 7392 1451 442 3698 8636 5349 5433 2265 
2244 2246 7718 4606 1820 9490 3548 9747 7583 4873 6759 2747 5442 9100 7657 6181 2025 8345 7045 7222 4432 1427 8692 1895 8257 7444 9791 4720 469 2370 187 9777 1467 2090 9184 1026 8224 1712 4583 5923 
7843 7842 6597 4651 1879 6518 8567 9116 8701 3280 9119 623 9002 5968 8741 2079 8758 5288 411 6909 1612 1305 5455 5453 1118 3147 3919 7059 177 9627 9668 2691 1137 5127 8098 1497 2420 3435 4454 5929 
2474 2473 8327 2541 4710 4121 2403 7003 4262 9178 1489 9572 7030 3311 1335 9831 5367 8756 129 7471 9877 6865 6720 6723 7354 4682 9482 4889 9434 375 8200 9686 5743 3250 984 8806 789 4367 1262 
9436 7901 9271 6067 4592 4905 5322 9778 1720 2511 5796 8510 1012 214 8856 6732 7563 3728 8638 6398 5270 8000 6264 4697 4703 2328 7868 5807 472 1913 2180 8865 8997 5313 7457 5441 8122 
9613 3483 8191 2126 8264 7661 159 1149 6086 1981 1272 1071 835 2138 9595 9564 3905 5557 8166 424 1560 1079 5257 5154 6705 1378 9047 5584 9727 3886 6506 7299 570 3857 7237 9458 5509 6218 
7495 8786 933 6826 9896 8441 543 8773 6091 8530 4400 4410 2964 4021 4318 7348 6615 5793 5886 5701 3087 8494 7546 1708 7292 1408 3915 5153 1727 8023 2943 9869 2891 1358 3992 5231 4329 8570 1573 
2952 1477 3175 2881 594 5495 1959 9188 55 7915 8766 9449 1935 545 8719 3349 6345 8764 3361 3433 778 1384 2513 1881 5085 2376 9203 6074 5851 9398 2815 2151 4322 4111 6749 7978 8712 3022 
8433 8432 8970 6433 580 6480 987 1208 4394 7325 3632 840 6949 1194 8817 7681 184 9910 8410 5996 3266 7535 1690 3479 3578 2971 569 2649 8844 9381 8770 7107 7614 3840 8101 7463 5502 8322 
6486 6485 1936 3965 4040 4099 3611 7300 9294 8457 1450 5639 5649 5619 8365 1248 9348 8061 9013 8810 7597 8140 5709 729 3566 9478 4966 8370 3768 6566 1443 6928 8490 3439 7565 966 6080 6385 4310 5315 
7902 8380 8545 362 4138 869 3139 2921 1838 42 3102 6878 2841 8151 781 8208 6024 5827 8292 3016 1730 1212 9388 9204 9770 3894 3519 1795 705 4299 9652 8134 1142 2175 6682 200 8143 416 6562 6647 
1530 2179 7193 585 2069 1538 6797 6636 838 5351 6953 7298 3334 1624 9766 9179 3289 3292 3941 8129 2605 6261 9446 2017 6811 9531 2797 1571 8592 6119 6725 9321 3060 8759 509 4730 979 5868 2381 2826 8193 8045 4519 7632 1056 3971 7154 9227 6224 7768 182 8931 1126 
2356 8905 8013 2777 2586 5359 7475 6164 9835 4702 9195 9706 9530 9238 4812 1036 3710 3528 9095 24 5060 1676 9046 837 6527 7158 5945 5178 2130 6187 2084 6281 805 1646 2267 3003 9821 4640 760 6784 3929 6448 4948 510 3561 619 4207 8299 2614 6387 4996 5097 2736 
5011 7665 8078 8150 7619 7615 8170 5373 1636 7092 8449 89 3630 624 1685 811 7894 2878 5120 2877 6147 6273 8456 4372 6311 3387 4680 432 6270 9257 1609 3362 8718 1770 3380 59 7385 2632 584 5956 8989 7528 3480 4978 4782 9067 8536 359 9775 1952 9521 
409 1234 4256 7483 3607 3885 5884 7167 3817 4689 7897 2276 5756 9307 1876 1109 1286 5710 3790 8207 4255 7420 8443 8907 2392 8174 7748 470 5768 1829 9491 1087 9659 8784 9617 7215 9524 9585 2647 6195 5504 1924 7765 1144 1134 1928 9738 6554 7022 4641 7397 
9023 9022 644 9914 7497 3780 7446 795 500 2401 8478 5340 9175 2070 2863 270 5698 9661 1640 1168 3018 4670 6686 5629 9320 6501 4934 3302 5216 3787 1473 4352 1887 6608 4678 5894 7883 346 4773 2293 135 2967 9339 9712 8886 8083 3084 3557 44 3543 2432 4902 7414 8324 4485 
2415 1739 821 4597 1995 5300 5713 7025 4024 3273 3345 1310 3581 2037 7229 3278 36 3928 8248 9959 7212 8660 2307 7689 1145 753 8022 7386 2902 1258 5168 8335 2089 566 6274 3888 7562 2262 2280 6012 7572 429 194 8162 2756 4910 6512 3209 6609 313 7404 2255 5210 
5365 3358 5299 2880 7364 2093 7796 2683 4466 2519 2637 3590 5518 6406 565 575 578 9428 8333 4611 6468 6968 6699 6750 9300 1684 9118 4141 7989 3297 6703 6886 687 7705 9197 9745 5562 2311 9499 8280 5840 4476 287 5379 591 4860 5030 8147 9797 2788 3510 5197 
6781 5247 4309 1819 2362 3706 2283 6356 7182 248 7838 5281 8232 9355 5816 7360 8009 7201 4708 6676 2900 422 5460 4718 1781 9759 1630 989 4993 6535 8254 5438 7867 4401 2439 590 3870 1957 6666 2444 8936 9714 6924 9515 3474 5684 62 2540 5842 1220 7338 3600 4974 2205 
763 8321 7424 1051 8780 2172 2350 6540 8508 5558 40 4514 2391 8291 4635 329 22 3318 1548 7952 7873 5624 8330 9387 4963 9466 911 3800 7343 2848 3127 170 7569 5375 6972 3773 3727 492 4300 3390 7041 3473 1003 6269 8181 3199 4801 1986 241 6513 3150 
1294 3713 6374 592 8898 1398 1811 1125 9452 736 9173 4573 5046 916 5108 5944 3351 2701 6976 1344 1481 7205 4921 9818 6063 4390 7871 8941 3429 8243 1856 3637 7590 3019 8827 541 4858 9558 1590 8060 9703 5758 8100 1002 9630 9281 2694 7260 4330 947 8595 2894 
4539 4538 8249 3194 4016 3588 8675 2600 3080 7344 5794 6756 6757 860 7173 1519 8706 8717 9840 1049 6260 6162 2987 8199 576 2327 9097 9683 2852 6854 1187 9083 1974 488 8531 9103 583 9788 530 2494 2918 8394 8665 4253 1370 1927 7321 7828 7168 678 9528 
350 8203 2231 1287 5967 5489 7324 8858 5458 4475 7829 2344 1682 6346 8529 8704 6003 6006 4766 6499 4198 7550 7904 3918 5144 5570 6606 3644 3205 3212 6864 5335 9299 9166 2377 707 3786 143 7603 3717 3532 4127 6399 4214 3815 8064 650 7865 355 785 4851 4266 
3477 5666 402 6008 2763 3847 4881 867 4348 1164 9009 9647 6288 4220 4164 2581 2407 3672 9073 6678 6044 9341 7150 8928 458 4569 8279 1048 4196 3559 2867 6650 9673 9819 6629 1618 7177 2713 2949 1510 7957 6525 8420 4915 1987 3191 6883 9892 249 3982 1488 
1353 1949 2114 5830 2077 3863 4866 9481 8006 5117 7936 2984 7350 280 8894 6419 9218 5501 3468 2563 8869 2594 8612 5465 8474 491 715 963 3355 3137 3036 7608 9027 2258 2682 438 1797 7926 9836 2536 111 5261 5386 3267 8348 8702 5913 672 8477 3423 2920 
4657 4656 8603 653 7200 834 2645 2919 1459 7464 2342 3922 3219 5223 9710 9189 663 5909 400 5026 1383 9215 8828 5801 2430 1794 7401 3389 7530 1644 3262 9319 5363 1985 4570 6879 567 864 9874 6338 7815 9020 4500 4701 6908 2260 1493 8949 259 6259 2968 
2002 7554 5017 6125 5471 9920 5751 3666 5338 277 6697 4230 4219 7939 4576 7124 8156 8306 8569 3382 9295 9223 7578 4280 706 7963 3526 4628 9131 9316 5326 5466 8742 2671 9519 685 5641 7000 3419 1141 3458 8724 3462 2442 3189 8417 1842 8027 6154 3140 
2651 5843 4724 8959 9548 9304 9068 956 4555 8067 8644 5400 6052 5225 6152 4059 8274 7716 6477 6665 7243 352 1659 6319 373 9105 1442 8895 7104 1649 3972 3025 9460 4848 6305 8021 9437 1764 6001 6334 8141 8580 2225 4143 2517 7640 7050 8275 2972 3954 6984 
9849 5129 61 7379 7660 9857 535 3707 5301 6284 4938 8943 2098 3925 7065 9159 2466 8720 4906 9151 3330 5406 2464 7609 1532 6488 4814 1652 5388 3546 176 9498 4983 2929 4048 2975 8926 3363 252 802 1898 9928 7220 8910 2245 2399 7946 298 4487 3676 
7666 9442 4532 6317 1400 5377 5831 9114 3413 6343 6127 6107 6108 35 7703 5555 5651 73 52 9033 6870 7656 319 5991 2438 7407 7276 9290 9284 6028 5015 3921 1495 3734 2655 6939 4012 1586 1569 3283 3963 9394 6151 3091 3107 7810 8063 6353 855 
8492 4250 9901 2526 4899 6376 9313 5161 4630 456 8900 8880 8881 6405 4163 988 722 9454 5238 5650 4693 5152 3041 2510 9426 8935 5755 863 3272 5448 1850 607 1983 2277 7020 9793 1635 9052 7647 921 6607 1290 2140 2319 8206 3090 2142 4192 512 6373 8577 
5902 1706 6616 992 4770 6907 2224 3111 8605 6767 680 682 3337 6228 398 6617 7185 1934 5034 8966 1094 7432 4031 917 9754 8515 7358 1669 6709 7503 7568 611 7219 6307 750 9079 5779 2412 1915 1767 3516 2107 7286 6567 7699 9632 5323 2727 9866 7532 
4834 4833 8913 3884 5963 4488 4547 2941 3347 7210 4158 9058 5579 6877 9897 9331 6654 309 9839 4706 2792 2325 7176 5355 8994 6999 3985 1629 9262 8909 3103 8552 4032 6043 7461 2621 8270 8082 261 6585 4210 1063 8342 2243 2147 8804 9893 9403 4900 
7784 7783 2886 1123 7836 8563 6911 6085 5174 4643 7239 5233 798 8235 446 4469 604 7974 8212 6724 5203 6704 8920 1265 9944 1591 7294 2156 646 4463 3716 7149 3148 5486 2470 7472 8749 2252 233 8178 5723 9922 1360 2774 2660 7262 4346 959 4447 9032 
1943 1942 4842 5137 9326 6297 3544 889 366 2608 857 859 8765 1331 8505 1135 3082 616 1381 635 5139 5052 2976 5957 1866 6556 5296 724 3009 523 7544 2411 3144 8708 9170 354 1823 6329 9509 7174 9124 1101 2011 2212 5679 8863 7789 8745 1429 
6309 999 6249 3529 6303 875 462 4237 9136 3640 9527 3316 323 2624 2273 2449 9707 6523 7478 3927 929 1699 3056 6971 8483 1364 5611 4097 7145 8010 483 9800 9392 5749 5806 9662 9359 5470 4714 2359 7864 6157 9364 6742 9863 4081 548 8475 4359 4186 1437 4028 1426 4366 8634 3567 2363 9101 5822 3071 7388 7095 4384 1773 8442 7928 3285 
114 113 5069 7724 9016 5141 9606 9444 9275 8445 2128 3662 8775 9660 935 3570 3453 3868 7231 8956 9012 6537 23 6596 4675 7373 673 5565 7458 6573 7058 4845 1423 7078 3872 1448 5393 9255 8339 9461 7476 7159 9181 4880 1356 7057 6333 5109 9557 7250 4585 9850 4800 4168 353 8641 3550 3740 7734 1970 3504 6755 5981 4218 9834 3482 216 9750 
7548 4125 4119 7954 7790 3485 7910 1872 8229 1656 6061 7328 8782 7888 7700 9589 6701 6051 9769 5885 339 3705 4294 4353 7920 953 3151 5439 9525 8448 5308 568 7630 4626 5721 1001 1610 3065 1098 2000 1531 1947 3759 5588 4248 6069 5507 7402 5245 2294 9732 9004 305 803 7133 9912 3142 7515 2139 195 8733 2365 7817 6493 2566 688 2028 
8846 8373 3234 7370 6728 8439 7306 5950 4114 1007 3406 4586 7012 9824 8113 6049 7763 9768 2876 1342 4826 4847 4058 5039 5435 7504 3138 4668 7727 5839 3395 950 9936 96 9256 3154 1828 1968 6751 4599 1808 7139 3714 4307 9711 2239 3203 2809 169 8748 4450 6510 8667 4465 1396 1810 3757 1917 4794 5762 6432 335 5704 511 9266 
881 940 9376 8839 4846 2663 7425 1601 8740 2696 109 1267 9018 7713 926 3099 1919 5285 7419 3702 6655 1580 9631 5260 3264 2851 327 6632 7668 4090 8161 6437 2333 7820 3454 3303 1885 5073 5858 7156 2676 4935 691 5192 6423 1570 7611 823 8121 466 1728 8493 5425 5404 5431 7752 3864 3031 5468 1596 4617 6630 6036 9925 7203 
6427 1058 5541 1759 2480 2598 3660 7719 9153 1643 5360 264 7241 3511 2331 3452 7819 9237 6229 162 4295 342 7566 4375 6088 6712 675 2679 3518 2287 1973 4154 3833 7740 5966 3092 1613 7332 5380 3755 6644 2300 708 910 4029 2023 7604 1350 525 7788 230 4560 3626 2461 6388 882 4241 9325 5134 9691 9108 6352 1321 8771 9833 9168 3746 4523 
291 3122 4768 166 3594 3117 4298 993 8091 6422 395 5381 8893 4632 4160 4810 326 7998 5354 8127 5534 3023 2610 3 8797 2561 478 439 5926 7795 1140 1217 3846 896 3964 8423 2064 2048 6039 5158 9349 6768 9439 589 5910 449 7621 5995 9728 8565 7628 10 5774 7750 8986 9040 2137 133 4926 1025 4780 9854 2479 7980 8289 
3536 1877 1818 9370 8085 1465 5019 1347 6435 7772 2587 633 4925 7682 5812 5872 6462 6642 4931 2158 1224 3115 2643 7861 8628 6083 7441 6109 8035 9400 1671 1237 6221 5100 183 7316 3551 1882 1849 2357 9078 5320 8930 9401 3398 6115 4332 9096 6483 7646 6482 9904 9676 7021 895 2134 5394 3038 3499 9748 605 6318 5960 8735 6680 8969 8872 2035 
9908 703 2821 5432 6321 167 1184 8559 7247 1975 2490 2860 4416 3935 1447 4872 7232 2817 4528 5357 7835 5914 4144 9053 5637 6614 496 9742 4018 8389 2456 6881 8561 1317 5479 3062 8329 8361 5621 7015 2783 5969 6587 2326 2429 9288 2520 2534 4343 8614 4033 2455 971 1362 1219 571 3975 2196 8654 7043 8873 237 5492 4034 3069 
5719 1529 2113 5063 3824 3542 3214 699 9098 1090 7956 7582 3552 4691 2332 9296 4695 5767 8068 7540 2230 1698 7126 427 7892 2543 1807 4019 9407 2261 28 9898 2936 1199 5464 6836 1089 8752 6747 6843 2005 6624 7823 5936 9347 374 4568 5958 2731 9965 2446 7072 6541 6542 5561 4347 7034 1476 8029 5547 4133 3735 2812 6519 7319 
6722 1359 7600 5477 3843 8426 1369 2368 9666 1503 7741 8272 8760 8428 9422 4809 7347 4754 7172 9130 2053 6593 1757 2406 4080 6142 2843 6889 3341 4929 1678 4272 8048 1178 1186 883 1060 1677 5080 5480 9122 1821 5861 2798 8447 1454 9343 6920 5975 5512 980 7573 1159 5876 7805 7687 8429 5669 3097 6977 121 4937 1504 6508 3836 2493 4336 6696 
2946 586 8137 697 5246 9724 4960 639 661 5609 8596 7800 4584 6885 443 43 3689 2571 2629 9720 4354 8661 8070 813 1599 9274 6278 47 2661 3113 3538 7314 1368 7352 2097 6897 1651 5191 5362 1826 4559 923 2259 9593 4779 7605 3165 5244 936 7990 5503 2547 4501 6689 1102 217 1615 2129 8653 8216 131 12 3344 7769 3909 
1766 172 1116 4769 9312 1597 948 4062 6848 1723 749 7005 7698 266 8822 7996 9412 1508 3573 6239 1817 1227 5533 6064 2133 8325 2004 1925 4023 2043 365 9308 7833 4875 9969 5277 9280 6178 1377 701 6777 3930 7669 7942 3977 9183 4151 4140 2177 5879 2593 1323 5733 7308 4620 1439 6744 4371 1911 8813 6139 770 7744 8637 7671 2542 
2592 3417 4886 6789 579 285 1813 8028 1575 130 9385 9785 3699 9588 3688 3807 1034 8058 752 755 8130 6123 4852 5415 4313 3277 1855 6320 6037 3795 201 4423 2051 6594 7858 6004 6684 5032 5327 5605 3770 6487 26 4832 331 3803 1315 1732 8066 1746 1218 4065 46 4509 1750 7178 265 2625 9443 8088 5964 6572 21 3392 4959 9327 
5601 7960 6131 4368 6551 67 7792 4055 6893 515 2764 1348 8406 4986 739 1745 6111 4577 2157 5413 4531 6890 5474 1902 4203 9328 2957 1507 479 8522 3513 7466 1153 3282 3861 2985 6785 3304 9144 5189 8753 4736 8532 2418 80 3414 9895 6222 9417 1806 8051 6441 1121 3980 430 5687 613 2271 1303 2656 4605 6314 886 9620 2127 1268 6803 
8610 2119 3535 1057 4486 9802 5240 2106 6203 218 3983 3332 7947 9726 3059 8762 1033 5105 5166 1273 1696 8897 9368 2583 9926 7440 3684 3252 7571 6560 5760 773 8581 2780 9702 5330 1614 674 6055 7160 9003 9771 718 6930 2927 4165 499 9614 2498 9433 1587 4269 7933 7798 288 667 7511 1160 9646 2609 7919 1143 5505 1397 2104 2743 199 
8256 4840 874 4020 4474 4533 4191 1701 7779 3627 758 7248 1505 8467 7052 8999 388 9415 7599 3410 3409 5592 7384 714 5378 9228 1271 3920 268 361 9792 5873 2759 4451 5111 8640 7413 9378 3162 6779 9644 4087 4258 2380 7824 5951 390 5862 2739 2911 3862 3244 2118 3612 630 8401 1301 9323 6578 2247 8573 1417 6336 1261 192 
6899 9848 9199 7259 5255 2055 2270 344 9365 7977 1282 679 1564 738 2686 6170 2334 7114 9602 5000 3174 9191 5855 7979 1709 9851 1276 9072 9405 4175 5780 8081 8343 5583 9700 4213 6189 4719 8372 3340 1500 1963 455 9906 5217 733 7518 4360 4795 4323 2770 2942 3845 3207 2092 4247 4979 9868 9345 9109 5726 2668 8772 7629 9167 4169 1515 
7194 7725 9088 2408 5727 7895 8362 7477 5145 5279 463 8642 1446 1151 7288 6875 7055 4764 7714 3764 6005 5179 1285 7327 9093 5211 8789 65 4554 9418 1191 234 3867 615 6667 1673 7898 3331 3744 2708 9086 6956 912 2006 5702 1298 5802 3641 471 9755 95 3585 2516 7994 7496 9480 1244 2597 8241 6975 7376 6965 6335 9278 3875 
4421 290 2939 5535 3766 7737 2659 9306 7206 6717 9940 8657 3021 1860 9411 3571 7644 6770 5236 7009 6478 186 6445 5190 6219 9210 734 5578 340 7381 7032 85 3724 6130 2888 7485 6982 5820 8649 8517 5661 4349 1528 4835 4894 3045 3650 8788 3238 7785 8875 2182 2724 5221 7494 2302 1438 2577 4690 9344 865 8230 9453 1198 8265 
468 8609 9488 3601 2191 7418 4429 5082 8803 2049 6915 2803 4180 2804 5636 7878 9887 918 2227 1581 8484 8425 8446 2723 9464 2622 6653 694 124 4975 8271 222 8404 7283 9695 4686 4688 5012 9139 587 8791 8947 2435 927 4157 3829 8142 6408 3657 5959 7164 2203 5278 5467 9598 3444 9028 1893 6276 6873 6436 8042 3553 6090 1185 
7312 6721 5949 756 775 4732 5912 9245 8539 2410 1341 8996 5204 5341 7586 152 4517 5059 5062 5003 754 9041 3490 1776 9289 6855 6758 9872 3774 799 7263 8621 2923 8848 9918 5081 5050 2790 3991 139 6659 9165 9786 5463 7664 7882 6500 2589 7638 4594 937 2176 2693 7277 4985 603 3639 308 7751 5516 8932 487 3697 6529 8560 
5306 645 2291 4650 7438 1719 9798 6244 205 1103 9511 6561 2567 6992 3276 4161 4341 4930 6888 6773 5416 5828 1017 1040 5317 6339 3310 5919 1617 6240 8974 8975 3218 3715 8960 3936 643 4817 9760 2321 3947 4328 7431 8357 1967 8767 8925 2436 8554 6253 4037 8413 9970 4435 3560 9952 9396 1150 2560 4784 7142 3364 6942 6444 1195 7508 
2533 5600 5128 461 4075 1996 4492 2823 7652 572 7062 1133 9599 913 9471 1744 6110 9827 5295 8658 4413 2819 2937 1189 209 9110 1874 7854 5729 3505 2830 1014 9721 8857 2426 2890 6827 6163 7863 6071 9138 464 9551 7223 2385 7545 5952 2478 9162 6393 6231 18 4393 5309 5291 9597 4395 3722 1869 6991 1616 654 9871 9089 8379 6058 
7135 5542 2768 5181 9737 6262 8950 7088 0 1546 3531 5078 3865 7359 8655 7523 3866 7877 8055 2335 6357 6062 1758 6831 9626 8269 7620 7499 2995 4967 8992 3892 4136 845 2148 1512 4038 2961 5401 8218 7470 412 3904 9155 3324 9909 5208 5571 7992 7048 8944 6431 547 8495 7756 2579 8995 820 4188 1205 7295 4009 254 7983 9226 6234 6807 9174 8476 8558 2186 7850 6637 7275 6023 4030 7555 
4303 9141 8550 3883 3411 9135 7188 8309 6266 4083 6966 7896 9962 1162 3050 4455 9117 915 7527 5933 1922 4705 2584 2761 4085 3908 7303 7479 7019 2810 2712 9746 8882 2544 8651 5426 904 7368 3183 1672 7450 9787 9440 6371 3383 6340 7428 5916 312 4460 6424 4953 2082 1572 2210 9814 7764 3537 7726 8850 7279 9099 3933 689 6495 9716 2990 6825 8145 8261 7852 6847 7272 5325 317 8750 
2828 9200 349 1064 4663 2940 1715 6598 3471 5882 286 3788 4593 5753 3708 6344 5754 8175 1804 4989 8647 7068 9841 9604 3763 958 2864 9156 4988 832 2484 6796 1735 588 5690 774 3420 4621 6156 4712 3180 1999 2419 6978 6407 9888 5792 6643 9697 1297 3678 5212 2219 4821 3675 4933 6646 1554 8431 5084 3752 8283 3907 3781 7592 9303 119 5805 7921 7044 4389 3604 7270 3149 357 2373 
6840 8138 5476 225 1182 8262 3896 4610 2486 3249 2565 8819 6030 2329 8664 1015 7465 19 8645 1509 9651 1460 5475 7186 4493 1543 9690 7323 1086 4580 6994 3926 9820 3782 504 1453 3618 8002 2515 3296 9475 6306 2986 9653 3914 906 2596 9633 6574 2947 7197 3534 3506 1275 56 3078 1452 410 7116 7729 5276 9286 5311 9679 7581 4957 4379 9115 6401 2314 2913 8004 6857 5880 2009 2222 1209 
3772 5424 8845 4473 6834 9253 2014 5064 2785 7534 3118 7521 2873 3819 9717 7875 8585 8527 5344 4636 1401 2935 8707 7717 4965 2428 7707 7525 6286 7053 8915 2974 104 3428 2071 9957 9224 5093 4765 2122 8818 6146 6664 3339 6954 9019 2711 2471 2672 6246 9815 6364 1013 8842 3491 3814 51 228 6212 8984 2075 1019 2861 5146 593 8046 9441 9522 3673 5736 5903 376 8112 393 5374 747 2066 7297 
6368 5070 9907 6007 2703 5904 7070 9383 4787 3058 2705 5241 7543 7357 4822 9409 1742 4633 7468 211 6829 1637 9369 5711 6740 9803 3731 9059 5334 8503 7399 3408 740 2384 4364 2687 9919 13 1899 8340 5031 215 5348 669 8961 3860 2916 6349 2772 1260 9852 6543 5680 4155 7697 5213 8582 4578 4422 8378 1201 7356 1910 7870 4561 1380 1809 2500 6798 2796 4995 782 7001 3268 5372 2658 6159 
8315 6367 1765 8958 8131 9783 8014 8500 5773 2604 1466 4614 2272 4042 2447 7169 7346 7524 5695 2924 2155 2345 5177 8071 1345 5887 3495 2170 3184 5819 2839 4777 6463 9051 2982 2405 8385 7369 5262 3329 2789 330 3178 7900 4932 8534 6216 6233 3851 6451 4918 1753 1097 3523 7273 3443 5582 4424 7090 1222 826 8434 4015 3226 11 7634 1655 77 7633 4760 1299 8809 9538 1537 5328 4025 7447 
7607 1824 8255 5908 9678 698 8840 3227 5418 9254 2047 1105 4652 6946 4791 4829 6285 2214 2627 151 3691 1578 9251 1463 7598 518 899 1119 2915 9890 5524 391 3315 9523 793 4785 6214 3736 2738 6136 8211 9246 5883 3421 2042 2992 9568 7417 7136 406 117 6 5740 8311 4107 8968 4537 3481 9520 9574 8607 4612 5271 258 3486 9222 4251 1948 9233 6670 9384 3032 4249 1889 1021 5645 8039 3322 
6958 9377 5187 6302 9612 6362 657 126 598 7593 2903 1988 559 279 2639 5163 3217 1565 6169 4045 801 2452 457 5652 1639 8601 8011 2569 7853 6804 9860 2228 8836 1541 8149 2476 2799 7643 6821 4717 4713 9846 4740 7214 9718 6584 5523 8 9735 1256 7653 9402 3827 7839 8125 3237 3793 4005 4146 6428 6272 5429 5446 709 3614 1042 2965 5881 5568 8519 4725 1598 7238 3166 5207 4603 
3654 6426 5010 7187 3235 4252 3725 9916 8736 5735 9055 1518 3509 1800 6443 502 384 6874 6993 2925 8294 3574 1814 1047 8307 9132 7679 4616 765 7884 2220 5631 9623 1789 6476 301 1777 5924 2969 3854 4373 3034 5066 2825 1082 5143 626 8287 5899 9526 1266 2044 8590 2162 6526 7198 7923 2514 1308 6532 7240 333 8139 6289 8973 5016 8300 3326 3895 34 7162 6057 8383 7909 2068 8157 5332 3562 1785 
704 9081 2414 9029 1890 2895 4003 2292 4946 2427 9363 4496 6990 9658 3465 928 325 1863 742 447 9248 8599 2820 932 3527 2905 3849 2633 1501 4600 5342 3020 6783 273 5532 7794 7766 951 4195 3467 1120 6802 1072 9043 9214 3624 2793 3674 9751 1631 986 5824 6919 2208 1416 5818 8044 5230 3239 4441 8902 9217 9858 3386 3027 4919 6808 9243 7742 9386 2892 190 1714 9705 3167 5266 9125 
4480 9731 6610 7069 4827 9665 108 1857 4179 6179 3729 3295 441 5115 4807 8821 4201 90 4692 2866 7704 6121 3233 4000 8188 1076 9722 6440 1069 5321 2266 5730 1743 9438 8620 2209 7648 786 9169 2135 1374 8354 2557 4762 1865 4327 2058 2575 5979 1791 4022 482 6230 8077 1274 4696 2499 2675 7964 4897 4467 5421 7315 5998 6564 7811 3461 6884 1788 9361 4544 1375 6672 5387 1122 6589 4430 9539 1733 
3300 3299 7016 107 8308 5548 8937 8972 1584 1302 6415 9924 9542 9186 4197 3393 4043 621 2039 5521 1921 5531 106 1521 599 4139 776 8823 2856 4259 9236 4962 6914 2653 7696 8115 8633 7341 4449 6522 4436 8732 676 8887 6778 4922 9374 5798 5573 551 1061 4973 7631 7395 4619 8099 7746 7808 9829 2734 544 1653 3208 6786 8686 8794 726 8499 4733 2732 88 7612 8164 3187 9809 1751 
6014 1117 2591 3116 4604 2349 8504 2108 6852 6126 9077 1112 3902 581 8111 7890 3806 2568 2099 3633 1154 6534 4767 814 4530 223 4026 3251 3369 5047 727 4377 4727 9034 5414 1355 2497 8284 8566 9931 7013 6188 5841 552 2562 1502 6456 8080 3776 2284 219 263 9578 4264 8624 7594 7670 3186 3995 8285 2193 4283 6010 9502 3916 1622 3309 5856 908 5138 7806 5763 74 3628 8165 5627 147 4440 
1176 6013 2532 8557 4243 1654 3994 5194 8268 779 1752 2056 5587 8681 6856 8677 7287 3748 6287 6936 8470 1106 7481 6242 3313 3608 3967 3549 9451 5506 4824 3842 5662 968 2268 2641 4314 7735 9225 1114 9465 3946 1533 5008 4758 7195 3006 4382 8453 8159 943 9024 1441 1039 1249 2027 9537 4602 4629 1232 8575 8747 2619 1594 2951 4148 907 6706 7887 9244 9951 3638 1077 3503 5254 99 
5188 9258 8019 8367 7967 6539 8852 7969 757 5123 8213 6708 2423 7918 6223 1916 3568 620 6461 6347 1449 800 7537 6183 5593 3291 5732 4498 5297 7512 5452 32 909 6568 7027 4672 7917 1158 2215 4659 7302 6516 3325 3061 1115 9037 7191 4098 5202 8903 6038 4290 3206 5920 6473 4047 3989 3812 50 847 7981 8572 7721 3457 4263 9163 7570 3284 2871 898 6800 4742 2953 72 5205 9698 3201 4288 5392 
8374 2887 7377 8544 9501 4591 5456 8382 1937 9468 9430 7949 2528 6887 8126 6048 3039 9297 5638 7881 3043 4587 5829 2524 9486 2197 4943 2523 1815 8815 4923 6547 6396 8979 7677 2274 2451 1435 6677 1100 8967 3564 2690 1972 7056 6369 4830 9432 4949 3709 3952 274 8177 5219 5761 3110 4306 9968 8901 9360 5717 6517 7157 3128 7567 9158 8792 890 7626 8214 8497 64 3659 1080 5618 7522 4443 
4362 6250 6833 5423 815 3839 3648 3000 8087 9903 5853 3522 2875 7226 8862 6592 2167 1506 6819 7054 1755 9484 8189 8012 8542 8778 3726 3741 3336 8266 5336 4609 2681 1958 8739 8987 450 8574 9123 2634 3287 7451 5345 1926 1373 7400 5525 8496 9870 2907 8295 3533 3619 371 1551 5685 7982 4446 7080 8576 4199 3202 1136 2737 608 5526 9337 866 5785 8393 6116 7929 3661 1085 4194 4277 8879 
3418 8196 6184 9842 2762 1300 1385 2482 3426 2309 6695 2388 2882 631 4909 8133 7406 9176 1270 3456 2050 7950 2525 5180 4970 4552 6563 6863 5447 4731 719 3664 4156 3074 2072 6922 1324 2076 7492 1382 642 9845 4737 5938 8239 6605 4815 6366 902 2495 2811 9322 666 825 5759 5706 7410 7031 7986 5420 7712 5091 9917 2955 5569 1834 6862 595 4867 1456 1434 60 5195 9694 2045 9816 4320 
9082 1772 5305 3181 3129 7672 2232 1070 4053 8486 7654 4968 5027 8744 5530 9645 5694 149 5461 3160 5993 3042 1165 3646 7539 2310 341 1482 9379 9005 8069 6771 386 8120 5852 4431 3441 8587 8697 1710 9107 9273 5615 2944 6220 5149 3796 2697 5539 901 3405 4130 8405 2295 7131 7781 7686 7101 5248 4461 5422 5396 4853 5628 8755 5527 2491 9758 7060 6210 6943 4624 9045 1091 4426 9927 9104 
7961 8144 7128 3190 8026 5845 4276 9031 1052 6400 5971 5065 8891 9704 7759 3670 8054 4456 7762 5520 8116 221 6891 8366 2551 2229 8687 6791 8461 5159 7930 9733 5237 302 4588 8128 3265 3979 1461 8336 7514 9006 5444 2912 5150 3797 7588 8993 884 2339 5243 6576 9911 2236 2457 3658 1736 236 7841 1255 7267 4245 2448 2795 7533 4388 6040 844 4839 6235 2973 7966 8047 9030 2188 5252 7945 
2238 5837 6538 8498 3306 8485 6380 3236 9562 1660 9483 3826 1221 6738 2213 3686 5931 1862 4928 387 1155 2522 2640 4118 7153 8918 7094 7322 681 1971 5329 6299 2956 1979 6016 4746 4883 5106 2733 7932 617 7577 7520 2638 8962 4543 4661 4976 6753 4950 1526 1544 2558 4181 3508 2573 8631 5545 879 1174 3095 961 5287 98 5804 9817 490 6106 560 4878 3049 5797 4572 5193 3799 8853 8084 1667 
8020 8079 4296 7023 8368 9267 5595 3229 8073 6533 1516 9389 3170 8390 6238 5086 9942 5577 5990 3279 506 328 8776 2168 9546 2288 7207 7834 9164 5493 4541 7491 1540 3901 5519 9025 4457 7066 2371 6254 7372 3301 5625 6945 6955 6795 7256 3001 4417 370 5900 7251 6569 1721 7782 7433 9963 8555 9187 1769 2808 7317 3602 3378 711 1552 1606 2931 7732 3248 9573 7860 1716 3798 4212 4684 157 
2061 3182 467 1774 6715 4945 5478 3412 7084 8663 3767 4357 168 7307 8722 1900 5045 7642 9120 977 1214 7242 7832 7127 7362 3136 7775 894 3066 3015 5906 8351 1619 8326 6842 437 7382 550 2874 7455 6102 9240 1964 1854 2318 1989 7218 1291 1292 6034 4334 5228 4913 1196 4891 5094 3801 8571 9905 4358 1395 1138 4408 9580 9479 780 7911 9740 494 7120 6200 9639 9915 3850 1445 5488 477 3048 
5955 5954 231 6256 4420 5364 1406 3063 7010 8727 6892 417 4289 4415 1170 522 5292 1562 7536 9540 4319 8980 1339 6872 1171 2469 3906 3583 1269 20 503 4753 1626 9532 2994 5226 6416 3466 5770 9723 3469 6912 990 872 2 4267 647 3669 2928 1604 2417 1827 555 9590 5642 9477 1246 2202 1694 3446 3075 5035 17 9142 7268 9054 2100 6635 4977 434 7254 4109 2116 2352 7985 1146 7115 8816 5817 4004 3953 2298 9391 7662 8104 1028 4391 6458 4838 6938 7944 7097 3211 5748 5529 4122 9419 3970 5130 7844 8399 846 7745 5722 4536 8691 97 2684 5162 2019 7329 1670 5339 7709 6395 4270 1124 829 9445 8459 6375 6932 5644 1563 7152 4971 178 849 5173 29 3789 8991 8851 1903 4676 1181 3081 6047 
4008 3241 4007 5895 9494 5718 2008 4728 7659 6494 8952 9861 2254 8799 9503 8132 240 358 4350 484 7064 3642 4278 1 1192 4173 9157 6245 5459 4407 4279 1978 5462 2450 5580 3161 2216 8117 3525 9779 8838 8602 6950 5061 8864 4884 7797 9781 5083 3623 3192 6160 2386 4398 5316 2279 5218 5848 8031 3880 4608 2091 5258 5040 1440 8222 2131 6271 6837 6896 4972 761 2117 9637 670 3270 8726 5497 9085 2988 792 6570 5286 5522 3342 8870 5803 5986 7014 5514 4638 4796 8454 33 4070 995 5598 7959 3832 8885 4006 8871 5132 7722 5691 3969 8110 5699 4808 3121 6021 4558 8320 6137 7435 9807 3545 2383 2753 3718 475 9292 7140 5384 6041 2304 1202 8223 1847 9500 5280 8688 549 1455 2496 3381 4027 3779 2323 1729 6033 5398 
8964 2769 7134 4892 2709 9311 3070 284 2958 1837 1110 9208 6964 6952 8331 7387 7757 7855 9837 1011 4984 2173 3177 8583 3804 8940 6754 5871 9057 974 6167 1801 3335 4515 2040 6580 8353 6464 4399 3171 7183 9605 9487 224 6300 7067 68 191 7271 3223 6265 4816 2366 1081 5572 1954 9171 3492 137 8528 8562 9654 7184 9177 9708 7708 930 5808 7117 1263 1839 9493 2917 2242 2831 4123 6290 5567 5346 4677 213 4854 4477 2623 9873 4581 9891 8075 1458 4113 6528 1762 9476 788 508 256 5053 5543 6330 794 2166 3432 5921 853 8473 1177 8606 7132 1131 2085 4225 1513 8511 3805 8440 2375 5155 9008 4464 748 8632 9657 5922 6530 1740 2914 2424 7102 7506 6765 8219 5787 4089 8737 7907 6460 9571 1139 2847 5559 2459 8615 8890 2872 945 2555 
5483 5482 9672 3653 7075 9252 7482 37 6258 3352 7147 7246 5941 4964 3135 5536 9725 4134 6009 3493 1444 6059 7720 5714 8421 1053 9601 6520 2036 2136 5399 5164 2745 5284 3040 9061 2286 5472 8412 3643 8481 3584 7245 1050 7480 4236 2256 9508 8233 459 243 6693 6168 9143 2248 5157 7761 3323 4339 1553 5553 3960 4128 6129 262 9713 3094 4200 6927 7106 6880 1511 725 1747 4054 3379 6601 4068 920 6018 4804 2680 7037 8016 8462 198 9121 112 1333 5739 4522 9172 2766 7469 6602 9696 1433 8985 7723 6489 4224 8135 123 2121 8635 1148 8414 4216 1231 5716 7767 4084 3093 2833 8796 9469 983 1549 136 426 2088 1084 9699 730 2282 4841 7355 4738 9185 2678 7161 4969 4287 9757 9042 7968 3756 5999 4204 4546 3622 5859 2963 534 
527 526 2827 2998 762 7436 3365 238 6066 5417 9094 2187 3072 6363 2527 6502 5869 513 4453 5589 425 8288 5930 4409 8052 8231 9352 4142 2096 5104 3158 9943 3986 3987 7940 4459 2453 2404 5118 2348 6124 1875 4944 3173 3350 7035 3999 931 5544 9674 1363 9202 7559 1132 557 4667 7028 1625 6202 3625 1166 3500 5907 4495 8397 2181 1078 4634 1394 8671 281 8807 2278 5186 8538 659 8277 5630 9332 5892 9342 9670 836 7754 5700 4419 4345 8693 819 8608 8652 4658 4324 48 3635 8908 1349 905 3871 1864 784 7813 5389 2488 8639 3089 954 9932 9947 3582 8400 2979 5634 6390 5113 7415 4642 9934 6175 6552 4381 473 3402 5077 8358 7988 6342 1193 9420 4135 7970 3558 6690 553 6926 4920 8584 2378 3794 6198 2083 7380 5551 
1412 1411 8963 4001 6898 3476 5836 4781 5890 4433 9090 4761 9625 2993 4828 8618 5263 9372 5692 1621 5646 4997 8303 5124 9883 9011 8878 9431 7995 4927 2509 7701 9591 9474 8883 7999 6465 3348 30 1522 9664 9015 8247 636 6209 7421 8710 5454 3554 5788 6822 4803 7445 3951 6691 3164 8469 7087 6496 163 3783 3665 871 4805 2615 9767 314 1393 3700 3255 632 1585 4284 746 4304 3737 204 2554 7680 6743 6425 257 2590 4778 2714 7434 337 4837 7941 8729 3119 9021 4172 3634 8523 1340 3615 7780 1908 8698 3988 2124 964 7728 5125 1233 1236 9948 3449 8912 2081 5038 3246 1969 2507 806 5686 9087 2382 5940 4405 418 3368 7685 6328 8391 6217 5901 1386 4052 7987 652 5092 9823 1478 2501 3385 4041 4818 2389 9455 2670 6165 
3005 2296 4716 5948 4014 2650 6657 5712 343 4887 3470 2899 5928 2978 3878 8721 2010 8244 7639 3430 7180 5987 893 4534 7831 9570 4947 6118 1695 6459 7859 9529 8350 683 8586 1683 7291 6180 7596 2699 6652 6583 9956 165 9074 4590 7148 363 105 3881 9427 1718 8220 5434 7412 563 5847 2030 4862 7538 2358 8305 4082 9628 9182 1802 6379 732 5366 7637 3051 15 4317 6660 4916 7885 3742 1822 8017 6736 5632 5175 9065 2263 7073 4445 4563 5799 154 524 8829 4091 868 1180 1200 2926 9062 8024 5953 8281 8464 8436 9616 2933 743 2235 960 2141 996 1163 5272 1054 3478 862 2395 1059 5915 9404 9689 4110 3024 7793 5745 6707 7061 4666 6824 1726 2909 2400 7103 7216 2324 1257 6117 4093 3976 8868 5020 8282 7119 5870 5382 4369 9941 9049 2078 8556 5510 
2297 7076 1470 5660 6780 408 4715 1365 5004 297 4079 9371 9330 2718 1420 952 9739 934 9216 810 9822 2034 574 3354 7121 1680 6638 6105 9470 5242 3984 7760 8714 7111 8114 3515 9592 9828 8352 8411 7773 4174 6360 991 519 6713 6536 4439 1848 2192 6640 7635 4187 4726 2063 7997 5165 6973 5119 7971 7913 6929 9826 4049 6969 2312 6404 2443 2832 5249 7799 3185 6762 5025 2853 4859 2529 174 272 8512 2200 1277 7234 969 1281 9541 489 4596 6625 8513 4124 4071 7396 1318 9338 5781 6355 8158 885 2531 3242 7826 6382 809 8403 5538 2041 7293 2183 5681 6548 1238 9937 851 8472 1431 9576 8332 2636 7144 5606 5350 6739 4202 8983 1075 1852 2007 8460 8568 6904 2341 2845 5821 3934 6550 3376 3912 7924 2754 8452 8814 4489 5172 6588 962 9715 
6663 1648 4774 8314 1582 3293 5659 3712 7501 2303 5668 4748 1129 2285 4879 1896 5766 6304 4665 9621 1761 1892 8008 4335 4525 5537 6599 8074 6481 8526 3450 2165 8408 6934 8763 1391 7526 93 1873 7821 8245 516 283 8543 2879 7953 1167 5002 8623 4911 3962 4108 2013 4462 7255 6619 4521 6143 9544 9092 3605 7984 332 5511 4293 4116 4508 6201 1309 6077 9761 293 5057 9583 3373 6247 1038 6045 6452 2169 7249 1998 8811 315 7636 413 9111 440 766 9145 8906 4741 405 9239 5664 8801 1738 5782 7042 7063 5090 4096 1468 1576 3104 8388 7074 3539 997 8236 3609 4342 7771 3120 8690 7710 2086 2599 5290 5273 5500 4662 5667 9091 4797 2719 4406 383 3366 6685 5409 7876 1547 1379 2850 8927 1901 5269 5089 7575 1490 6095 8627 8407 7803 2422 8273 3730 
5896 4952 1647 1175 7311 9134 1523 474 1583 6243 8209 1760 1955 6828 8154 9017 7595 6734 5314 1525 7265 189 6413 161 9549 8310 1223 4868 1938 8124 3098 3275 5517 6579 6403 444 8409 7349 741 564 9945 9001 1213 4646 9838 9133 3053 3882 3232 3114 4734 9513 368 7625 1499 1650 8090 2346 3749 1520 6645 5224 1933 6232 6173 3370 498 537 7617 2666 2190 7264 1225 2502 155 3656 5449 9263 2564 6962 573 1392 134 3320 5250 7426 292 1704 1410 7427 4011 8656 84 1000 2505 3228 311 5689 1156 3694 6565 3655 3388 6559 3196 4106 1172 5720 2101 5997 2145 3501 1259 4623 4182 8715 1055 5302 7649 6985 5018 7085 1799 5044 4582 5746 141 1278 4312 7213 1724 2896 2361 5585 8096 3258 8381 2618 4094 4898 4631 5114 1858 1161 3617 5391 2153 7398 4743 1950 3225 5370 
1884 4126 6839 3771 880 5889 5961 9619 5436 1700 8205 9489 3294 7955 7914 8183 3784 6341 39 2836 7770 8546 6384 7851 6002 5410 5397 8419 8487 6089 9688 6402 4337 1328 6521 4987 2807 5757 2865 7113 7822 3879 7301 7363 8955 5121 2171 8746 8451 4434 4648 8982 6901 8227 4103 6948 1073 4836 4077 9270 9641 5965 7125 6555 9367 1107 6383 4857 2746 7951 8107 6869 4681 7004 5170 7326 1336 2353 8371 9048 3143 6591 8659 1492 2475 2059 6761 3401 8007 6251 5857 6989 8076 5942 5566 2530 7846 4147 4275 700 8757 4376 2033 818 7208 41 8689 5563 212 1909 5095 8593 3068 3213 1197 4481 5293 4189 8678 1749 6099 7331 3671 3853 324 7473 7862 2257 2813 4228 1691 2835 2330 7456 8643 957 1252 6100 8938 334 8629 394 6741 1203 5854 3451 2163 827 8674 1962 1004 6213 
1589 6662 6132 7547 3837 9553 998 4184 3424 5371 9193 6479 3367 4551 6282 7564 6649 8032 3943 8251 2726 5648 2506 6944 4238 9293 9234 797 5989 2922 208 385 8824 1096 5874 4340 8884 2748 5590 7006 6301 8422 401 5239 5356 5560 6027 4471 1312 6792 7361 1068 6103 9459 7353 745 175 1984 6575 4562 4639 2425 4575 1894 1945 3507 7812 7622 6442 1206 6337 6153 6312 7814 5734 160 7610 448 1409 9283 5051 6979 6823 497 6764 1496 6112 6628 322 9756 7906 8725 2752 3047 6351 7274 1157 3683 202 5835 1469 7391 878 2553 4540 6484 8108 2750 2749 7739 5209 684 7965 1190 8430 7695 6053 9622 6845 3520 8713 9681 3263 4438 5408 6412 2552 1043 9795 1976 7036 6748 4735 1665 5977 5811 367 4308 7378 5156 81 5918 5988 2198 9399 3687 1965 7221 2340 
1471 7429 7488 6308 8917 4355 1641 4061 3778 7601 4120 4311 3721 244 7580 5764 5294 8854 4468 3109 4750 9806 5353 7108 1251 6769 6120 9629 3052 5235 7051 8942 9884 6818 1568 6760 7290 4990 9414 634 8304 4941 637 6065 460 6359 3704 3903 6622 8859 4380 540 6155 5970 4954 8738 7558 2602 1402 8751 1029 2379 7786 9813 6817 7500 70 981 2299 4215 7281 1705 6683 2883 4529 6806 5395 9610 514 2706 3775 6161 4745 5834 6323 8118 7175 8302 2631 2022 5234 9794 7192 6511 8398 6618 8167 1940 4924 433 2413 9397 1354 6171 6600 1904 9552 3652 4637 6372 4494 2199 8683 4505 1215 9463 6078 1065 6257 5148 3010 7747 1675 3555 8204 9276 8971 914 3403 2316 5333 5274 949 2776 8171 276 4013 737 3720 6613 7098 2904 3445 2164 4556 4749 6631 5682 6149 
4775 7017 5777 2290 520 1464 939 2999 7305 1228 2781 4709 6421 8604 5613 1870 1798 6730 4783 3017 5183 854 8524 7049 972 5676 100 1931 3434 5412 1046 1623 7110 4869 9 562 9648 4046 5934 3397 6298 4222 4351 6832 1404 4885 4472 695 2347 8564 4412 2433 4176 5021 9249 3690 4757 3146 6455 9413 3035 2032 3606 7753 116 5860 9112 3723 144 892 4036 9518 5591 4904 4811 3261 6133 4404 5428 6211 8201 1415 8062 5368 2322 2031 295 8812 7847 6015 1527 9180 4425 3769 2966 8867 9408 2950 9373 9752 7958 2440 7627 3651 9734 3517 5984 396 1179 842 3616 877 7690 1030 9416 2735 4511 5267 4478 3621 4654 3858 7591 3993 2576 831 1851 1771 5214 4683 4448 377 3333 6470 8594 6980 6790 2837 2854 4802 4499 5264 3848 7574 6916 3966 5752 8948 9007 2434 2125 3874 
4067 4893 9317 4479 8957 3765 8793 5594 1169 6020 9448 185 2840 5943 2722 7678 6553 4888 808 227 2934 1605 102 6815 454 1326 6577 1693 1664 6472 2981 8173 8998 267 9825 4871 8234 4105 5048 4518 5402 6947 5708 2997 7422 8779 1108 1961 5946 9808 627 8977 5473 6586 8153 1737 6627 850 9506 3808 7040 7925 942 1128 2620 4392 3459 9805 5911 8375 5283 2721 5068 6719 7874 9638 9375 2794 3685 7018 5663 9830 197 9889 759 9406 7579 2387 8521 8790 6633 7181 9579 3679 5838 8198 2741 8018 2613 1905 110 8318 8613 5976 2730 4150 2234 1023 8003 3464 4655 5385 1432 4209 9929 8673 8059 6471 4674 5151 6446 4271 5549 3791 6729 7109 7296 1183 369 9146 8695 5586 4565 8396 9268 9677 4152 1891 3579 3777 7692 1016 2518 5741 6158 431 2437 6326 2673 
6191 1883 3889 3188 2355 8491 3647 946 9435 5122 6144 7542 1782 6651 7403 7320 7484 5891 6148 9350 2578 71 2755 5043 618 4193 9776 1230 3944 3629 6816 6698 7170 5813 8825 2688 6937 7645 3230 5403 1332 5826 9543 3938 5947 9782 6381 4707 9663 3785 9685 1253 2628 1414 5513 1796 5041 686 2910 8798 8317 242 7460 1022 9636 4411 2603 7618 1010 9329 970 6509 7694 8680 1330 4482 4268 728 3002 5289 7493 8001 2970 7830 294 5160 4265 8312 5833 531 3106 5303 1559 1780 1045 49 4442 1731 8731 1173 7809 6546 9701 1334 8516 8866 5775 3693 3891 3711 8136 2241 3556 4242 5101 5268 4506 7211 1692 3521 5079 57 7553 1793 3437 9050 58 9736 554 1868 8037 7624 1633 9382 7024 251 9875 9150 6377 2046 8005 9285 8455 8855 4325 7693 9362 2146 5054 
6545 8197 4066 6957 7423 9671 8190 2716 2585 8734 2421 8250 6671 1483 2962 3198 1479 5790 6325 2814 3898 7071 3745 7130 751 5574 2372 4704 5825 4101 4940 1388 2862 7228 3512 3394 7585 2394 3101 4458 6996 9366 2109 7655 9310 2702 7776 282 577 1130 5142 1226 6386 622 1886 9282 6737 1027 8267 8356 3636 9584 6910 9354 7774 542 255 9780 1343 419 9084 9346 260 1787 7807 5331 3152 7454 5540 6192 8458 8860 5744 2870 558 6983 5071 6726 8034 3415 665 9198 3399 2773 6060 6174 5376 7190 6923 128 9357 8591 6466 8195 3221 7706 8479 7927 2149 7691 1944 4386 3085 5099 6467 9534 1775 6921 5795 8202 1830 2458 4428 8509 7848 4912 4679 3968 9561 3663 2306 8619 8160 3260 1372 2483 8025 4861 731 5103 8278 1240 2906 3307 6449 4615 5136 8334 3132 4074 
9318 3123 4302 1405 5430 6361 6603 1878 4414 533 9212 6079 3981 181 2409 5023 8185 7011 6354 5176 7505 2932 8841 9955 6776 5515 4711 8626 2460 207 1044 2744 9765 1093 2275 3869 92 3338 693 8835 4056 1991 2289 9192 1994 3823 2996 7008 7244 2111 4788 2760 1579 9333 2102 4685 5688 791 2110 2948 3210 7517 150 5867 4274 78 529 4078 8541 5789 5742 4044 3610 8579 188 6469 53 7374 6661 2003 4601 8808 7459 7549 6070 1357 94 8833 4939 625 75 7236 4273 8119 6414 8276 253 7077 9609 6313 3834 246 8169 1475 7804 787 8152 9939 6507 451 8040 8694 6702 8666 7351 4644 5074 3126 4535 1783 6454 3073 6434 1008 4548 9207 1734 6394 5974 1419 9882 9148 8182 8535 6267 6176 8450 5864 9512 4502 629 7683 9812 848 6082 5738 4076 7730 6141 8263 428 
7430 5778 173 1588 4361 2060 8669 1352 6420 2954 521 6498 1524 1642 9035 403 4260 4850 7602 8976 4112 876 8015 2095 2132 5056 1859 2521 336 6474 856 897 5635 8290 5282 975 4574 7409 1980 4813 8471 9946 870 4823 6714 2463 873 7658 9309 2959 132 8896 9390 4793 6096 6324 6429 7589 1545 7676 3028 3007 9000 8463 3197 2207 2582 2898 1805 1912 7091 2253 1284 9510 8769 9923 6135 7225 6718 3738 8298 3224 4365 6997 1319 9450 610 8951 7903 1399 2026 7922 2654 1491 8180 2537 1351 9242 392 9729 9535 86 2901 1930 8547 8260 7079 5809 8670 8630 1941 4660 45 3873 3438 4504 3442 156 7284 1254 6031 2223 4017 3484 9856 7437 6727 1557 2791 3958 1608 9056 5846 6411 8525 1674 2206 7199 7801 7758 7449 2029 7557 7081 2930 5608 4607 9126 4211 6648 5665 5693 
232 8551 3004 9554 9967 1293 4073 3247 1418 5731 4356 2467 9076 6835 1243 2991 303 6620 220 4901 8537 1387 1074 3404 7405 4571 7711 8095 3037 4378 2431 561 4217 1918 7937 3220 2806 8703 2217 3810 8186 3112 8363 9425 9900 4177 6182 9899 7684 2492 304 7802 9958 2674 5671 6988 4844 142 6809 8179 1756 4982 196 4333 3231 3695 6378 9556 4942 852 5814 8684 5932 7845 2859 8221 1907 7155 8711 1534 8965 1845 6035 3818 3911 2016 641 1517 2123 2062 9301 9692 407 7166 3855 9832 2977 7948 3222 7749 767 6348 2908 8049 4917 8103 4418 2472 861 3497 4452 6820 5765 1239 2503 2765 4526 1207 4240 8106 4653 5905 318 6255 3305 9764 8696 82 6967 5844 9618 310 9160 5087 5575 6611 9559 9635 5863 6623 4507 7516 5055 664 9753 4961 5256 4100 5037 9351 1632 2695 
3890 9495 1235 3240 8728 6951 9075 9966 6774 7556 6612 3530 5318 7261 1288 4374 2211 9129 2468 5006 3288 2757 5655 146 6068 9953 4527 8480 345 7641 9424 7818 8716 2983 4282 1211 1329 3751 3692 8648 3997 9071 2758 1932 5298 9250 2374 1462 3645 3436 3822 6868 9269 6050 7171 125 6114 321 4226 9485 922 4331 6252 8225 1009 4010 247 4221 5098 1914 4095 2485 2320 6113 2725 7976 9596 4865 5599 5185 3067 9496 2885 9773 9423 1888 7513 2103 8988 3932 5067 507 5622 229 938 6447 3668 7931 8194 4205 118 7046 69 1592 1295 8650 3502 7282 2396 7787 8877 5643 7278 4627 7313 4622 8700 4484 5033 3598 2024 9209 2087 1032 612 6621 4819 6963 5800 1337 501 3274 7675 7390 6918 6906 1327 2538 4159 14 9462 3816 7498 7345 8438 3563 8830 3899 1421 2184 2802 
1825 2120 6190 7606 6656 2001 9730 6793 3957 8323 6185 2822 7129 830 1407 3312 7973 2364 2305 9566 2195 6710 7189 5786 7151 7269 8172 8349 8301 1702 9763 4 1031 4751 6225 5222 3924 7467 3514 5343 3396 5992 4882 8540 7891 6475 5888 2112 1403 8837 3077 8392 3431 9921 9211 1658 1600 2889 6417 4490 1296 5198 804 8874 601 2240 9879 4385 7163 4613 5656 824 8625 628 2489 8228 1041 5604 2652 4699 3575 2337 6940 2648 2065 6365 4092 3856 1472 9026 9196 5893 5626 3008 3835 7257 348 8672 6011 493 2588 4799 4129 7375 6397 7840 6392 3124 2159 7138 2160 3422 8978 5171 2767 6490 1939 153 8093 16 2989 6668 1960 5 7083 5610 8676 7650 7002 2611 1681 536 9335 5939 7616 2441 5620 7026 4843 4936 9935 841 546 7886 3739 2677 2201 662 206 6092 6293 8053 
7489 8911 6544 4060 4951 3830 7541 4002 7908 6140 7560 4315 5182 8921 716 6775 4669 7462 712 2226 2580 2549 3760 7993 5705 602 2313 404 5102 6236 2685 3701 2390 2626 4396 2154 1152 8953 3455 978 9709 3809 2630 103 4115 3820 2938 7304 1816 6772 4825 8954 5265 1430 2779 660 2858 4698 1697 9577 9038 3677 9230 8148 3682 4786 8876 2740 9682 4285 3488 1304 3243 6291 1147 3813 6087 6902 8826 833 4208 8482 3852 9611 9847 4387 3030 1923 5917 8549 764 8296 9634 5647 2398 6549 5407 944 5994 9600 76 320 9106 6248 6961 5508 5304 3620 9594 2402 4383 5776 4520 8437 5750 1474 4542 7310 9010 8597 4231 3496 3593 6505 9205 5962 7227 3156 671 3580 2105 1906 1316 300 2080 5028 5451 4759 6196 2635 9340 8761 4513 8086 7688 9799 888 9066 3083 4497 924 6814 1611 8466 
9259 2710 822 2945 2237 5771 2834 2054 8146 7849 5358 771 8795 3253 9684 9784 6186 6000 6081 6679 2742 8832 3375 5596 5810 8036 6207 2351 9667 3747 2152 1210 9353 8685 4338 8468 9356 1803 5815 210 6711 4292 6582 3407 1283 4233 4649 2052 3587 6418 6032 4557 6558 1307 8553 5383 9569 7146 597 3400 8520 9643 7991 9603 3959 6960 3046 5140 538 7204 2805 4149 6409 1127 27 4057 5683 3631 4305 606 7510 9102 2612 3026 138 8785 6515 4776 5556 4183 582 4855 4992 6237 8919 7038 6017 3877 5009 5546 4050 79 2572 5897 9693 5927 4088 4914 364 8041 3893 8489 1763 4994 7096 379 777 4286 5126 9933 1020 5982 8820 9774 4086 3680 9264 1311 5096 372 3569 1338 925 1844 532 2717 7179 6294 5728 973 2601 4072 9876 4664 8990 3897 140 2778 5972 4170 4566 7791 9302 5564 5075 