144
4834 6013 1536 9194 7265 6199 12929 834 3996 12048 5751 8067 5521 9178 11892 3410 1758 6773 10843 2347 3495 7224 10454 9418 3554 3441 13458 14146 2523 2102 8022 2464 7078 14710 8311 1059 450 5139 10848 13036 4563 12323 3169 14128 7927 14550 14185 3401 1349 1239 5516 2444 3462 5585 6849 5665 
12622 13205 3235 5843 7261 8192 9188 9645 14896 10189 14585 12241 12718 10536 7113 9720 12994 9132 11433 13756 3197 1153 8266 3918 10382 14816 10180 2215 635 1435 12565 144 4929 9169 4424 12034 2975 1056 10789 187 1024 10285 9579 5857 10776 5621 10866 7664 12410 440 5148 4507 2164 13693 14731 
12032 8970 4538 10314 5908 476 4350 8301 3109 9542 13436 8943 12837 14842 2453 3200 5206 5909 12717 8279 14066 11275 4090 10167 11727 14466 1073 2797 6063 8710 7854 10807 5421 11188 1029 1770 9556 7367 3775 3029 3803 1146 2665 11505 12448 14338 2892 9976 10874 7624 3090 
14038 14037 3830 9134 12969 13796 5889 10923 5890 5360 3096 13502 13582 12187 12482 8412 12989 2020 12876 13640 14415 10488 9595 5435 6653 4647 3926 10657 11116 5296 2805 1145 3619 1020 4446 3513 4891 567 14978 7251 643 14920 735 11879 5761 5051 1249 1292 5311 11105 8851 1303 10520 
14805 763 3004 6721 4769 5318 1111 2350 9940 2056 11487 561 2508 3396 5403 1273 13638 10806 10430 4943 1344 13419 14697 2379 10016 7176 9615 14112 11103 8043 14015 6870 8833 3652 13430 6650 2818 311 13311 10599 8135 7056 7728 3508 4804 4779 5598 1297 2732 10918 8619 9689 
14274 11265 9979 6421 6715 3825 6612 1761 484 12184 2744 9216 8766 1095 8956 1404 14646 13911 6123 2856 13225 14228 12632 4857 9295 13122 8166 4895 9531 4259 8435 13007 5603 41 1944 6660 1526 5009 9457 13326 8909 14362 1534 6576 669 3206 12442 237 12017 5391 8813 14355 
6492 8491 12392 2480 5550 10905 5558 9018 1664 2941 12361 8825 11715 8117 8800 6799 400 11460 4457 8482 4744 12357 3007 10054 12199 10252 13399 3370 7972 6837 9408 9729 10875 3458 6189 170 9398 14963 5938 6366 13376 7274 14202 9550 8700 9691 7498 11700 12488 10407 14517 
10911 12444 762 3778 993 7475 7501 4260 1300 10628 13377 661 4340 624 9272 2996 11637 14737 7893 1366 4883 9131 3310 8258 963 6792 8356 2746 14289 3526 12741 6473 9773 4798 13157 14230 10024 8226 13210 1618 5303 9003 4505 4189 5691 11405 11409 11329 477 7216 12054 
9141 9311 2126 1542 815 11967 14070 2954 6671 12536 8685 3806 14427 13451 11598 7763 8982 3173 7448 4493 7230 12848 4580 7491 10500 13813 4149 14584 7930 6324 13687 2573 4836 9138 14121 8847 11516 6231 6211 12898 9172 11150 12389 12367 14775 14771 6630 4094 12214 9184 12884 4135 
7548 13513 6020 12988 9920 7365 2409 9468 8664 7543 7180 1683 13190 5226 5236 1189 1286 9250 4375 1794 9641 9569 11819 7512 12683 6286 5965 8199 13261 13654 8252 6409 6820 10443 8843 8344 13435 12626 10714 9467 4186 2318 5040 3709 11367 3840 6727 9104 1901 785 
9973 5188 5187 6480 13515 11199 5056 535 12571 6931 12490 4171 4496 9414 4399 6701 1784 4944 4616 13520 5710 10462 1010 5847 11642 14192 4318 11065 13596 12060 2333 3802 10075 2784 1710 12152 8375 10934 6628 9461 8099 26 2553 315 2059 13233 2793 5031 8750 11388 4640 4253 6491 12995 
10321 14864 9385 13678 6728 9409 11017 875 1105 3465 1969 9247 6875 2158 5383 12437 2406 11337 13391 616 11398 4862 1187 832 3134 11339 14310 3033 11157 13235 12695 541 9086 8280 997 13704 9594 12266 8437 1550 2832 3242 8434 3385 192 9386 7043 13197 6023 
6899 8544 8249 8250 13560 12726 10471 7542 2073 987 12477 6992 12903 2093 14115 564 13958 12817 5002 1017 10666 14905 8424 10631 6024 10172 11465 14892 9320 10705 14715 10273 812 12830 5406 3473 14944 1826 1669 8198 295 9456 610 12314 9170 9829 9063 6865 2988 12714 2682 10697 5492 11722 4743 
7436 1123 1641 2244 10674 10374 12630 10530 10117 5086 6059 2578 6583 3160 6760 5378 8918 8071 7421 4575 1663 9695 13653 891 7499 11660 4156 5570 6876 5683 4772 1512 10013 13589 10360 13193 4890 12914 12264 3127 11734 14744 8513 5842 449 10694 11711 1358 10305 
3247 9442 9678 3588 1601 5027 14522 9881 12844 1361 9365 1348 3337 4164 12699 1489 11315 2487 4567 3867 1553 12663 9249 537 13754 12527 7382 6319 7892 4401 7158 14136 7351 1924 7018 1451 6414 8842 3093 9338 13740 1513 9552 12120 14081 4379 12159 7801 9302 12467 
4244 4951 7025 4178 8213 12866 5672 5587 14483 13089 2213 4534 5496 5579 2924 9277 8365 5614 4530 781 10312 12050 8284 11314 9287 6634 2889 8887 5755 14040 14854 9727 8313 5806 118 3616 6237 9637 10426 13403 2377 4183 8903 13055 4799 5881 9797 5752 10820 14672 14671 
14103 6787 4297 2952 8834 10687 11867 6730 5456 1302 9245 329 9060 447 14882 3468 8151 6665 3448 10480 12709 11570 1600 12003 6240 10095 9354 3231 14238 4301 4168 5994 12706 6382 1732 9670 4981 9583 944 7804 10582 11768 3678 8388 898 3777 10638 9394 12950 
940 11802 12734 7901 2191 14463 12339 5530 11415 13670 12772 5412 2882 10828 12247 4223 8805 8210 363 9572 10280 1545 6927 327 1599 11983 1414 5100 12633 13017 3046 1222 6674 14361 1196 271 13173 4477 12119 3078 905 439 14691 14718 5160 7791 6755 5787 60 2990 9563 
704 4355 4191 8959 6502 2246 1739 4453 2270 3157 1034 13072 10948 5319 9395 14056 5678 11551 13360 11452 4444 14348 1423 10351 4432 9746 8844 13891 12368 4386 1336 9478 12507 12297 3797 6212 5696 11414 9204 9968 12441 1987 11239 11872 14376 3027 12312 
3005 5548 11572 5895 6321 9566 4335 8677 3878 5869 10632 152 1804 6877 2964 9980 931 1212 4411 9000 9564 9064 7407 9348 10921 10618 2445 3979 9668 128 13726 10732 4720 8218 2547 4418 6323 10974 2263 14573 5175 2035 4169 14173 8027 6845 14082 
8793 10504 11094 1170 1230 5196 5713 3426 3981 7855 3509 2469 6523 4045 9769 2959 10667 11283 6617 3586 14523 6740 12104 4739 1945 9721 10155 7681 5966 1383 694 5140 4213 9910 12789 3703 470 12189 10637 3360 14847 292 6601 4501 784 3710 3875 3956 3558 7626 13314 8206 
2946 9259 9625 4237 12735 5436 11200 8821 8310 10060 5823 1919 1921 10830 13426 10044 3431 2369 8564 8628 6763 1717 3433 3800 753 4095 6379 273 793 5553 6088 13627 3443 1898 2792 13473 13209 2027 9242 9406 2912 1854 3162 777 11210 5744 296 14012 4133 12998 10423 
7672 179 3294 5666 7446 14437 10742 1990 2165 5941 2468 1506 1508 5108 4517 6563 1167 12672 13112 262 13163 2976 13286 7322 12696 804 14769 1099 7866 1727 2558 4275 8357 7240 2590 5396 9544 6253 13018 7687 9534 9475 9555 4447 6217 2872 9281 8379 10895 
11625 10150 3771 11690 2659 4238 10986 11214 1813 12933 6887 14486 9296 3456 3573 10452 3587 1602 13262 2253 7736 7276 3998 7445 2489 9053 6686 9466 5111 4476 9697 4865 14373 4461 2160 12605 4991 1491 1570 4231 14808 12764 8948 4971 4084 2341 613 
3123 3365 13159 13677 13624 8072 8251 6472 12040 12925 13126 4571 425 6048 7347 8114 6936 4292 8779 4236 3114 6381 4439 7089 596 4588 17 1540 1442 8109 5447 11394 11896 6850 11335 9518 3507 4688 3280 4422 13077 10824 7787 6001 9821 11366 7823 9659 8705 9788 11084 2092 5150 5940 6884 5679 5822 6729 13512 12041 4369 7515 
12327 1765 343 10609 6494 5082 12748 13023 2226 2069 3155 10906 11260 3511 6465 4928 11361 14617 13437 14266 12163 13874 9781 13230 6438 8815 13307 9683 13301 52 5216 1461 1625 10298 1094 6487 1791 2977 9437 10999 4622 7215 10748 12980 10185 5346 13317 10672 4712 8945 12013 7605 4800 4546 9344 12155 6925 2861 2550 2813 3091 5273 
2002 9671 10327 3249 10373 4665 5300 3072 10256 594 12815 4586 11074 9785 13660 14961 8883 2571 9366 4767 1876 11020 11342 11219 4844 183 9400 4293 9118 129 3741 11988 3092 11916 14728 4495 5144 6397 11289 5420 6608 14980 7746 14834 10201 12963 7594 9322 13934 8119 2783 7074 438 81 7238 3191 11095 4723 5266 3659 14366 
7784 7783 2008 8603 11568 10681 12085 2940 12195 3611 11489 11076 5692 12243 6226 857 9235 280 6003 811 873 7658 10983 2551 4423 7589 13063 1237 9831 13607 2122 6350 1840 13105 6456 3880 1946 2987 10325 4983 7444 6810 9432 12913 10435 6195 14507 13327 6939 14556 8489 4122 3888 5068 8691 8991 8143 5923 6176 12759 1299 11114 
5483 5482 7954 7777 5491 4840 12697 2722 168 13873 2646 10270 4807 5930 9707 4576 575 10949 2109 3823 3055 12967 9159 4139 2869 8345 9978 12388 184 3684 10863 14934 7125 8856 11196 10644 8718 6423 850 5425 9144 14471 5411 11740 3357 625 14884 7726 10636 2495 8768 1367 11227 3024 13453 5457 3622 11014 7616 1025 6328 
13507 1412 467 10451 185 6244 12752 3273 11082 994 6797 14662 7639 5871 3099 2804 14547 4646 6655 1816 1698 10339 7679 9092 2969 14946 8987 7576 175 14403 10939 4103 9405 4097 1821 8811 9196 12979 6392 1694 1258 910 4639 5702 145 2457 4064 6222 10645 2536 851 10324 10186 9108 1254 9243 14831 10505 6637 4086 8615 
5011 1477 284 11264 7141 7659 9094 6789 5377 4394 8347 10884 5707 366 13246 7524 7114 9238 13496 2112 3141 10784 2728 1776 12822 5769 2995 5945 5119 10993 1086 12296 3905 12220 11571 7184 5730 6448 12705 9024 11827 1533 8354 2182 4686 11085 351 12249 14396 12470 2395 13951 7396 9520 13845 3083 7119 9351 9266 12784 2719 10247 4454 
4421 3653 6302 9560 10846 7462 13618 7049 13342 4630 3544 5735 4632 10709 10710 4990 5992 4174 2053 3764 11814 5619 1108 1127 14643 6752 8140 32 1718 2051 11529 13109 8030 12514 6227 8281 11779 13962 3620 10818 13831 353 11675 13982 12915 8475 879 14888 2531 3980 3970 12111 536 10680 10210 10767 5800 13593 3317 12749 13575 
3595 13152 11920 13100 9916 9861 757 9035 10552 6953 14328 2292 13405 9765 13365 680 860 9310 5298 6150 1548 8070 8802 609 11634 3782 14138 1499 14540 4628 1507 852 14618 12022 214 10277 14717 938 13038 7020 7470 8319 14851 6987 11112 2848 3851 6205 10204 3065 410 788 10930 4759 5205 5018 11940 2743 13175 2399 6921 
6551 7371 14680 11448 5654 10610 3603 6893 7298 11863 3080 11887 207 779 6639 13662 623 12847 2935 2463 2820 4648 5088 6241 4788 6291 2150 2582 13358 1048 14658 13332 3252 1245 10213 13950 3457 12702 3003 6408 3478 13823 12338 895 10700 14668 1705 10908 14549 9836 8195 79 13764 8666 10798 11368 241 12924 5077 780 12572 5468 11282 
4126 2120 13447 1418 9961 12864 1287 5432 12715 403 10337 4879 13906 14859 36 13308 2394 13604 5357 7953 7244 73 7389 9036 5388 12835 4726 13459 4693 14815 7361 2720 11688 10509 8659 3474 1381 14417 12942 14062 6666 6157 1646 8142 5331 12269 11502 139 13724 5976 14219 7568 451 3451 3966 3746 8506 3435 7673 13068 7651 9337 
9672 14214 238 7128 4356 11731 5314 6067 6579 9903 11474 12079 13187 12479 10356 14014 3748 7173 11847 1463 4552 1543 13793 8033 5737 11649 5511 3841 4137 8612 12894 10113 10526 12919 12121 14375 1711 1296 4543 9107 2103 558 9482 3143 14316 4155 12170 8582 13413 354 7509 14213 7909 9067 8653 14966 9630 7026 12641 6154 11636 
6014 1936 9430 10506 2939 639 9607 14282 1754 8782 3050 12520 2814 12617 8291 13129 9591 1329 5649 11729 3941 368 7212 11739 12460 12350 14938 13340 242 13471 1619 7019 7087 7740 2779 4116 10735 1376 5643 9996 9616 641 3438 14889 2259 1614 371 2770 3593 13966 9246 14631 11534 6446 7473 12698 13762 2434 10402 12419 8497 
9790 13690 8913 12497 8500 7560 8486 13869 6415 12026 8369 830 7521 11533 4456 3397 13545 11303 12021 4965 4884 7035 6822 9182 3205 9110 4672 2877 7471 563 222 11747 5808 12106 1158 6581 2180 9465 4579 9113 14690 4248 1528 5690 12465 14903 13108 3283 9751 3550 5566 119 4919 5409 5821 6276 12767 3444 11191 5568 
5837 13808 3647 12556 10097 6203 1656 13914 11430 8775 5397 12263 12027 3984 10064 10831 13486 8481 3056 14110 11138 11991 3075 1014 10854 2261 4870 9459 3264 424 517 13548 14179 1787 9638 13033 4269 3480 1704 961 2267 14388 4360 12206 3025 13806 12033 11348 10276 434 4957 14886 13335 11888 6141 8442 2163 9951 11957 
14746 14044 5836 14150 9312 10569 14327 716 2899 10191 1074 4645 11769 4909 1978 6170 9061 8363 4118 8602 12200 1666 309 9368 8810 3330 14374 12494 5898 12506 2864 14276 9969 9944 10233 11955 8646 6482 4553 10464 1197 4393 11836 13167 134 13746 13505 6070 5883 3405 1030 10554 2219 466 5811 10579 7060 7508 3166 12590 12075 383 7083 
10616 3831 9665 3371 11317 1951 8832 4828 2958 1988 5517 5279 1306 326 9001 13424 9827 634 4823 14856 9722 3082 2170 7620 4793 3035 12868 2386 11360 2771 8115 904 4685 14079 12593 3518 1190 4564 14100 10499 9734 11294 9433 2416 7219 1649 2064 14649 7942 3272 5227 7277 13570 6092 9521 12172 4100 16 2424 10456 9286 2083 
2828 11324 4066 14280 8675 40 14113 7285 5849 323 3021 11369 4239 1385 8881 1328 3102 3751 991 13675 9899 4198 11197 14420 5612 9025 1748 13694 10344 13714 10736 9565 9872 13096 5369 13022 10404 1728 53 8968 14983 6136 937 11429 2107 2724 1089 5917 12035 2824 5685 8794 6739 3381 11874 11055 8501 3638 6316 
12504 8019 13041 5902 9842 11391 12811 5528 7733 1975 11930 9601 14231 4868 1801 7642 5402 12424 12080 5593 13643 132 6204 12711 12987 13189 14048 3323 863 3467 968 6044 7327 1617 668 1216 11311 10345 138 7358 9981 1179 5879 1173 13841 14379 14836 1354 9786 13431 1408 705 4969 6385 5252 4603 6139 8518 1379 4270 12745 
14215 6374 5476 14562 5613 4532 5200 10728 4121 12785 4475 7130 14603 9254 977 4695 9956 5944 1283 4531 13820 7303 12109 4621 1027 9438 12279 2633 3872 10744 6339 9761 8882 1355 4519 3985 5404 6998 14632 4376 6624 14126 1940 2418 7257 13980 4747 12289 6102 4245 13892 2668 7260 7378 11447 1434 7161 14883 2955 13290 
3536 8255 6656 9088 8131 580 1833 9452 9206 515 11871 13069 1400 10477 4515 9533 11136 12812 12142 3077 2605 6853 11629 9654 4373 1069 1899 4254 3964 13602 14226 5801 8812 13784 2476 12466 3651 4838 7941 12685 2145 6812 14683 6340 9610 7293 2141 10361 10116 13628 469 7338 1278 667 2432 4784 10466 2774 9640 1067 
13684 12202 9140 7259 1583 3529 7682 1031 4732 2049 6000 9549 2580 9884 10063 2630 3692 14794 10457 11278 7539 1425 9105 1191 13497 13838 6396 12337 6817 4392 8861 10922 14264 9019 51 5894 7455 4973 2562 2986 2693 5302 6194 11842 1474 4425 8075 11016 11171 9853 13003 8145 5433 10682 3553 9045 13138 10955 9935 
8256 12982 1700 3948 11023 14164 4179 8537 6944 893 11163 2036 10294 8645 11241 2629 14017 10653 12909 3613 1345 7185 4698 4255 5886 7991 6404 8168 7294 13843 4162 11137 3754 1035 12768 6972 7410 143 4771 12937 14137 744 3641 9804 13705 5074 10350 7985 10555 7431 9048 2088 12039 10601 6906 11882 12708 13186 2678 11166 
14569 225 3837 1896 3607 5904 5515 1636 6177 10669 12300 12595 2980 9589 3632 6937 1862 10654 1194 9218 14051 9513 5493 3016 14559 8081 1756 3990 314 6547 7066 6311 4049 8808 6452 12996 5893 4956 12476 7014 13708 278 2617 9718 2888 12324 1392 14298 10242 1298 12524 8086 11801 8927 11877 10944 10531 3628 14293 
7961 8786 3181 6132 7370 10492 3824 3839 1223 12970 14439 2781 10746 3994 1164 3898 4101 1151 2862 8113 1388 4636 10890 8127 10782 12024 14405 14324 717 2433 9636 14074 1482 10067 765 8233 10567 4136 2851 7412 892 7618 7289 13943 14302 10862 10485 14447 14788 14095 6635 8371 13331 2057 1002 13215 10731 14493 6015 235 13410 960 5463 7686 14535 10317 9870 6410 7321 2365 4194 10643 2847 534 3167 8460 359 1858 4261 8831 
5601 11441 1588 8958 992 1293 880 3058 10329 7615 2364 5589 12343 9570 8998 4158 395 13895 2155 4577 13024 3348 2581 13499 5829 1897 6917 11552 8038 11806 5985 7550 6881 3783 6417 9447 10829 7630 11944 2346 11216 9308 12414 5229 6659 8243 4599 6010 13510 10496 2294 11659 10394 9162 6978 7788 3061 13208 14122 10114 13091 10925 7868 5876 4666 12336 10777 6508 12627 13828 12295 8594 14772 13415 5864 6283 
12386 6781 7908 10379 7914 756 6561 13264 9275 4842 9031 4763 14817 6620 1133 5773 11753 926 9471 7877 8176 2688 14499 11962 10251 10371 9390 3372 4675 5437 6429 8848 2738 2012 9152 12191 4845 9261 9367 11149 8474 13412 1201 1309 14449 9676 1662 9846 14063 5335 8978 611 11825 4383 9229 8555 7841 556 5362 13372 7369 13267 1120 7090 9079 6289 11270 5264 1122 1101 2845 546 9576 2011 1539 11274 5092 14812 
7843 12563 13388 14341 4650 14221 8663 12557 5831 9629 13030 2482 3139 12440 13493 12610 6695 13600 10476 13721 14725 10771 10959 7891 14410 164 13439 1071 10924 125 8992 3311 11714 4077 8469 11044 4377 9215 12578 6909 14020 9505 13649 10494 5953 9065 6192 8104 3759 1343 6178 14497 11676 12501 5507 1045 13857 12677 13251 11484 13226 14270 5706 11009 13534 5964 7221 672 6554 13996 5443 1552 2968 6412 1139 3199 
13979 3188 4250 11323 2591 12274 6380 11450 6443 1752 248 10611 559 1459 11045 1347 4573 12007 2863 4810 4281 9356 13378 2817 2525 5501 25 10516 11256 12545 11326 8238 12829 5367 8456 10568 6771 12068 5465 361 11609 1364 1795 5819 10495 9888 6806 8413 11800 11130 2438 687 7729 3769 11970 8041 5261 5925 912 8711 12174 14626 412 5562 4460 5844 9620 7199 2658 2375 9799 2281 7886 13127 13288 8182 
9731 9730 14149 63 10261 8545 5495 102 14977 7324 4606 4138 8015 6363 7602 14601 14026 12138 208 7583 13896 6642 12778 12257 7773 8484 8661 1661 68 13166 13761 4934 8758 12304 8941 1737 10842 7204 3446 7268 11765 9523 3020 4626 2725 3001 2097 14845 1753 50 9558 4874 1475 13446 589 3856 2044 2505 5368 11738 10994 10089 14594 2193 7073 5158 649 5623 3012 11754 7085 9340 1160 5431 7911 12193 14005 4801 
586 10550 38 1523 8432 244 10138 2132 12439 14144 8032 8996 14758 8303 5471 3472 4396 838 2567 4161 4989 5531 6416 1332 6121 9546 604 4557 8741 9749 4757 11655 6981 2974 2615 7394 5257 14959 10998 11162 11904 11413 4904 3665 9832 48 14153 9161 1511 4977 1808 6161 10206 13924 14084 13713 4481 2927 11543 11161 2022 12229 9873 11230 1295 5138 1952 8039 3366 4074 14554 4631 8949 7203 1397 1681 
3064 14922 10799 11684 6610 7613 10012 9857 4061 5537 10622 11218 5322 1457 9586 454 9776 14249 4043 1037 2450 10192 14027 3115 8720 3967 6949 4498 9744 3618 2248 10441 5393 293 9649 13792 5926 2504 9982 1895 13353 2641 8769 12763 9998 135 11497 6012 6399 8159 1177 6962 9397 12272 9357 1019 11328 5969 3752 10912 8580 11349 3502 2790 1315 11235 300 14869 13964 8931 8418 14709 4266 13592 7511 13571 12216 11003 
13094 12268 13323 9376 14575 5299 9448 2585 12807 2895 14880 12276 10589 8900 720 6046 11989 8126 4987 9530 14312 13781 918 1640 3469 7304 3822 2138 8746 2465 8351 6615 2485 2982 3387 9708 14356 13168 9741 7696 3290 14171 6584 5578 13646 9417 1652 5868 9381 11858 1232 14954 2933 5304 9155 10656 14514 11853 2144 10030 10876 7118 9239 13626 3694 4664 9455 6904 8912 3912 8181 9597 7474 14661 1616 3545 7162 
14923 11146 1228 8898 6898 14935 1524 10255 539 12221 13849 10425 6297 12787 13464 3629 12833 8111 1339 9234 8409 12777 5413 1935 5239 3705 5120 1130 7802 7126 6463 163 13699 950 4305 12186 2622 10037 3105 9059 6889 260 7858 7820 13645 7487 9987 13739 18 6618 3991 5942 9283 8200 6959 5862 5936 10519 1467 11481 14475 7579 13092 14229 9912 418 14071 10778 3848 11577 4760 6224 8560 6352 12370 5097 12934 
7135 7194 14273 13146 2762 9547 9017 3135 8268 7800 6413 8386 11513 345 10868 10591 7387 3630 4869 2747 4046 388 12965 457 10785 14941 12935 11079 7148 1481 373 11865 12298 3690 3395 15 10547 11118 10395 2653 7648 6451 12586 3635 9434 1941 13488 3929 10190 6246 3329 9492 2336 6843 10655 2849 14652 10199 13774 718 2621 8017 6310 12795 2429 5490 4583 914 12100 13573 14 5510 10524 8535 3031 11046 
11796 5954 1051 6539 8209 13519 13637 14365 5668 10545 4378 1288 8626 2934 2342 13620 14721 739 12598 30 4222 6298 929 10664 696 1049 7566 2492 4144 5732 10762 10521 2569 13594 4285 5532 13183 6358 6809 9329 10880 11562 12856 3559 14948 12738 681 7485 5165 6153 228 10083 12248 6172 969 7250 7922 13949 6330 2800 1593 8902 10106 429 8517 14242 8584 5669 1842 9705 782 9699 7671 6519 4502 3816 9681 
8911 8957 13736 3175 2598 12689 948 12852 12516 3413 4551 10160 4099 5440 5242 14703 3531 10309 2095 14250 5164 9828 6759 1106 8717 814 9926 3350 11755 6488 14538 5211 5867 6940 7047 14481 3223 10749 12355 13871 6084 11019 6699 1233 3599 1054 13414 171 5109 7476 7116 6215 14198 6827 2124 11681 9314 9762 3019 13149 9339 13151 8547 6718 5743 8889 13394 11469 13491 6873 1183 11646 8983 3285 3073 4819 
6427 7016 12733 9553 4414 13814 3312 3896 7895 5731 14754 3780 8773 12676 14623 2932 8762 8940 562 14960 6051 14606 2640 9779 2289 7422 3313 11873 6209 4906 203 13745 11689 7833 1068 13037 5583 7222 11373 13535 3164 5721 12823 628 212 8254 14412 9696 9988 10797 13490 348 14506 2262 733 4151 5307 5539 14567 5407 374 11584 6643 4835 2472 10284 2383 7828 10011 5033 13748 10236 5214 7339 13642 4782 
11029 12916 12503 6553 4604 2998 4002 697 874 9371 4319 7143 12372 4652 148 9763 8999 6697 11890 4871 2865 9237 13850 10726 14914 10398 11492 13107 9545 4549 209 4962 9890 2858 2366 12014 13812 13240 12978 5275 6560 12401 3488 13682 12047 8995 1492 10022 1517 10984 1913 4450 11639 13001 10023 12485 1651 13767 4365 12233 3047 13528 3988 9047 6687 8420 4721 6444 7683 8873 721 959 4143 5172 13057 6589 9561 
12917 5719 8433 3955 2414 12097 11966 4374 4960 7064 1044 10573 13641 1365 7121 14262 4925 3452 6049 2449 6052 12660 6947 10900 12319 4611 4262 722 10253 11276 8443 6960 3184 11693 13537 14833 10901 14639 686 5565 13223 8876 9673 6979 8827 1629 5545 2026 11643 8103 14195 12959 8967 13269 6045 10169 9262 12347 5820 3523 3517 4939 12786 10289 4725 12176 5173 6932 14124 3791 14340 7355 3140 157 
2710 6485 10792 8013 12805 14917 1760 2473 7226 11850 1634 1723 205 9070 7366 8290 13306 8408 8294 12895 14843 9130 9841 13617 13263 7894 2905 6713 9628 9392 13463 10580 4667 11457 11334 6555 10403 96 5788 12928 3597 10453 5159 5640 6424 5487 8807 5320 8984 14465 921 3773 11033 10422 287 2947 10640 3576 11644 10613 10363 6869 5185 12744 13172 12334 7050 4438 12901 3617 2257 10566 3482 14871 2009 
10970 6538 11206 12693 4119 11804 14811 4120 13318 3286 14644 10176 43 4437 3788 325 876 3276 3453 14840 4753 10369 6829 398 6006 11434 12495 545 6091 14233 7440 8292 1835 4988 955 12652 8966 12899 6261 8161 13851 9359 11183 11424 5152 9703 4559 2808 6389 4581 12447 11304 7236 4382 10046 6146 5995 11977 3324 6605 8867 3262 2498 982 2477 7201 12985 12098 10222 13610 1515 12489 13162 6847 12783 12707 9007 
1707 644 4473 8078 11672 10034 11258 4134 4783 5574 10396 6126 2174 4866 3819 2427 8585 7996 2568 7585 742 11302 2994 13086 11906 7008 3731 11868 10216 9801 10770 1874 5991 1422 1558 4372 6320 9497 8566 13248 13227 1368 5572 2451 4730 13000 5866 3812 3439 12997 10400 12205 10758 11499 13449 2402 3379 8572 8152 9939 12351 10286 12122 12072 9185 5922 5441 13526 9622 14515 3246 13217 9469 13408 9941 3022 
1766 3712 5017 2119 408 14863 1011 521 13218 8618 1053 13738 6675 13619 2705 11004 2313 1092 692 14076 3512 14311 2276 3750 9248 693 460 11396 2288 7657 7007 9682 5142 8246 4613 1140 3138 4680 14520 8638 85 2740 5793 5060 3551 6805 10813 2411 5366 320 802 46 13385 14684 11446 14830 5540 4658 10377 8925 11699 13531 7131 7705 7077 7191 2471 8924 11036 9587 13750 5037 14248 5569 14436 7356 1928 4780 
9967 37 4597 8498 1818 5194 7364 6140 10864 4429 4846 8427 11981 13110 11902 4829 5882 2390 384 11772 3571 8589 683 637 12673 4353 5887 7271 3610 8207 1659 12178 4727 6614 10980 8227 8148 14689 5911 419 11984 12114 3547 7500 5390 33 1679 8228 331 4445 7944 13444 13350 2868 9669 7372 2654 11384 14455 10894 3915 14334 14003 4832 7190 1657 8337 13658 12117 4076 14553 10997 2597 10045 13363 10989 
7017 61 13683 9193 11022 1110 167 10978 9548 9009 1562 5045 1103 9068 5764 10691 4986 2460 2922 2748 10712 10240 3646 1817 5415 8451 1961 12613 1689 6632 14061 10686 5865 8187 11531 12953 13522 5878 6050 11217 4187 3193 3615 5817 4402 12435 14962 4682 13333 8093 14648 12887 5851 3147 12957 582 2478 11875 7957 3103 14211 5599 12446 13728 6814 12666 13304 5038 14241 11756 7574 10048 4617 5350 
2769 2709 12562 1772 710 13047 5123 4547 7831 3640 14498 12669 12402 5263 8567 502 7897 5459 3633 8884 13367 3879 5416 2879 14561 11101 8859 13525 6804 9300 12691 1815 3172 12232 14167 13489 12239 10593 4038 2338 3492 3546 2548 10341 569 6785 14952 9992 1610 8110 7234 10442 8699 261 1082 8295 8076 3953 1974 12234 9375 676 1159 6741 6331 13727 10472 13937 158 6294 2186 9443 11284 3521 12511 
1589 6308 12267 2945 285 2232 11212 1070 9304 11024 10919 8449 11104 4337 7151 10766 5694 5163 7704 1626 13368 12493 6888 13145 14678 10688 11932 422 1204 13425 550 11406 11354 4226 11845 4824 8874 3960 1591 9839 7702 2966 3624 8277 1163 10991 7198 4803 766 6017 3829 11482 8951 10581 4442 1572 11702 9284 11525 8877 1350 3237 12533 5153 8171 8855 1311 6082 12408 12049 13052 14940 3909 14890 3864 
7312 11677 4892 11671 1654 12628 13165 5359 1774 8085 9680 9011 7269 7012 6649 12064 2757 11192 4217 13421 7701 12597 14545 3987 10418 9532 13083 11313 2230 8955 1720 6912 12635 12753 14887 627 6337 12927 6627 11963 13825 13341 2266 14828 14315 1954 13758 399 13124 14423 14256 4196 2190 174 9971 14052 2413 10050 12878 13295 5523 2890 7608 1072 10553 13882 2352 8783 9166 8593 3776 6074 13252 13098 10538 2713 10995 14786 12153 12802 5634 10340 13357 688 12236 5686 4405 14352 14891 11899 10187 6984 6670 3907 1948 11697 2906 
1471 3358 8190 12090 12621 11389 1892 8504 1996 9135 13316 2999 7949 13657 13224 6238 11653 5410 14793 5340 12656 14132 1214 10650 1803 7291 3691 5118 6183 2997 9782 12340 10511 3377 9862 6988 9097 3787 1658 13476 5081 11866 7727 3695 3074 7913 8533 10323 6606 12813 1236 10115 14757 4848 10411 230 1157 6879 7782 8784 10335 4894 1250 8613 381 12973 2794 2162 9440 8694 13243 14801 2381 4037 2005 8034 1437 3044 4526 10966 12275 2442 2104 2458 6377 6314 12301 7280 3663 14237 4271 7168 7612 5374 3132 8573 747 7850 
8374 13329 9907 7069 1713 14621 12569 9902 12793 8445 5967 1931 13442 12853 2764 9127 4850 11179 9334 913 4042 10296 7111 3279 1096 6700 2227 2345 2702 2015 10634 6536 12522 3605 14651 5080 14394 5642 12947 9584 2759 12224 7694 12317 8048 2799 3210 8302 12755 10362 2690 6447 10068 1867 14078 1527 11325 9850 11820 5326 2949 4623 8162 13590 4324 7107 10940 7413 14566 7510 11541 13472 547 3399 6274 11086 5680 12443 5113 13234 10996 8686 1799 10583 8459 7220 3510 5999 11645 8396 7039 925 908 11941 8265 
2238 7482 8492 14929 6479 4073 7438 7029 5712 9076 14939 421 10073 10215 13185 7993 11201 9039 9835 6708 11948 149 4574 565 7999 12305 12600 7880 11195 13440 1521 7598 13466 5297 332 8267 1796 9700 7825 104 3564 11807 4023 1440 13766 14158 12599 7708 6467 2220 4916 8312 2360 10420 9614 12941 13477 7885 1635 587 11462 13479 10529 1113 2731 8934 632 9819 6053 8237 3281 3792 8575 12529 9933 4039 13154 13580 5149 14802 14130 10483 9335 14418 14182 7393 6080 6696 570 11829 5429 1535 6255 11528 12452 5151 4487 
1884 5541 107 14444 10196 11494 11743 11849 9737 3076 4964 9660 10071 8073 13265 2639 13139 4881 7123 11253 8467 12302 856 13663 8353 11951 5167 1165 10608 10310 5180 4321 3259 7207 10450 622 3623 2367 9190 2544 5334 3656 4864 1394 13931 6514 7715 3846 660 5852 14964 11524 8287 3432 1688 9617 45 5126 551 7785 10184 13608 13822 5212 11640 1881 3911 3085 7309 11102 7469 12230 9305 246 5234 6056 11884 8866 8405 8724 12769 6682 475 4690 11663 1847 603 9174 10751 14635 2931 11486 9125 6529 2812 12412 10281 12118 
6191 13153 6839 2185 12320 8721 8557 10727 7541 3765 9843 6384 10198 6266 698 13141 657 6856 13598 5183 1859 7232 1860 3925 8245 13201 3112 9428 755 2052 12345 11986 7684 10902 601 1022 1217 9446 4313 3920 12907 432 1604 529 7799 13568 9112 9051 10193 13581 11838 5039 4740 6941 9642 54 5116 12292 12192 13174 10706 8886 5192 3356 842 9299 2116 1469 6163 8774 986 2235 4172 13344 2867 13564 2225 497 1413 4831 3461 7452 3376 711 1488 5103 12808 9276 593 11860 3895 13121 6257 12285 4072 11936 13691 
9318 2060 4774 4833 1949 14162 5725 8014 10917 7424 14085 10668 9953 2541 8559 12359 6826 8716 4750 6717 6462 12834 11123 1685 5462 8116 12375 1331 13260 9074 7915 10313 2701 813 1248 8975 13281 10795 9662 2013 13543 2607 10757 10205 9228 9713 13930 6535 247 675 9034 9026 1762 6625 10460 1764 10459 14825 9585 4653 8515 12330 6919 12164 12682 10898 8141 5470 10973 5486 5514 2218 8929 8158 3165 2086 10265 846 5582 6844 10220 10348 3189 13583 8910 12277 1313 14755 789 5804 11770 2796 9233 947 4263 11695 9226 
13212 8904 11795 1184 2657 3660 5019 3253 1405 14622 8854 9658 12512 1643 10683 6828 4593 358 1870 11548 5176 8763 1387 5400 7170 12896 14440 10723 12850 9900 14147 3318 1580 11691 14796 12399 12810 12468 9013 1128 8444 12475 9407 6162 6497 2397 7656 12840 5749 4057 12839 7609 9142 14421 6838 11286 7765 8989 3067 294 13334 5584 13292 6761 3945 7982 13182 6094 11869 11091 6156 13547 7105 11971 5480 1384 1062 11599 13118 6587 6720 8570 6963 3569 8164 12607 10059 6019 318 2264 10033 3897 6749 6267 3975 790 11933 730 
173 3889 6426 10615 8840 3129 5122 9370 6362 3719 11922 11096 3345 14909 3316 11496 13759 4614 7328 10624 1977 7888 1213 11834 1036 9886 12954 3927 7360 1994 5888 9626 2846 10334 2787 10870 6442 14049 8920 13707 4069 4431 5662 14866 3459 2556 9525 2733 3808 4752 1200 673 6586 13031 507 13959 2175 8936 11320 12678 9568 10086 9020 13119 1585 11443 4188 8947 2749 12331 14288 10794 13865 9342 2557 3835 1885 10873 6548 471 4955 14123 6965 6336 10739 8122 10151 4312 4025 14350 3661 10365 2206 14637 11565 4052 3580 8452 
9023 10793 14627 108 5253 1052 7792 6892 10152 8183 2368 11843 11710 5338 2467 7595 7741 14741 974 10002 690 13423 1509 9592 6288 1391 13027 9664 24 8269 4257 14582 5260 1777 268 11778 14441 4718 391 12211 8448 7904 655 7853 10272 3505 14807 1304 13656 8739 9103 154 4756 6633 1496 5007 193 14152 4629 11345 3121 5272 3596 5287 13216 2735 13859 10773 12889 11797 8414 407 7326 10721 12255 10419 1382 11515 13097 5759 9244 14318 8973 8514 77 5586 11233 10741 14832 9264 10503 1714 14692 12629 2930 650 1240 
8669 13920 3411 10432 4663 2290 14681 299 6834 2067 14968 1046 816 8760 6207 9114 7536 8701 13915 3922 2272 10768 2509 14666 6108 13840 7408 2286 5003 7186 11809 14464 9331 12404 10036 4975 5355 2135 2156 14951 5460 2838 14251 13922 4449 2661 12258 9936 13863 4314 10867 6795 11234 3002 2884 8397 13462 9852 885 5084 5484 9221 531 3183 5250 10717 2907 11880 9793 5877 12213 2613 2343 11089 7343 2398 11186 7427 9378 14176 7457 2601 12058 10053 9559 8868 1852 2896 12943 5918 4641 8476 5146 11742 3086 6967 967 14425 
11560 13742 11028 4420 11330 4184 9796 2113 480 6317 14268 4289 4291 12099 1605 1798 13574 12971 10248 10722 13954 11299 11359 10358 5875 12069 3928 5708 12968 2348 9604 13879 2310 6676 8764 6796 3151 10808 6645 7943 7963 11878 1119 5591 4128 656 83 10941 14205 1317 5734 11817 6802 8791 5385 1672 14432 49 8361 10175 3873 12841 13300 9257 7756 1003 7101 1415 4343 6077 12328 5661 6097 8892 9298 12382 4129 7667 4806 7744 4277 3427 13158 1810 7390 1773 12526 12944 3486 10979 2087 10916 13042 1615 9028 13103 13298 
9495 12091 10380 10078 881 13270 14267 2775 2055 10156 5373 13561 3548 8744 6325 2624 13480 2696 5853 3000 12538 13011 4514 210 4872 11362 11185 800 9723 9251 953 13734 5265 13461 13938 10703 12966 2515 989 11491 6935 1848 2603 3677 7617 9742 8789 13117 2004 1966 1786 14521 2970 6187 1677 9644 11439 10662 8003 3575 10164 11661 9240 5268 6349 3565 3887 1985 7809 7588 2652 3814 13039 3598 11910 3222 1554 7646 819 14019 11980 14822 3676 3612 2673 3343 1927 907 12922 966 4738 13170 7876 7376 1724 14779 13819 357 
14451 291 9022 13801 2532 7554 9501 11271 6952 2704 2250 9507 130 11732 4407 14858 13952 6813 3699 13613 3935 14850 1565 9825 11597 5639 5756 4931 4233 5121 6360 6386 9449 13697 835 13636 8376 12945 10410 6042 3762 7558 2957 7755 13530 6147 5317 9957 14002 13222 2830 9124 773 4264 1055 252 8239 5110 14969 3089 5504 8080 2537 5130 12373 552 13237 1957 14583 9929 1409 3339 11945 11143 4005 14004 12977 12112 12147 1264 11704 10354 8830 13221 12235 13457 14838 12360 14291 3579 10177 6857 9091 949 4620 10000 9757 
2651 10556 7311 585 6905 4014 11627 13867 4945 933 10484 1929 13856 14496 6282 6835 4466 3943 7505 9883 10235 3937 4751 14839 14370 4458 11126 4587 12316 1581 2171 5651 7797 2315 7979 11224 6437 360 8994 930 201 7735 4554 7873 7145 7106 7255 8625 498 12750 9122 4786 9593 6101 5760 6801 3637 2564 11296 11488 9578 14111 2085 7096 8163 3088 11370 6559 10950 7284 1318 2676 10641 6709 10259 11252 4214 11751 13074 3578 11464 9775 3440 7262 9774 5055 2599 88 9099 12000 4679 8556 7970 13040 4489 6918 962 5736 
2061 9613 4007 14345 67 5064 1007 5609 12713 6518 3961 11277 10860 6946 12756 12558 13936 14734 441 11555 7582 13364 12244 10595 10182 11066 4518 13142 4649 10962 6440 9454 7507 12286 14087 10646 1802 14461 11301 11444 858 14197 2510 7761 4352 8385 386 12073 14133 8318 13889 8907 9137 3657 9655 6034 4595 5053 8816 337 8960 3871 2269 8139 8752 3567 10936 94 11127 1551 7899 8531 7706 13941 1340 5453 12030 11193 3287 5230 9509 4251 8969 9480 2046 11604 5797 1203 7633 595 3671 5467 7640 8938 3187 4607 9984 4898 
5365 4008 8373 10969 7836 9389 533 1064 6079 4 11336 9291 146 1680 10368 5469 6461 4888 9844 2860 6767 3906 13719 14722 13722 1155 13673 13555 3233 10136 10903 13284 3999 8660 3667 5380 12237 14186 14953 942 4436 10357 7441 11129 11221 2456 4516 12481 6745 12854 2712 12127 14217 4858 6372 9653 11279 11540 1131 14919 1880 10759 2606 10597 2859 5455 13960 9963 1576 11648 5245 8930 11168 8403 1433 14010 5798 14254 8641 14932 2802 265 13396 7152 2538 12 11544 8477 14234 10660 8289 7581 5382 1143 2205 713 8230 
6663 12739 2001 14916 9848 6315 14739 1241 13043 1878 8563 14682 8980 11428 889 9717 14072 602 3463 3568 808 7859 5931 3278 12246 13898 13732 2522 8897 11080 11198 2723 4707 6263 3903 3631 5498 7504 1186 13961 11583 8895 6143 12751 491 7814 576 2898 11208 11719 1207 5742 9139 1797 13016 202 936 10689 8329 9600 8184 10892 13392 14354 12171 11148 2199 6351 9203 13890 10612 9256 3034 4092 10124 14021 12028 2293 3497 7712 6861 3722 13356 6373 4937 14178 14414 4202 5846 14473 5738 5387 13349 7022 2094 4035 5795 2576 
999 13978 14975 13028 8262 4132 4060 240 3308 11635 4357 5255 10825 13051 6354 2903 543 9175 13908 4527 5281 5812 5695 14902 506 11480 7172 13968 12496 10431 9985 11728 2251 2197 7330 1166 9143 14453 5524 9536 7884 7263 12132 47 7748 70 9754 10100 281 14597 11242 734 2426 7528 14094 6646 4467 5008 14865 11703 2134 14541 13562 750 12782 11602 11620 1587 6511 3860 8134 9964 1968 6264 1399 12904 3203 12348 4907 11425 12016 14543 6434 2045 983 1891 2636 3496 608 5728 3954 8617 14645 11569 11506 807 5859 
8905 1825 13565 5010 7719 10963 13500 126 1642 5065 8441 7241 9481 3288 10838 220 5419 9806 7772 5714 3983 3767 443 12188 7821 3043 13319 4882 7537 4528 932 9427 6976 1875 899 9336 4569 7812 13817 5237 8305 11885 11680 2084 4010 9818 11950 14487 9877 6370 9072 12422 2091 11760 5394 6644 7256 1673 14184 14867 11894 4697 10678 7177 8591 12469 12356 3914 14313 2648 2554 5975 10081 4258 2000 11025 10266 11204 11187 8399 14593 13373 8712 8688 957 12294 10385 2007 3874 7575 99 4288 12936 4684 7494 13717 8627 14258 11051 
11147 12680 3063 8367 6256 5784 13279 3483 4370 14168 3013 14032 12992 5646 13220 12433 4488 5576 13611 13244 1369 8054 93 10297 798 1390 6534 13909 6832 14030 8923 5770 12930 5828 3940 11837 3315 6968 365 1276 6278 4403 5085 13046 2325 14245 1107 12573 7845 4267 12801 13155 8211 1790 12990 197 13741 4387 11456 2853 5309 3693 3163 13803 3303 2649 375 7493 14826 4776 13549 3828 5090 826 1972 3110 8044 4494 12046 767 4347 7435 3071 723 9656 5628 7870 8525 619 3680 5328 8440 7002 3215 13256 9809 14773 
11442 3477 5063 13972 12851 821 1129 12728 10565 2291 14799 11015 6775 2018 8478 9688 749 14564 11251 13434 11831 10179 5754 7998 10487 9307 9897 8307 6301 12614 990 14174 2937 8387 1285 13674 10685 7458 13104 6929 5131 2072 7676 2543 12283 13994 6863 6516 13345 6431 5729 4854 1721 786 6428 4106 14337 14868 9611 13816 10676 3178 1432 7208 12282 2234 7352 2121 10755 843 12487 6779 4068 847 6305 1846 288 3270 6407 8395 4170 5096 1042 13160 14478 14060 6748 14200 4701 5726 11579 2196 9528 11582 1134 5016 6234 
13566 5306 7718 9612 13087 2474 13336 4710 1701 12634 14083 11812 2195 4112 2047 12846 1171 2403 7425 4691 9116 7405 11477 9651 6819 7527 4410 14974 342 6242 6831 13402 8097 10961 1371 4777 14068 2143 9413 3159 14285 13872 5170 7086 538 6732 970 7420 14698 1855 12820 8828 8222 1097 5841 14059 2513 4284 289 2944 10352 13213 2210 10737 11473 11403 482 13977 7889 11674 3501 6920 10586 389 9895 7374 12508 3952 6684 14609 14360 14537 14022 10760 8814 14873 2625 1080 141 11862 5315 13137 9522 12472 3081 4566 9927 
1530 5778 10019 6557 8150 7206 12215 6258 8170 3131 6022 7619 14675 1997 13788 9411 8480 12256 7652 4230 928 9648 6107 13191 2039 8648 1814 6239 1050 11316 4734 2760 2 2956 1781 4246 5098 3723 5203 10336 3094 14363 2308 9506 10888 14841 10981 7525 9879 2287 8621 2971 4966 11633 229 4304 11856 7459 3325 10066 11404 2593 9810 14910 13569 725 5626 8860 12921 97 3185 10301 3893 2065 3946 8731 1325 12559 12771 7533 10525 7793 1674 6631 5089 1611 6562 140 11823 5290 13347 14655 2139 11508 14595 6235 
232 14509 349 9488 5607 7678 11153 4781 10805 14636 3229 7556 3589 11002 4946 3847 775 8087 10897 8878 12905 6769 6679 14837 9529 12480 12067 7586 2511 13603 11608 8658 12694 3195 958 13407 14169 8392 6681 9123 5283 12455 6219 7432 137 1265 3715 4208 5041 14297 5544 6096 8128 12553 12101 2666 3577 8260 8818 8339 3126 13469 12474 5243 1731 4012 10142 1559 13354 3683 10561 7133 13241 11938 3679 7882 14600 2891 11117 3261 9220 1746 12765 4796 2436 2789 7037 11616 5782 13255 1337 5905 9989 8381 12582 10633 10330 1606 6530 13878 14810 14317 13706 3718 5221 13588 8155 10364 3681 4228 12076 13752 6175 
5660 5069 1470 2592 3706 13559 2303 6131 13973 7011 5005 9393 13383 10132 4276 9739 7379 11458 7359 3450 2410 4822 10956 1800 14544 1310 5282 2332 14193 13780 7006 3171 6357 3882 11257 5533 6145 6064 8719 3672 9202 10803 10639 3328 2279 11000 5270 2030 11503 11596 13773 7348 9236 7196 7058 12624 5452 8259 9419 9652 10696 6983 12946 10780 11816 13452 4182 4109 3845 8024 14244 12838 6743 7722 3716 11167 13090 6130 14712 3213 1260 12029 701 8698 7278 13623 11364 10234 11556 4897 1181 2684 11131 9993 8088 3201 2125 3815 6031 8865 2555 2247 7275 1018 9539 5231 12700 5114 10347 2373 4624 5028 58 3739 
10852 10025 1529 3234 10733 6197 13454 8026 4827 14459 5259 1420 1015 2777 10840 12831 1811 2698 631 6061 1857 935 897 10474 7052 211 328 5580 13957 11667 6111 11254 7599 8274 1484 14619 3844 11374 695 1827 4390 9931 10391 3682 6476 2130 3429 12456 483 13071 5519 10421 10239 9333 10332 1238 10598 4560 10704 4745 8136 8336 8169 9416 2634 13428 743 12625 12383 10990 10738 2765 2520 8689 12484 12643 794 3532 11119 6093 1256 12518 2278 4241 10914 13195 6762 5066 12148 11762 14785 5348 4395 9148 1445 12344 62 7742 1733 10397 12242 6151 1380 827 9816 4915 13054 7987 7001 10092 3621 6668 5030 13337 4995 
13035 4302 2650 7429 2231 592 6846 6435 8972 6970 2128 11666 9090 12204 5617 8331 6356 13148 5204 8605 9363 11546 10355 9057 13188 1269 6996 10946 11952 12423 2099 2876 9192 14207 9958 6622 13702 11905 4344 3549 9643 6842 3146 5906 11748 3125 5970 12427 2484 11011 3277 6783 10952 1780 14225 12727 1205 13956 9004 5091 3919 14390 4678 11718 256 4671 7214 11954 5522 3540 2101 1468 5209 7771 1620 13875 6569 4627 1628 853 11069 12265 3506 9880 8430 11248 3186 12425 2829 5032 5162 2437 2448 7414 14043 1906 14409 8240 11154 13455 8383 2243 2340 14116 9538 5269 8157 7685 10343 2382 3142 14588 11190 2420 
10203 14155 10445 120 2355 14091 2821 1483 8921 2604 3214 13731 9924 10058 6295 4468 11120 5971 7092 11594 11297 10779 3745 10663 2431 9058 6406 2393 1450 6878 3466 1522 10039 577 2111 5024 14292 7094 14875 4462 4272 1612 1743 8857 9270 2268 14335 3361 7171 9582 11411 3500 8035 9177 1979 9859 2535 12376 12043 12505 14653 3045 2298 9006 13605 927 590 12938 3738 9493 10909 7959 5466 11526 12240 4209 9214 6913 7808 6515 9845 14766 4113 1999 9332 7426 11585 9121 13917 13369 6800 12231 5559 6766 21 178 3857 10306 8223 12290 5982 5054 14654 1185 2913 5606 7567 5256 14694 3899 1734 7140 12096 553 
1943 5424 14398 14332 10910 8616 7423 5771 6592 10093 7849 11395 13303 3666 7188 5655 3170 9865 1444 336 4791 14800 3581 397 11122 5753 14604 14430 2040 6475 1519 10772 4056 14853 2407 13289 540 11610 13348 7861 8107 5506 2017 3041 7571 2574 13733 5329 2189 4141 1453 4385 13935 5473 11870 2425 12712 11422 12416 1148 1485 14924 4618 11445 8926 11821 6821 4349 9755 1613 13355 5615 10436 1645 11128 3974 3239 11054 11615 14572 5036 5647 14726 1410 1882 405 12797 14303 3770 1308 5799 12036 8398 630 8511 9646 5398 6390 11705 1632 8241 10635 2028 3993 495 829 11992 11272 13433 6926 6057 8654 1032 12405 11291 11211 10458 
6958 4893 11854 8609 166 1995 12084 7070 12158 4433 2663 10455 14092 10211 4689 5351 2608 7700 4968 8598 12136 12107 5145 10278 267 14309 14134 8835 6287 5757 8411 752 5062 12083 14738 2079 4058 13048 5855 13648 13661 10126 11099 12704 8317 13576 7314 196 5814 7302 10159 3913 5439 9341 5347 8849 7434 14098 204 10765 4773 10673 10839 5699 6251 11852 3154 2612 13275 5910 11757 3120 10588 9373 1982 14272 13133 1274 13730 2572 6069 3211 14860 8298 14667 2435 11600 8496 4933 685 5988 14790 9677 501 14706 4506 12065 1480 13609 14789 2542 7945 12393 1021 3130 4017 12596 14411 8558 3720 11351 5783 5134 10446 
10439 13389 172 12156 13919 7442 7955 12261 11436 4486 887 14699 11454 10787 1518 9743 1247 12461 19 9540 3701 12123 8406 3760 11654 1326 5520 2096 1744 5697 7645 13250 14263 1699 11549 6418 13498 3023 13144 12436 8271 14638 9800 1448 7401 13058 8738 4019 5262 14592 13299 9328 12180 11752 8579 12055 9379 12532 6441 14358 943 5861 10 9321 14829 902 6528 5900 4332 12384 13081 1592 9187 2530 8016 3742 14278 2908 707 2311 10249 11012 3221 4876 10006 6506 6751 9909 14701 825 11761 1126 7919 5392 13293 6609 11603 1670 1476 7319 8098 12832 11990 7555 82 12332 5274 12725 10879 494 12960 13984 1085 4204 8820 
11501 14628 8144 2415 10091 3601 13795 14752 6599 8185 828 13928 9667 11985 11437 6223 2305 11909 12322 14033 3434 4512 10788 10781 2745 3747 10594 2217 14971 10889 1578 2168 13204 1342 14641 8483 8425 872 4176 14107 8928 10154 8325 2181 3795 14462 11826 10534 1271 10834 1520 10606 255 9860 2063 7951 12540 2679 14438 6393 7451 5095 9010 6076 13140 1495 3801 5622 115 684 11092 9290 10223 1864 7273 7395 86 9349 3910 7080 423 14080 8436 1259 3737 10260 12116 4948 5765 8431 5720 8631 435 11107 14470 11995 7034 6862 1262 1726 1851 2833 13689 844 3503 4308 8733 8273 5915 5627 12773 2920 5981 7634 14183 
11678 14339 8314 14804 1464 4886 2834 10038 5181 11495 13751 5499 4787 8539 4193 4492 8272 758 14290 5705 13362 14485 8349 5989 10648 1341 7703 4400 741 7478 9661 11538 7009 7540 7127 9808 8896 12517 11514 1253 8326 4731 1678 5147 7028 715 9211 11052 7689 706 10290 8692 10226 13639 5157 13665 719 169 3449 2857 176 14937 9347 6338 3148 13328 10832 11440 3768 5543 5663 3068 11050 2200 3419 12271 5042 6128 14336 2707 4540 3266 13125 2772 6507 5479 10942 8051 11956 14629 11202 10871 12349 7404 5155 6460 6672 6503 14141 11626 8637 8438 748 9325 1026 3108 4013 6985 5156 8737 12939 14224 5977 8417 1008 
10085 9908 12385 5128 7902 6243 12438 3542 8368 14387 8740 13501 7320 9483 13067 9 5353 7580 14011 4062 7189 2106 6225 14958 7641 8235 12729 6818 11774 2806 10300 7481 7419 8977 7920 11106 6971 13053 14206 3704 9687 10804 14323 14433 10572 4921 13312 5218 11472 2497 7807 5401 11929 14761 4529 496 6914 12102 1822 4391 1888 9991 3340 4619 6629 7839 13351 1174 2681 2929 5897 4029 13844 7132 7513 11758 12956 3832 7031 8757 379 4537 14035 7587 11591 2766 4363 10881 9878 14236 7139 8630 14777 13824 11132 13765 14106 5313 10621 1514 12450 5620 4381 275 10975 14104 3107 3992 8160 7734 7286 12902 11402 9833 11228 14519 
1058 4657 10202 3293 13854 6420 11631 5830 8950 11100 10021 8604 1938 4761 985 307 6081 2667 14201 12964 9647 1505 14778 11476 10661 12657 4341 6524 10015 6346 387 1272 1401 8130 9100 14469 12908 4380 14700 4911 8817 4849 1722 8461 3374 1579 909 7879 8120 11668 11111 6265 6673 10292 2194 12803 13681 8553 4601 1763 8372 5386 5099 9701 13827 1586 4417 14508 7316 5271 7551 7472 1839 1845 9343 12207 882 8906 11939 2443 12366 7552 6307 7573 2815 7883 4535 11912 14589 8554 5602 1716 1438 7650 1712 6513 12429 14763 2754 12252 6453 14942 12354 11931 1063 9514 8772 13651 8342 5763 1316 4159 11292 4902 13668 
12681 6309 12149 9147 14568 8734 14105 14931 3176 8736 12025 5963 14577 14673 3354 6852 12549 12086 9511 12313 2285 7287 6343 6089 14663 12362 12893 978 5107 2984 7526 12129 14204 3761 1168 6891 11696 2900 14855 12827 12814 1630 1486 13366 7794 8935 9990 13076 14546 13004 6201 14984 3724 833 14525 11070 2202 6910 9033 6425 4596 14642 12897 1531 13494 4717 980 1590 11030 7577 3390 7391 4022 12679 10145 528 11381 1829 2798 13757 80 13999 8709 3414 14608 7857 2706 13527 674 3560 2357 5573 4749 12631 3958 14495 12157 14456 10708 12228 147 10564 5998 4808 1043 1065 6335 2389 8990 10861 8747 12523 1960 3445 1793 11527 
350 1117 14090 409 5358 12333 5371 6066 9258 14581 14286 13460 10042 4348 9173 3902 7005 14188 5117 5987 11900 9470 7661 854 1267 10533 2391 14135 1568 1270 5225 6652 10018 12731 9133 8333 9486 14287 7775 7625 3454 14428 3606 9603 3951 9464 12958 11575 11059 13006 3015 10882 13371 4541 6901 3664 11883 8520 8985 1853 7004 1039 14159 3008 11032 6334 12325 9450 10082 3947 3062 759 11412 12684 9180 8507 4127 10342 2918 5921 11027 6667 8624 10932 396 2638 9869 3380 8693 2672 5834 10243 7965 428 8147 2786 5645 324 11638 2142 9384 1910 14827 6765 5863 334 1075 6387 7789 8025 7747 8761 13866 4190 12037 10163 11763 
11855 645 2237 7246 7023 6138 12143 9606 8952 12675 6540 10493 7918 11828 8028 6236 1149 3118 5235 14269 4201 2844 6754 3729 7523 4633 11833 14489 11536 10651 5354 7950 14443 4941 4826 10162 223 14587 12581 12790 10041 4608 10764 7932 2902 4470 4167 4765 5342 2692 14533 11365 7217 6114 9472 8410 4585 14943 1263 8988 7461 4741 642 11321 10051 4290 11471 3592 11353 8059 4654 864 13805 4404 3950 59 11561 14750 12411 10227 5997 1255 9965 9260 12618 13272 7638 7863 10293 12137 700 4212 10885 14281 13550 12311 5704 10896 7398 5333 7437 6165 9032 511 1077 9463 7768 7928 10837 9986 2894 1429 9876 74 10188 
12209 9082 6597 5423 1188 1759 3070 7318 952 4724 2014 6616 9798 13287 1621 10604 5786 934 14172 9608 2344 6402 1741 10257 2626 6993 12125 6464 11656 3042 6228 5816 11184 10372 13735 1226 10254 10747 10548 13852 11787 9073 4521 1009 3066 11891 2928 3833 10626 3749 7205 1001 7381 14382 9919 12515 11177 7091 4785 7117 5768 2454 5581 14774 1028 5125 6071 13833 2575 4435 1121 9491 10671 7402 14157 12223 10523 8753 3224 4358 5935 3978 7310 2730 13667 996 1687 6677 5781 7529 4091 1038 12094 5604 14908 9930 11346 8509 11923 629 10574 12665 9420 4218 9632 13179 249 10090 4572 13411 8922 6803 11746 4561 8499 4605 1195 10542 
5542 7252 10851 5535 14745 9724 12510 4728 7731 10510 8229 8722 9431 11592 3471 12616 2034 1782 574 14732 3817 12716 867 5046 2154 6167 11535 151 7406 3338 14724 14252 7409 9543 8422 7776 8215 4203 2642 2782 6322 5474 6252 10745 9997 13400 5983 2843 14599 2327 1836 12591 2312 4980 4508 9038 981 4755 6468 11707 6489 9693 9198 5278 5422 4762 12308 6220 4655 8178 1078 13715 6369 11245 3245 8007 12588 156 4327 8871 11766 2711 12931 13921 702 7697 7815 7174 2317 8118 11794 7544 5035 6033 9715 6198 7388 3423 8216 13998 13492 7095 3378 3968 6942 737 1084 6454 12993 8986 10642 5805 2493 4192 10229 8324 5547 
11737 9494 4715 12326 297 14386 8380 5430 461 4311 10014 5418 14142 12103 14911 3530 8657 11509 1112 6651 4055 13718 404 3583 10670 7890 4927 5223 9766 3868 13899 2758 682 3702 4000 4970 2374 3726 4412 1843 9269 12986 234 9995 9346 2602 5321 11601 8600 7045 6193 9792 11293 3218 3972 12886 11590 7099 14669 4570 5405 9183 10620 1767 14895 10790 13285 13184 4880 213 8788 14491 14482 13789 2280 7428 6247 8023 2687 6364 4602 14747 2494 312 6312 3498 5213 12587 14261 8516 6500 7518 7159 9504 3032 12891 10246 1004 6788 10718 6149 5509 7154 7817 377 2323 14055 12395 1830 7978 7751 8806 13868 10992 3735 5044 13829 
4716 231 6433 1116 12031 2172 6376 9621 6533 402 11664 3404 14740 1487 9252 6341 5478 11959 6009 8596 9942 2587 3524 677 11771 14191 3219 22 12306 14145 7596 5534 3938 14877 8306 3785 191 8156 518 2428 14402 10467 12473 14787 13556 614 14756 11924 4108 8751 8561 1709 13130 8651 6678 11588 6221 411 4954 13858 1138 9145 1013 5132 2588 10148 13698 4478 12190 3180 13199 14476 14154 13115 7916 69 6279 11307 5658 4088 14041 7166 7433 1000 12525 2773 8565 7931 1314 14036 6886 12584 7852 1729 2459 10129 11781 4497 3838 6689 7044 3209 4384 1497 3555 14045 9410 8809 6916 10659 512 3344 13644 3934 7752 554 
8787 5129 12798 10262 13749 7665 13810 9666 10333 7778 7711 5790 7088 8524 7003 14367 227 4999 5141 9098 5301 13384 13659 13777 7759 3158 6934 1981 1627 2157 14676 2807 11785 4590 8837 636 3790 13203 486 11927 13997 6450 9387 11352 3369 4982 14053 8743 10303 12519 4221 8592 9780 824 1363 3079 2674 8423 12824 1923 1142 14353 4737 10630 6060 13359 2534 906 8194 11934 2058 3416 11698 3106 14534 7282 1115 4206 6388 3827 6860 14295 2488 1856 12352 1983 8049 2277 7844 9863 1323 8521 485 44 11586 5644 9285 8332 8568 5549 8334 2019 4388 376 5901 11999 6505 8804 9056 14401 199 3687 11357 3917 1903 3781 
3359 2887 12857 1706 11848 11087 13324 13206 7495 12380 8803 10740 2881 9195 10847 6164 8006 3885 5766 7108 11194 8526 10943 6638 11063 13070 8586 9650 916 103 13249 23 14148 3174 9309 9095 186 6005 11455 2669 6890 9623 4326 597 10821 4668 10665 340 2417 14913 12873 10508 5308 12781 12604 5747 1081 2620 10926 5014 4594 9692 9732 7450 14069 8961 14921 13862 5251 10165 11075 6930 5310 11665 6543 1426 7840 1472 4199 7046 2176 4265 12056 7653 7780 4542 14770 9263 14965 1319 11835 11151 9911 206 14696 10328 10225 3225 5325 13315 11545 3156 671 9807 10836 13020 9817 3038 8322 12649 14399 7213 13196 12509 6883 11662 3150 
12858 6073 8668 1005 14457 4001 5417 11979 2349 598 4592 5078 9313 4770 1546 4114 8642 10353 8893 1841 7623 8714 2801 8232 10061 1624 2273 385 5638 221 8186 12906 6419 13853 8328 2256 2841 1430 5442 776 4600 6016 1501 14512 11039 5839 13438 7563 7323 5485 13509 4339 14284 7340 1992 8270 3282 8640 11269 9627 13177 4932 9496 4696 2595 2985 11355 12720 7670 626 5448 9273 14314 153 3363 14277 2208 11935 14331 7867 3989 10232 3491 4644 12564 5571 7662 5133 9752 11266 1275 9087 10212 7887 9972 11947 6908 11392 8466 664 12863 1547 2260 1198 9219 10576 7496 4683 6552 2972 4485 7102 12108 6512 
13330 14333 6190 14870 3476 12792 9075 10786 9029 5135 8819 12044 1916 462 11723 7660 14467 12667 581 13401 6002 7534 11791 9212 5104 13257 4160 503 679 6641 3809 5698 1863 801 5177 3584 5475 11401 8129 1838 6858 6994 10652 2948 1735 10056 3389 4550 6969 896 2043 7643 478 1427 11647 13065 922 8574 14776 5013 4706 437 14413 8221 236 9255 10791 12647 13302 884 11438 2916 10057 7267 12387 8447 2203 8082 13468 4130 10088 5101 525 8715 12662 3460 7042 2756 4087 8649 4949 4063 8512 6683 5807 12078 6269 11110 8005 57 13986 13044 11475 9399 1783 11687 2153 855 11978 4310 7329 2776 14574 7397 12762 6449 5384 11287 3799 
12740 8963 11382 10976 3306 6833 6439 14404 10904 4899 9725 13325 13554 7934 4003 2836 2586 3766 4643 4024 7357 13995 2816 9350 8095 5341 2627 11657 8529 2866 10546 8894 14735 7655 2584 9663 10157 3881 6300 14265 13655 1914 3100 13294 11295 6029 6619 10711 6232 13253 8050 5780 13282 11170 12881 13194 14782 7584 4522 4859 8404 10501 6664 14393 4998 3796 2140 4992 12179 14659 5094 3388 2942 11113 10537 1215 13538 8457 6371 7569 7223 7767 1561 7156 2697 8416 9777 8670 4950 14727 4124 10596 3614 8792 5972 13516 3319 11115 10859 8320 5693 12167 2501 8696 9892 9823 11213 7227 9049 9571 7211 11839 2973 6867 605 1161 
8846 7488 8845 1942 13211 7134 10032 7600 520 6361 3057 14050 11205 8899 3884 9444 13088 2600 6657 14408 12144 6848 13578 11745 3489 13967 8288 2167 12874 5928 2283 9527 11784 14426 7654 10965 11417 5794 2528 9412 11358 3394 2803 8942 1447 12421 3986 11182 6593 14607 14253 7832 4115 9602 3053 14558 14679 2761 3645 6445 5555 6027 4021 14823 427 12082 10370 6457 8915 6455 8174 1473 2628 2915 8364 5034 1925 14166 11288 11040 3977 10528 647 791 13989 9733 9171 3538 12721 14906 7032 14677 14028 6737 1769 778 6989 648 8335 10481 1905 233 6018 5293 13258 729 11998 1708 2242 787 10578 12341 13885 13798 4922 10228 12948 14674 3714 7063 8464 95 5171 7905 8479 2596 1850 3973 3516 4070 7136 2354 13864 13114 14611 7923 6895 4733 5597 4500 4028 8672 5428 6719 9771 5824 3557 6510 11658 5345 1378 9519 5776 11268 3811 8826 11416 8829 2835 216 12686 14397 772 12806 5551 2188 8341 1419 5703 9008 10010 7675 9580 12843 12059 13432 544 6277 3971 4015 5 5962 123 14613 888 11818 9217 4322 3976 2314 13467 7449 8037 7848 6798 5291 2302 2727 13529 13669 7516 7098 3916 4900 13769 11815 3805 2029 
7076 8196 1175 11500 14686 3352 11140 8852 10137 4958 5076 14031 12746 13161 6303 6966 4669 14151 7816 12398 7084 14970 13338 5845 6304 13729 13974 1693 4702 633 2919 8723 9719 14557 13346 7818 11281 12225 14791 8390 2108 4947 14308 6120 11181 2462 7937 5872 6995 9887 5343 5461 5874 5993 162 7644 2098 4705 2699 11539 7245 4885 5324 1779 2074 13815 11750 11632 13171 13970 14029 8542 3644 3490 10475 1697 14099 1894 6280 6142 13712 2071 2207 1958 5021 8061 7559 799 14795 319 2662 14610 13753 5258 11786 6273 13779 13629 8528 4047 6733 12396 3892 8587 4790 11327 3271 4863 1061 6585 13445 8454 10814 5641 14927 11397 11026 13903 10308 3786 11521 14743 4714 12358 7503 5952 11709 10577 13723 7392 4994 2100 12567 6747 8608 724 7647 1098 3255 13916 7603 14330 14615 7958 430 5438 5980 862 4328 2337 10883 5835 1441 14711 9714 9374 7691 9499 7628 11178 5748 659 6880 7898 8708 5774 5505 6578 1950 5700 2146 4041 4544 4367 10444 14814 3756 10465 10424 678 2255 2837 12183 1869 14419 10507 8578 6611 13925 2695 1372 4615 2319 14596 890 3697 6706 4325 3982 2306 7178 9115 12818 8282 9150 133 3757 12655 13551 10977 2068 2560 10338 12253 1563 3267 14494 8519 
8197 3300 8610 8138 6367 9554 13926 11907 7967 11376 8795 1411 226 10801 303 11507 5477 2408 1819 14518 6400 10514 11554 10809 161 956 1959 13672 14223 6974 8231 14526 3721 736 5381 9372 4984 7167 266 10119 817 12005 8644 1280 7819 12719 7169 3924 13955 14901 4754 1224 9012 2925 3643 8304 10299 7065 516 13791 11670 10195 2643 6477 1902 8778 12227 4026 14528 8687 8601 5375 4451 7243 12160 1684 10146 2371 11478 1571 10698 5249 10008 6704 7984 11483 5414 11773 8946 7597 10775 6568 6693 3302 13577 14571 12409 10264 5379 5675 4778 11735 3442 10647 2166 5389 13944 10853 10796 9301 5361 514 2359 7531 7218 10183 12972 7057 6570 615 5464 2623 4224 2943 5154 9922 11960 7535 3051 3124 7562 5127 7964 7295 12723 13975 3421 7926 14372 14707 9027 11580 12609 112 7611 6233 11363 8597 3238 5025 5809 2811 523 14177 14235 820 7520 6897 10319 12130 8378 2926 12390 2461 5689 14930 9502 13821 416 4523 4207 1667 12981 12169 6824 11097 8096 4797 2660 12639 6680 13278 5682 13422 9795 11721 4111 29 9512 3543 14578 900 10112 6707 4996 11685 7258 2400 6980 7081 10753 9160 14458 12177 12648 4558 11510 13352 2566 3779 9500 2070 6159 10590 10111 
7489 10026 7430 4598 5364 468 7200 12674 6951 7674 10320 39 5023 8799 7484 3353 769 1597 2763 3843 2309 8382 13106 3391 2840 7838 11399 9704 1466 20 6636 1428 5124 7418 14719 2351 6776 10729 463 6166 7465 6118 12420 6403 4219 7288 8468 7468 3220 9353 4282 2512 4163 1449 3407 446 3997 578 6770 4413 4177 12849 10017 14346 9685 304 341 10135 10570 10049 8974 11165 12329 7530 5650 10985 2169 5629 4659 8330 11347 9577 11247 4562 5932 188 12270 12612 10096 13181 8522 13666 732 458 5072 4215 6345 1806 6496 3144 11255 4855 10040 600 2874 10173 8077 4242 8201 7781 7750 8590 2396 2825 14472 13064 941 9279 11564 14530 8850 1603 3265 6275 5330 6365 11144 10907 2883 13075 8490 13768 493 3921 2675 10282 13848 13881 10695 6602 489 2885 1356 4011 12115 6104 4873 11049 783 10140 10291 14000 2647 9515 11606 75 6135 7155 6896 4953 2446 12310 7149 14431 7710 8400 11215 2559 5880 3274 1301 7988 8202 13953 7565 8053 72 4794 8754 2904 1193 13647 5207 3307 3740 14175 11426 2137 2363 6859 473 98 10153 9205 4329 3836 7179 13297 1633 2854 14945 298 14460 2324 1252 13711 4027 1396 7061 14161 9453 11073 6021 12124 5254 
6545 12799 2179 8550 9199 13271 2827 4125 10386 2644 8308 4591 2716 9149 181 4545 11861 3957 6907 8264 1955 9562 7033 1584 11159 1575 3649 2114 6716 6186 12381 7779 12077 3826 8091 12962 1918 7182 1033 2519 10827 6284 3944 5161 13542 6874 1742 7231 10887 9297 8704 7349 14194 8953 14783 10241 8707 7124 870 10549 14325 1109 10393 12791 12463 13992 14705 8011 10221 658 14879 11160 3192 1178 6378 2392 4331 11701 8463 11098 13478 12722 8225 5198 8297 14304 6083 13969 10716 4875 2209 6134 12093 1231 116 5168 13615 8680 4345 12042 3626 1908 14395 3009 4452 5688 5858 13772 14320 3321 14042 1668 42 14565 7546 13386 2387 6333 305 3685 6054 5525 11581 3561 11777 10405 1023 10200 1510 11776 8167 14819 13532 13563 764 11859 11617 9541 1458 2616 2911 13156 6549 3591 6607 13586 5625 8060 9787 10971 10877 11943 10207 3700 76 7292 10915 12151 12061 6871 10931 12550 4536 5716 12105 14181 5184 12760 215 136 1665 6825 1006 4700 442 10269 4926 14057 12580 12273 709 3520 591 10118 14956 571 367 9396 12757 6685 924 9445 5960 770 14576 14189 11803 12531 11013 10271 7272 2184 2795 12821 8263 9163 5339 11780 12644 14300 11520 7506 13887 3732 3392 4499 8106 9167 
11619 12150 3417 7606 14385 11559 3772 3011 1229 5653 13985 10447 8205 8485 7306 7187 6669 1 2173 356 14563 3662 11673 6459 11614 12575 7737 14695 10427 5182 6085 1210 8172 12949 2683 10899 13495 5825 2521 14260 7403 9208 90 3758 8880 3217 8824 3570 11949 621 12008 11008 4105 3101 7242 3515 10605 8776 1047 5472 13322 11431 8189 5356 14973 2466 9921 14764 10693 3763 6504 13557 2192 8569 9867 4825 1866 3336 10390 2721 13135 4200 10724 12165 13 10108 3842 14243 9005 10134 11937 1807 9826 8056 12743 3743 6206 14835 6103 8756 9439 509 727 1330 14093 4503 14406 8684 8458 14539 6248 746 8125 2503 13429 3793 12212 9574 7992 6882 1909 2016 8962 2284 823 1083 4166 3179 7846 7490 13123 5927 9760 6039 9316 13390 4578 2023 13688 11574 8370 6726 12196 8121 111 13095 10047 6490 11010 12602 7981 3228 12920 11220 13059 7986 8944 9937 5567 5775 14240 14160 8180 9078 9052 7059 5715 7160 455 1832 3368 8105 12548 1986 8577 14928 2507 5372 4513 11921 8358 14536 689 4910 11298 6137 9812 560 8872 452 11174 6196 731 9042 10938 251 1202 5903 9327 4979 4676 4145 13099 7553 1574 8123 7144 10267 8636 13120 11250 3097 12403 7810 2778 5741 12110 13894 10170 
7725 5955 1234 4479 4067 4952 8727 6072 8191 10551 8662 5240 12203 7837 12615 11141 100 4415 8426 7383 6026 1359 10486 11607 8508 14505 9784 11133 4905 1516 2152 9136 7851 7344 751 7770 2875 12284 4278 8421 1564 7875 13228 1398 620 9943 1093 797 12775 6698 12836 12483 9709 11479 3514 9425 4812 3574 9071 283 8366 4472 1934 10752 8247 4766 1607 12692 2229 11042 13933 5376 13635 568 5052 11470 9151 1768 12173 8002 12742 2780 13884 3243 6398 7335 8010 13910 8633 2032 2967 6299 6202 3669 13320 5860 13242 9728 12534 10214 760 1823 4699 11305 9815 14118 8384 13508 2870 10774 3362 3331 3734 4366 2714 5363 995 13595 6836 11532 6043 12154 6171 12288 6216 6938 4638 5630 10658 8571 1277 3301 2589 5327 13236 11733 7874 12428 1926 4147 5073 9085 3582 5739 508 6546 1871 9948 10968 10953 3675 10283 13747 13134 11622 7341 117 6115 11071 8548 4918 13621 4637 5803 11237 3437 9345 13988 9382 6690 13632 6790 9679 5370 1655 3602 8299 7447 13219 13280 6047 14140 7994 10387 10031 3730 9158 8745 9462 4985 9893 258 1209 9915 9278 11249 4229 10562 1785 13238 9030 5232 7142 7456 5608 11652 13474 1751 9222 8047 7297 4642 3402 9952 4674 
1235 13743 1648 10734 9429 4656 4185 5777 14400 9901 14046 9855 13692 703 13855 3017 11808 2539 13755 9684 3257 14054 7829 9962 5633 12217 1577 8465 10315 7464 3052 5102 7977 5294 11782 3216 2401 2254 13836 8822 3522 795 14821 5518 738 11005 14780 4397 5990 14665 14781 5813 8647 7940 13839 11775 5284 1696 4764 10428 3525 1873 6065 6558 401 105 1993 10194 7561 5968 8446 2819 1307 12554 3527 1199 1494 11621 5624 2561 9477 28 4482 2384 1984 2923 8089 14344 7971 4491 14846 12245 1650 7040 2594 5996 4811 3382 11942 1333 1560 5224 2320 10559 10470 4568 9402 3655 4935 160 4463 13940 10850 9165 488 1544 14139 13178 10849 346 11876 4612 13005 13409 646 9932 8472 11467 14018 7669 2048 14357 7745 9735 10009 2691 2321 4342 14760 11557 3696 6112 3342 4071 13274 9535 14590 1266 2809 7610 5556 9054 1334 4484 13597 1454 9360 3296 10835 1156 1114 14216 8001 14257 3870 12052 3533 2003 9080 1573 2909 14199 4924 6807 8676 10102 14232 612 806 6259 8359 11121 4974 14001 1279 8391 5687 195 1124 7980 11764 3923 13905 9040 9868 8064 14768 13942 9917 6626 4336 10857 11400 7093 13239 2717 5197 7120 5446 8629 14163 14279 4448 6471 8029 13111 10035 14259 13883 12346 
9436 4480 13802 1057 12687 9383 4296 11435 6722 11730 1877 5896 1937 3367 14872 8781 7477 1538 11377 1424 4610 11790 277 279 11037 1243 9490 1346 13169 5115 13397 362 5006 11356 11340 640 4040 9293 2978 7936 11238 653 7416 6105 3098 2447 4279 6756 10005 13014 7822 14488 10123 4694 5933 8588 14784 13427 9189 6110 9838 11372 165 11965 9369 4117 14501 6124 1135 7502 7834 4235 12023 481 6772 8623 3133 4078 5277 11280 1920 12009 10690 6527 13830 5552 13484 14120 3854 2228 13948 3349 7137 155 10087 9805 3736 7976 2810 1402 12574 14605 7146 7342 6430 12845 12776 8090 8801 12140 4903 1904 1939 9102 1828 12737 13709 13420 1644 10127 8377 2739 9380 11650 7906 8965 13826 14329 10383 7299 5984 8785 13310 5352 10322 10822 868 2852 8257 11060 4210 7079 3936 3415 1087 13511 4509 10617 6864 6270 6119 7233 11207 11379 1118 11226 11589 3539 7072 14294 10224 12407 14180 7649 2470 5563 9043 5684 14803 8549 9906 5664 5588 4524 12761 1691 2788 6326 14296 6786 13416 4861 12537 2330 4548 3145 9934 13888 3698 2491 5527 1809 9758 12877 13947 10802 8348 13599 14765 1242 3541 9292 4346 4818 4152 2518 2080 6975 11 9764 5450 10161 3484 11173 11152 3048 7983 2223 11427 6394 12218 11744 
14392 7607 113 8728 6249 3122 1294 5305 4427 3594 14208 14445 1479 13572 7601 8937 2010 6590 5949 6008 7947 3198 9157 13987 10080 9186 14813 8360 3627 13082 4416 4704 11968 3670 11135 4584 3393 10720 4173 2823 12018 1682 3552 1211 6815 4338 10886 2331 6344 9002 14371 9179 11300 10122 13132 5285 11244 12732 8540 1755 11077 9487 11021 7363 11375 3409 12168 10629 9840 5029 12281 12640 2664 11519 5791 14407 12658 3428 2405 5957 5001 9918 9223 9282 2161 91 2089 8094 2897 12062 4364 2076 12819 14551 7163 11306 7871 5978 10218 6573 9046 8730 9401 12859 8581 13685 10311 10478 10376 2041 583 9391 14454 9021 13503 4758 10029 4096 6011 6174 2159 2412 6956 316 3891 6028 7754 4286 3447 11851 2042 7572 5916 14885 5189 8253 7100 4205 1452 3963 11969 4054 3373 7631 11423 7948 9476 14716 13136 7847 4165 13622 14255 5818 510 3674 14025 4098 101 670 10856 12592 7041 9069 11522 4815 8236 8665 6694 8735 8552 5677 5561 1917 10052 11518 849 1889 4582 3789 7929 6318 10600 10541 10326 3248 841 13276 10515 8997 9207 3933 2694 2129 64 131 276 1257 9748 6623 4978 10826 11449 2500 8536 12690 10937 9753 5451 10166 2619 3049 4443 313 14967 8674 11822 768 11864 8112 
3241 8315 14096 8020 13860 7842 998 13506 11566 9960 13631 474 3116 10858 9153 6577 1192 11686 10388 12321 12911 7969 12453 6474 13818 1162 7071 2233 2742 159 11259 4533 6990 3037 2136 1879 14210 4997 12145 10750 3590 5832 6710 10307 8428 1282 1407 8703 2037 10004 11064 8175 2216 13073 3455 11420 12541 12010 12601 11726 5590 13676 12378 6950 8068 4085 13794 13321 7153 7030 5914 7325 13380 840 6735 3054 14874 11811 12161 2148 8220 14972 1638 6173 13450 5616 1335 5919 4398 1532 3113 8494 3585 10028 5907 976 13045 7989 7283 4044 8671 11031 1566 14861 13143 14117 6214 14736 6661 13695 1812 7538 2950 10027 13680 9575 8346 13418 6753 14748 6945 2750 9634 10502 12664 14212 2236 10715 10378 7254 7604 9460 3026 10245 11953 3355 4146 971 13842 8888 7933 1849 13232 12646 4181 10544 7723 7621 3744 14625 390 5838 3930 3304 7375 4150 9770 14299 11917 6997 13192 3755 6532 14806 12583 12053 9037 8656 5015 12089 465 11262 4837 2680 7862 4153 1338 2951 7345 3600 8407 2540 14342 4802 10987 5913 7692 9974 14006 14532 4426 14650 9403 1962 14647 7591 945 13807 2378 3069 14753 13880 3327 6613 4961 11093 5136 7103 13245 8004 10954 9750 8595 2271 12585 13470 11048 12521 8165 14848 652 12134 12842 12462 
6604 11914 9200 3654 8839 9317 7483 2886 10675 13283 638 8439 14326 5536 13441 7973 6774 5043 1778 1208 8154 4016 7210 13456 2486 11155 14918 7956 13080 12197 338 13775 8487 3863 5233 10473 14131 5950 13541 2372 10532 10250 5884 9253 7995 1251 7229 8173 3688 8350 13837 8234 9473 4220 12364 10181 2689 11243 7714 8706 8838 6478 6711 4295 7068 11493 5201 4080 4729 14383 9154 8188 1076 6032 8510 7707 3625 8823 14933 2025 588 12342 6922 13176 3959 7753 13876 10513 9923 5631 7622 8777 5637 1060 7917 13273 9813 5047 11824 8402 7373 4154 6823 4746 911 11550 6712 8108 12309 4889 7519 13897 14480 14723 10817 11976 2370 5427 1141 13361 4300 198 3556 12500 6355 13393 954 5758 177 12653 14077 8749 14389 7368 8607 5657 5892 7826 12566 4520 9794 7962 3634 9557 1041 3119 11563 2499 4830 6903 5219 6306 7636 13536 12095 9083 8729 923 7690 11928 11720 464 792 7864 12544 1989 6854 14271 1374 7197 6469 14670 12146 8538 12057 12804 839 5191 2989 13760 5667 3850 431 10928 7522 3268 1965 11881 12051 13701 6621 9303 2979 5575 14023 11309 4440 8063 490 4556 6353 308 13870 3333 12471 4959 4843 10623 1750 2066 2791 10800 6991 10295 13116 2635 13585 11156 13946 1490 8678 9854 14047 414 13061 
114 14510 14687 10497 9377 2533 11612 4722 10845 2054 9016 4368 4243 9271 2362 1831 344 3424 6793 9983 8309 2718 7129 14857 5596 13847 13200 8681 7300 1503 13198 4083 6915 11961 5912 2726 9055 55 12254 6894 7051 13375 8133 8052 9747 1289 35 5222 4102 9232 4692 2686 444 8765 12365 4635 13131 14548 3230 4813 6062 2404 8248 7183 7835 11611 10489 1639 11669 12377 3962 663 6086 5850 12809 4967 12860 1206 2299 7912 8338 7235 11453 13832 4963 8179 12932 1861 7453 7635 13517 7053 7938 4816 8562 11630 11175 5026 8343 5671 12855 8316 9674 4036 14878 1284 11078 5288 6724 5709 14904 7590 194 6784 14809 10891 4441 8993 10007 13799 7115 5512 12543 14187 9197 11623 9928 6 4032 3095 1555 1747 9891 472 7486 406 9062 14039 12872 2033 14531 3932 11380 3030 11974 4504 3727 6782 6254 6566 5071 10099 7900 6098 2419 12900 7417 8018 8767 5840 1998 5286 11558 12400 7903 10263 9947 1290 818 8394 803 5248 6090 903 9126 6943 13019 9657 3853 9227 9882 10812 6647 13339 14102 8042 1675 8450 14633 6293 13229 1504 11308 14283 11624 5854 11062 10920 14730 1321 6095 6588 10743 4851 10625 8275 7415 2715 10819 14602 10288 3226 12747 1493 13481 2871 8219 1360 10482 11232 1016 12391 
14097 3890 4775 14981 10143 526 5246 8321 9914 3535 1595 12975 7377 11789 13382 10197 4474 8858 1221 14209 4020 13395 10964 5772 9503 651 5137 14227 11841 7307 10139 8891 1695 5943 12551 5292 3725 4142 7757 4180 9837 10219 2785 12020 13259 8036 810 9706 7346 9294 5105 3866 13309 10535 5344 4459 1567 12542 9120 1932 12011 2335 8009 3820 1460 5767 9605 13912 3136 3608 10811 127 4589 10098 10103 10575 9567 7738 14560 3908 7856 12045 1933 745 3153 14369 124 10677 8149 9851 7 12645 6501 9938 6004 2917 12888 306 3566 917 3251 7150 13202 5395 10960 10349 12861 8679 12869 12081 56 1088 4805 7013 8069 14580 6458 11090 7337 1541 8502 3314 13664 4703 7805 6955 13744 6152 5202 12668 11322 1443 3969 12651 8462 11498 1137 964 10730 13296 5444 12015 861 2183 8908 548 12918 8606 8742 7627 11466 5337 805 3733 6526 10141 492 7175 11530 11134 4334 4157 11058 2655 9319 8770 6746 11203 14034 11547 5050 7764 9970 6902 7021 5067 4247 12535 5169 11189 5740 10684 13630 12426 13079 11759 9866 13929 14586 34 7946 12113 4662 182 9441 5210 4249 394 2577 5785 5408 2953 1598 14950 487 5939 13835 200 1144 12135 9323 10719 10815 11350 8283 13101 7968 7966 8914 5500 3258 2656 13465 1775 6470 14949 2245 11813 9716 12287 984 
8964 10144 6544 1182 11088 14503 9265 9619 6964 3194 1582 10563 5004 13696 2880 6911 14380 3707 4075 3117 7698 4887 11749 3784 13523 218 5648 8939 8546 4673 12166 7593 1820 3177 2637 8862 13305 13965 6580 2565 2873 3708 5891 10927 2077 12774 6521 5577 11240 5048 7760 3689 269 7054 10417 2983 2570 6180 3289 919 9015 12788 13614 4354 13971 250 9803 10607 1757 5560 894 1956 7974 8864 7716 9041 7997 8798 1671 10449 9624 6181 1953 9451 9898 2110 5701 6155 2910 13379 6986 11124 9759 845 479 10062 1389 13214 11229 8153 6855 5827 7637 9241 2700 7104 3650 14702 333 8285 12770 11158 3196 6600 7668 10468 11290 6348 9128 5228 2252 10699 5267 13945 11108 6954 10558 9814 14893 12882 11911 9315 10258 5899 11994 11793 2031 347 10967 10619 10109 13983 3717 13907 10367 3995 13254 7097 8748 6230 9551 10287 8732 4511 11172 13591 5481 3711 979 12528 9526 2353 13993 5186 5289 13060 5833 14792 3481 13785 1291 1281 5717 1771 7036 13113 7860 9421 9618 12865 121 4856 3798 5745 11072 532 5856 3309 7592 12880 10069 12194 6731 14114 6106 14377 14301 7270 14720 1362 9736 9268 4936 10810 11341 8890 7732 13524 4853 6078 7463 2222 2670 12353 4051 2855 1740 180 5280 9458 5724 12371 
3418 13861 6486 3182 6957 11973 290 4539 3949 14634 12038 12910 5312 14109 9783 5595 11926 7720 11908 4252 12498 13102 712 13008 3375 14446 13539 6422 522 4748 417 13790 12638 14616 1090 3168 14957 7564 14555 6030 2329 3493 4525 8074 10707 3865 1446 11889 10592 9352 14075 13013 6169 14429 10769 6229 12659 14016 11421 5000 4930 7301 5826 14384 3292 2938 9690 14088 6794 4847 7266 3254 9213 11047 754 1312 10275 2502 2961 6791 14894 78 9210 4687 321 6691 4082 11832 14343 14664 7209 4018 9820 9289 4609 14500 6122 9164 10585 6483 7027 8503 5557 14007 2992 4896 2249 4814 12736 5670 3400 1703 965 9096 9756 5012 8217 330 9111 4923 8 13291 4661 272 3862 4009 2117 4033 10055 8083 4065 7749 2842 4976 10384 392 573 9711 5208 6777 12210 10158 2006 2082 12004 11408 12063 3537 11109 878 3877 6702 6742 5276 11792 13901 8875 6736 4050 4216 7038 7739 9044 14598 9364 9231 3534 7872 14170 9905 8673 4917 11231 8667 8523 12703 12754 4320 8853 1911 4030 11523 12816 10406 11038 3284 2304 14704 2147 6375 10149 1220 11169 8879 8981 2024 12724 13927 6099 2127 12983 14529 14824 1375 9740 6571 4389 4464 11333 7811 7699 7907 7921 239 5502 1370 1244 1788 4148 9168 13811 7331 10128 9479 2496 6401 
1176 6368 14391 7075 5600 11736 9849 2768 7305 5948 8137 14693 2703 12984 10209 10433 2893 13913 4315 3227 4651 8242 87 7713 7248 1066 12182 1837 12870 10602 9955 13679 8655 4409 972 3111 11946 2755 4232 5676 13877 12315 2962 5810 10178 13266 699 8124 13482 6582 1152 5049 9945 3161 8530 6347 8470 12955 9355 2334 10841 5885 10077 11903 14620 10844 13026 3436 1725 7384 8092 5592 11578 6268 2524 459 8797 9702 13025 8212 7466 14900 5093 3636 9388 7479 66 352 10331 4510 7386 6055 6383 3931 65 9949 3341 7766 1973 3487 10479 3087 7774 9864 4419 11511 3006 6509 2960 1324 263 12546 6292 5497 11767 5022 10754 6466 14979 10463 4408 5951 9201 5986 2632 13032 2300 10571 2767 7249 12883 3346 6313 1738 14347 5508 5656 524 13763 8040 2239 8066 13487 12293 6290 7798 10381 4004 2075 3834 6113 3855 7632 13587 1104 13521 13546 9225 6703 7354 7138 7975 7411 11145 12594 2826 14218 4795 9874 12661 5112 2439 3519 6542 6688 1327 809 6208 8278 2729 5323 10399 4211 10070 13652 1091 662 5332 9994 11982 9738 3250 14119 5488 3322 10279 11390 8393 14222 10701 4625 14527 14714 13809 3364 12454 10756 4860 5087 2483 7380 13540 7758 14612 7439 12478 12589 1455 14220 2850 7803 14751 11567 6117 10104 8695 
5070 14156 3240 10084 2356 13448 1824 10491 3883 13625 12379 11553 7796 11613 14798 14378 14876 13147 6262 1465 8244 1715 9999 13991 4298 264 11273 3347 2224 7497 10366 513 14306 14203 14319 11371 3686 2506 3275 14024 8065 13443 2549 11517 14368 9588 9824 4809 10945 13778 9415 13247 8055 8352 1745 11067 4351 13485 339 6596 11490 12670 3351 11139 4059 9631 6182 5061 3 7952 4670 13579 2583 5946 12259 5316 6594 13771 10244 5873 3861 11385 301 11975 10003 3420 10587 2563 9590 1912 6168 557 3813 12219 3408 6391 9767 10627 10893 3900 8208 378 1971 7677 1886 9885 7399 10972 9423 11419 1180 1246 10121 6484 8759 6923 4719 9288 7813 6961 8389 6692 4273 10437 1930 1218 1502 2204 708 12642 110 836 14926 12449 5503 2295 7385 11338 12502 12862 7048 14275 14844 728 6329 8340 9224 3383 13056 4140 13150 8870 11918 5792 10560 9745 14524 1377 2328 14196 7695 12087 9358 12779 665 499 6296 433 7192 1393 10951 12603 5546 6271 8429 1964 8635 8401 11410 5722 8796 8971 3563 1320 4034 13009 4839 6648 7709 13374 10649 3494 7614 12825 3204 6977 14477 11343 5974 12688 2201 9856 2282 14713 1386 6058 6550 10761 4867 6342 2479 1893 13533 10692 9698 5526 2963 11958 1792 1970 12568 1456 13062 11805 6100 9573 8702 
10557 9435 6840 7666 7960 6662 9081 5489 1169 6780 6184 4768 7202 122 4256 10392 10268 71 12457 109 6125 7239 3236 12262 11605 9802 7062 5727 11694 8132 1702 6148 1406 12492 12374 13797 4901 12890 10958 12912 12608 11319 11712 4940 6738 14073 2685 2214 11713 3807 3040 92 13483 13544 10238 1980 7939 3869 9710 9119 5815 1991 12128 10490 106 12434 5652 13381 10076 3232 14442 5238 4434 5083 7067 6499 12871 6556 12999 10865 243 3479 13417 5199 8286 11393 14925 1907 2307 12650 4634 2839 12291 7281 5789 13404 14474 13164 5937 5434 13981 14656 5924 6522 5848 13518 9230 4234 12701 3774 11236 6851 4736 3609 445 13650 7225 2123 12459 14985 3036 1690 11741 2241 10833 6928 3818 12879 6188 364 4107 607 7332 8473 3207 7015 5529 9537 8493 9791 13370 8901 8639 1887 8534 11679 12133 13606 10409 13049 2671 11692 6565 4660 2831 1373 7308 10072 877 4048 6768 6574 10527 12092 11386 7315 666 10614 14733 3202 691 2322 5762 3244 1436 3398 4913 5674 2221 11261 1478 5143 12826 10517 9404 11628 4371 10878 4792 2361 13002 9146 14065 4841 8632 5349 9598 3305 5195 2965 1622 1557 4912 4565 796 866 13786 9925 3014 4406 4877 5193 12875 7693 2614 8204 8932 10230 3263 1268 1834 1556 12570 1844 7296 10413 848 6040 1136 
4303 527 7724 3299 12445 12976 1647 8780 7193 11972 6498 7547 1353 3190 8323 2526 2187 14349 1660 9424 4079 5241 13633 2822 10412 2211 13021 286 4711 8362 6179 6734 10375 12794 14321 3804 4555 771 9599 11378 4820 11830 14898 10414 9778 3039 12066 2921 7110 8527 915 11418 7467 11007 6757 11716 7290 7350 9484 12070 14912 2050 2452 14502 5295 13558 7717 14797 6714 282 14936 13584 14818 14351 11573 1225 12576 6327 5426 13902 1147 12363 12671 8954 6075 9426 3256 13050 7786 12001 6260 14125 2936 13720 3212 8697 4333 3728 7165 2131 11267 3901 4942 555 5336 8031 12828 9106 4908 6868 3269 5190 14947 4490 14067 10763 6575 11463 12238 3060 1915 10147 4307 2579 14688 11997 1631 253 14685 4299 530 8495 4323 12012 10512 606 14862 14490 4713 8045 13800 1749 13268 2090 2901 6723 10518 12307 13923 7680 7336 5958 11915 10603 3753 10131 5449 7313 11263 13066 7721 8652 9954 7830 12780 5802 13612 6087 14742 1963 9516 4821 6725 5779 12620 12417 5733 6272 11840 8614 9089 190 7557 2441 10448 13078 3326 11898 654 11641 3128 259 12766 11223 1608 13710 8101 7317 4465 4089 2198 7570 1594 355 13776 6041 9361 11180 4878 11459 1868 8643 2611 7769 6808 10208 13963 3403 13475 12430 2078 1439 8755 5610 11225 6116 10107 
7253 14982 4362 11913 1883 7790 9789 946 4709 5718 12451 8146 7247 13737 9267 415 8976 12923 6185 2645 1352 6481 9330 11651 3295 2421 13716 10543 13834 10130 11725 9896 2545 11142 3965 3876 572 9129 2388 456 13010 5220 2993 1623 6885 6933 382 4938 13128 12951 14899 5636 3335 6285 12952 9474 10359 12126 7878 12198 10074 14381 7762 9768 8058 14089 12201 6537 4708 5947 12555 13085 245 10988 599 7443 4294 2878 7743 5973 12318 6359 14422 5673 10416 6758 6640 6830 2274 11432 10816 3859 12250 9274 4274 9485 27 6037 10429 9084 10783 7795 2038 12486 11857 5106 1305 150 504 10539 11057 13387 7517 6841 13671 11798 740 13015 1172 9633 13990 12710 3475 11285 420 4972 7492 8488 2631 322 2177 11407 1609 13553 4681 12636 7333 5979 370 3894 1736 2149 4483 12019 6038 6982 12175 11068 12974 274 11993 7663 3668 11987 4227 14364 1416 5956 2339 84 10522 4359 7990 13886 4123 5244 11897 3384 6541 14246 1100 7549 1569 12560 1357 7514 12415 8726 10217 5681 2708 1351 14729 8650 413 13180 10540 1219 335 9875 3858 317 1596 7532 6495 7237 8084 2105 13939 11331 2552 4430 5075 1421 6744 3010 2914 726 14307 1537 369 13770 6036 9362 4920 11164 11461 7157 7688 2609 8300 6866 5564 973 3499 4330 2021 14907 13406 8771 10869 1102 9209 6564 
6250 5247 2297 10438 13093 8079 8203 5594 9975 14516 3412 6007 9324 7910 10079 10982 3648 8841 11332 11081 4197 14129 14955 11576 3942 7147 13552 189 10101 1525 13207 10434 89 12654 6658 12418 9726 6068 7228 8583 618 11310 14247 5635 12579 14852 10316 5399 12892 9176 975 10415 9117 1922 9946 3810 10713 7055 11893 11844 5166 11018 10133 7881 8599 12611 8012 9014 519 5711 2133 4316 3018 7362 11964 3849 1462 11706 8505 12730 10469 14479 9977 13686 1676 8979 302 14579 11925 9772 1132 142 714 14492 13804 10174 13725 2358 5494 14108 8102 1040 380 10913 6999 3572 5513 774 7353 14630 12397 4283 6764 6332 3104 9280 9510 8919 9686 3464 14511 5959 3422 14434 2258 257 7454 11810 4317 1395 4081 10065 12299 8193 9181 11682 13567 1805 14657 12002 920 14143 2062 12181 8100 8611 584 11724 8790 2734 10318 14305 2529 10872 6129 1967 6591 2741 3297 10125 6900 2326 7545 11901 10110 12088 5632 10957 9889 3298 11799 10302 8690 2301 4817 11246 12369 12623 4225 7181 12432 3149 3504 1549 14435 393 426 5215 7924 3639 12547 12961 7806 7730 3386 12606 14468 310 10389 10094 4287 8214 7865 9066 3604 4742 372 1417 3425 12413 5020 4428 11468 12885 2212 8224 10702 9101 549 2265 12006 1498 11451 7629 13398 2316 436 13703 12530 217 
8551 3713 6603 12208 5659 9966 4361 2296 1890 6598 4309 5961 579 7082 14504 12162 13029 8327 6144 8622 3406 5058 12394 13700 14424 9306 11318 11041 14660 3485 9894 3642 3059 14614 6520 11061 4053 14542 13893 11083 14762 2991 3334 8419 869 4455 12185 5174 11595 10120 6816 2981 13601 4104 270 14086 1154 5059 859 5934 14322 1227 224 14915 12260 6595 3528 7480 10725 6654 9191 4852 2546 4471 12222 13343 1789 8682 5179 9093 12991 951 11537 1730 7112 4993 5454 6025 11006 542 4195 10408 883 4175 11708 10823 837 9156 8869 8620 14820 12940 3939 11542 10231 3028 8541 1322 14101 14009 14448 8916 5178 617 8276 14452 8355 9596 566 10855 219 11387 9675 9847 9712 9811 2514 2380 13313 3852 3084 14513 11053 3137 13976 10679 10346 11895 5057 8062 2081 8000 8885 8576 9904 9498 901 12251 1865 4006 11783 9524 6281 12619 11504 6517 6705 4306 6133 8725 3658 6525 12074 12561 13918 5723 11344 8021 1947 12406 7000 12796 5750 2475 13900 12800 14165 8261 5618 1261 9834 6213 4093 9109 1653 1431 5746 10461 14881 10171 886 7827 3208 5079 6493 10043 2481 11683 2736 9050 12926 865 13846 9858 11919 9635 11034 4110 8713 1976 13634 1692 6158 6411 5870 11587 2517 13514 6572 13231 2618 14484 9581 7869 14064 453 
10498 11383 11618 14450 13034 13277 2178 8917 822 0 7010 10020 939 14976 9489 11035 13932 14640 3470 1719 5554 6531 12335 1125 1900 9422 12280 2527 9326 3332 8008 3430 10274 10001 500 9077 12431 6245 7896 12499 6872 9822 2423 1872 11312 11222 2490 2115 5458 14190 6127 14013 10237 12539 12303 8293 1686 6405 505 11125 2275 8471 988 1637 4469 8057 12552 9959 12139 8543 11788 11846 12458 1012 5796 3291 2610 13616 14759 1403 12758 9508 12141 10929 7460 13084 31 6948 2240 2751 5611 12637 7925 11996 13012 8933 6160 6973 3821 6109 4280 6811 8415 4031 2430 12278 8836 12071 7264 14127 11512 871 11209 10947 7578 6750 8177 8296 14416 7122 9830 3152 14708 6924 10168 761 5920 6035 14058 2516 9609 2151 10440 4268 10401 1500 2385 1079 12491 5538 4677 11043 448 8453 6778 13504 11001 2376 5217 7164 11886 2752 10304 2118 14239 13783 10105 9950 11717 7824 10935 3320 5605 3904 14570 14624 14552 7400 5445 4240 11176 3886 13782 12577 7195 14749 8683 14767 2440 14008 12131 4914 8634 8532 2455 6432 4789 8046 6567 7279 6210 13904 10933 14359 9871 6200 14849 10584 7935 2677 9694 831 12226 8863 7109 12867 6218 12513 6395 2422 14897 1150 5929 3562 3260 4735 4131 7334 8455 2753 7024 9639 6436 9913 11593 3673 11056 12464 13787 254 3794 9517 11485 2737 14591 