72
13979 9790 9973 38 467 4355 3235 6721 3771 9017 2191 1601 6321 5056 4606 5713 8386 9468 14483 3996 10270 6059 6992 13377 13436 661 1683 9001 14840 4636 4045 4292 12080 4823 11316 7658 4944 5496 11283 14056 10666 14737 5678 10280 10762 4411 10454 13307 9831 7491 11642 13458 13240 6547 2889 9348 11747 2746 5965 4097 1099 8043 4259 8646 6424 5643 12368 4983 12034 4771 2589 9478 1669 997 7018 13036 1451 9242 582 10285 14963 12264 6205 2377 10974 9003 14550 777 9853 14808 5040 9475 3206 12442 4779 1292 7994 1203 9856 11829 8322 8263 12572 7506 1903 3199 
9731 9672 6308 6013 13447 14150 4538 9194 12969 5895 815 14463 14740 9566 535 10742 9645 10589 5360 13089 11076 11074 12241 2578 2862 5163 8943 13190 9235 3456 11302 3573 10782 3056 2820 3114 10667 1666 9159 6617 13793 4788 8628 7224 13063 9978 11452 4862 3554 10382 8966 14520 14892 10180 6379 7618 2102 12527 1435 11116 10273 3370 8710 9466 3046 6473 3619 9408 5421 14136 13430 1336 1029 8280 10360 11675 134 311 8226 8134 351 14122 12898 10714 12314 10361 7804 10554 2092 13451 6289 7664 784 4799 3710 2045 2491 4202 4565 11860 7227 10874 3482 13231 11287 14517 
13094 8786 1765 14037 8491 11802 10261 6020 3312 4237 13218 10374 1111 5027 9188 5558 5587 2073 10337 10189 11871 13502 4230 6887 1385 13246 3453 7642 2629 5403 4164 13426 5357 2109 2463 14266 9390 3468 11637 4439 4144 12545 4621 12350 13497 5511 14138 9564 4857 12953 10167 4318 85 2653 7087 7740 5801 14289 7930 3526 6319 6324 7972 3985 10807 4213 1512 3652 9616 450 7234 14497 2818 8843 3641 567 9670 9398 7823 10599 9583 7326 9836 9467 4183 2665 1513 2832 4501 7190 4969 723 14650 2636 7570 10033 2314 7626 2727 13787 13769 12054 
7135 4834 4597 7954 3175 3830 12392 7901 8131 639 8486 7365 476 6415 1739 14896 2056 3544 12536 7855 9542 2744 4496 3984 10710 3397 9296 575 8117 2924 5236 2453 2053 10044 11814 1698 7448 12876 7620 3586 4457 10770 10441 5393 4744 12279 3800 8168 10344 7512 11983 12683 11065 8166 14226 7702 12565 7382 9128 7078 14015 13627 6870 10075 8311 6399 5420 4798 4622 271 5139 14230 470 6812 11127 9637 11842 13410 912 4418 14888 14128 3127 10776 3270 2263 7431 788 2793 5811 13160 12843 4312 2444 511 12332 13349 7439 11156 11567 9563 
9967 12563 14044 5188 1123 8249 7259 9625 5666 993 11199 12748 12630 13914 7733 4335 11513 1300 1813 3878 3819 2427 366 8291 36 12187 6642 12837 11361 4517 4118 3469 14856 9722 2020 11315 10430 5909 4943 13262 1014 8482 14066 14048 9595 1756 10567 10016 6653 14146 9982 9320 2215 10705 1625 5100 11183 9354 6063 5152 6088 3802 14710 2977 11289 541 9697 9086 10875 12338 1924 10848 4891 4720 5690 1045 13435 8842 10994 10672 4712 9338 1491 11084 3162 1534 7509 9534 11210 4804 5031 9008 14956 6748 7508 9925 4017 7848 1244 8499 8182 11282 
7017 11146 1228 13152 12444 9665 9442 1641 9088 13560 12988 7265 8213 5908 5196 5672 4138 11415 12669 1664 14623 5456 12933 5882 779 1506 7877 11241 8766 5108 2158 9720 7773 7953 8602 12437 5002 1286 4616 309 11460 4493 6665 11551 6438 5612 9400 14697 9569 5435 3223 14816 7407 4095 4392 8356 13223 14310 11103 9531 144 2333 4929 13235 6448 7410 3447 4386 1197 1343 14910 3513 10934 6189 9669 9461 9718 6414 9456 5074 610 14396 3803 5696 8909 13740 14362 10582 2219 11768 14202 13652 9994 1847 1297 3993 11931 9699 8396 10267 11056 11822 12467 
291 107 8019 6479 762 10492 2244 13515 4178 12726 12735 5200 12866 4238 6612 11017 9940 9018 8369 1105 12490 8567 3157 10309 2508 2509 857 9178 624 7763 11136 2817 2289 1404 14115 9132 8071 2551 9368 12717 5388 10312 2738 10488 4613 12709 10980 8227 9249 1600 13714 10054 9615 6240 9761 14618 12514 12633 6876 13261 5144 13891 5406 2784 3473 1020 14944 11188 5994 13589 12706 2416 8847 1940 9821 295 8099 2547 13252 4747 5857 5303 11186 735 9204 8903 13892 6576 14718 6865 12441 5744 10171 8868 7817 8506 473 4641 8949 10166 6845 14355 10590 
4008 14922 7371 11920 4951 11094 2126 3778 2480 10674 4120 6199 5436 4551 10923 10986 2954 875 6620 4586 12772 14703 4171 9365 1400 2469 2922 3396 152 2450 10949 13496 5239 4236 3055 2996 10806 3377 2347 7421 9572 13640 1344 6763 11865 12298 8081 3323 10172 3441 4680 3998 13332 6792 7019 10351 804 1073 4895 2797 8199 14040 812 9417 9727 3443 9465 14361 128 2792 6810 3703 11482 6382 12501 1732 4890 1024 5396 11502 12605 5938 2867 8945 439 5621 11879 7274 3508 13055 14775 5051 12410 14409 11626 449 907 534 3718 1535 7456 13571 652 14671 
1825 14038 763 13205 8544 408 9134 1583 4769 2952 13796 8192 7324 14282 8996 9881 1990 8310 830 12184 3465 12903 13582 10632 1348 14014 6875 4695 12424 14617 5944 811 12909 1758 696 3173 5206 5614 931 13520 13112 4793 6291 10631 12848 1237 9418 4870 242 891 2851 12978 11727 1507 7681 635 10657 10252 8769 9746 6227 13017 9676 4564 1222 9161 7158 14062 12447 4446 1056 3458 2145 6628 11516 12297 14316 13505 4981 11543 8152 6253 14847 9170 13376 9829 3550 5761 12367 4189 5940 9620 77 7317 6395 9748 11468 8300 3907 6470 157 785 
4893 5954 3653 13159 7370 6131 8500 13678 7261 12439 4783 12929 11200 12276 5890 6363 13670 2165 12520 8685 5823 7180 1919 9589 4340 9414 9827 9237 7360 929 2525 3613 1167 11691 11433 13911 9749 3618 14643 3205 14559 8266 1553 13358 9708 14356 3007 7499 4647 3134 13754 11688 8030 8022 3547 2464 8844 10277 13000 2808 8313 1710 4836 1196 6820 6650 1770 10732 8198 187 6053 13311 5362 26 3029 2553 944 10204 11414 11734 7687 10866 14573 9552 5175 3678 12120 8855 1869 6744 4971 3327 4084 10702 947 2855 4780 10895 
6309 3712 1936 284 3004 8603 8250 9842 11690 6715 6728 11967 12339 4193 11082 4350 11867 336 987 12079 12477 5412 5941 1302 8067 562 13129 3632 564 5402 10369 14842 9366 13437 2879 6773 6799 10843 2369 8151 13756 6123 7893 8424 6740 13360 17 2582 9683 327 8258 9295 963 537 11660 6339 11339 13227 13399 10618 5296 6372 5683 13687 3003 850 9024 5806 2975 41 1258 5304 5879 14084 5702 8218 14978 9406 960 13403 2141 905 7056 1030 2059 8768 14691 4231 1295 8513 3401 9555 10760 2979 7870 14307 3661 2306 10566 12655 13197 1563 1969 
645 14805 4774 12562 10504 12734 4191 9916 14811 5318 5300 716 7660 5849 6177 6730 5397 3109 7543 12138 3806 5871 14427 14961 8114 4281 1095 6760 13909 693 3764 1876 8918 3587 400 9250 11337 9744 13230 2248 8238 8284 14228 9695 32 1394 129 7294 12840 686 5788 2338 793 12593 3033 6805 7866 14854 7854 9169 5404 3280 9910 4168 12789 6962 2986 910 9556 1019 170 4563 145 5009 10640 3169 8135 9172 14920 12977 7728 12389 4505 9520 669 13172 1674 5598 1101 8745 4640 14576 10979 2597 2271 6849 14366 12124 
9495 3123 14746 7436 1051 10327 3647 8432 14562 4297 10846 10314 102 14083 14144 1031 14070 4732 1761 594 6245 13110 1133 12048 5714 8762 13405 10294 9884 14076 5521 1921 4399 10830 11480 14499 4174 5416 6121 11080 14941 11278 10983 2138 2605 5474 6853 9801 163 8279 365 11444 2261 1540 13340 3395 13037 175 10500 14959 9215 5275 419 9969 9839 4626 14584 3754 10453 12121 9518 14375 7892 13005 4772 14969 14919 1898 4579 9020 13823 13157 9433 3616 895 6172 13193 1173 10422 11112 9314 8475 10908 7251 13098 4005 8034 13413 7646 1570 3970 13097 11235 12446 13516 5160 1249 7260 6621 7095 1852 2682 490 12393 3671 5391 8617 10659 13068 3086 180 10989 12312 
14451 2002 12268 585 13683 8913 5548 2762 5299 11572 14459 11731 11450 7682 9607 2940 9953 248 10573 4099 12815 6931 4475 3096 11487 13187 5869 12027 8111 13660 6226 13896 10536 4928 12778 3692 634 10653 13086 12024 460 13263 10688 13439 13107 10253 4375 4906 5710 8920 13745 13225 2995 14938 7991 1140 3841 4090 4137 6771 832 1619 13843 1895 2346 6311 14079 14769 2725 11196 1309 10644 2805 694 1941 6188 10022 9850 3620 4803 10818 13292 11294 1826 2859 8319 2693 278 10435 10201 8344 312 556 7594 10641 9579 6939 13326 6323 4091 8195 12013 12559 14593 2318 434 705 5551 9550 5313 8700 1278 7044 9396 7865 2260 82 10638 13162 14340 10456 3687 9222 11805 12462 
2651 7482 12622 11324 11265 14680 6787 1418 6480 756 880 3607 40 12516 8618 4179 13849 10687 11430 14758 11214 8900 3021 11192 6046 2814 561 2093 7897 6697 10476 3279 329 12247 9533 8363 13378 10959 5121 873 12614 4531 8365 3077 2937 6204 4139 11739 4757 12987 7458 12050 9641 10480 4739 4077 3310 9118 2633 5583 52 2864 10744 14934 361 14466 13851 12801 9053 11571 11335 4116 11157 1216 8718 8435 6397 5894 4424 3651 13038 7486 9144 2562 14471 14648 4383 1003 6660 12485 12189 11648 5261 9594 10301 9659 2912 13344 7686 6366 10873 9751 8398 7396 7568 11009 431 12448 8434 11036 440 11754 13526 7591 275 546 3697 3954 6980 7002 13042 13481 12995 3864 9167 
2061 5541 8190 2946 8898 14341 992 10451 9312 185 11023 6203 9920 9094 12221 4429 9173 2409 4121 12925 323 3080 9070 2941 2270 2860 12361 4909 2980 12007 1387 10064 5164 3160 14606 860 3112 3761 3823 6563 14405 9154 132 10339 7185 10216 9036 262 4255 4962 14946 2569 4580 4667 5847 47 11845 10037 1086 11118 12296 96 1591 273 14112 13889 14256 12414 10862 1097 6487 14447 1764 14153 8228 3089 138 10999 13213 11001 13726 11408 10443 13182 6843 733 14683 6015 5975 3379 4258 13372 13941 643 6222 6056 13966 5227 2536 6601 13628 13570 14185 11227 10269 5691 2458 1239 1488 6977 2625 14755 1515 5738 5443 8440 14401 2968 1615 7331 5350 12511 
5365 10556 7311 12326 13388 14386 13513 4414 5771 1170 1011 12864 7462 7446 6502 1833 14437 4846 13030 3316 3426 12846 515 3050 9586 5735 4807 9785 14859 13600 1801 14250 11597 3337 10712 5226 6701 11962 11847 8484 12673 3141 7952 68 717 4498 13761 14905 12109 3197 9392 13419 12104 2563 9438 4293 8233 12357 10568 9064 14348 14403 9741 1423 10736 9329 4149 13596 10213 6795 13649 3422 4519 8827 13654 5140 11296 9668 8807 2149 4973 2438 10158 4865 12685 7787 725 6827 13977 13449 9804 4481 12029 9610 13980 12626 246 1972 12255 1146 288 1550 13951 6587 7074 5150 3242 6963 57 3857 12183 5628 6611 2201 1043 10112 5328 1633 9528 13040 1775 12950 967 453 
8905 11677 7718 1412 12621 13146 3371 5122 6303 3588 3529 1230 8251 7226 13023 10530 7542 13342 10117 11863 3994 6000 4879 10628 1361 425 14603 13011 2095 2863 2449 2748 30 7113 11892 6829 14027 7419 12555 11434 1897 10784 545 13461 7330 11219 8975 2856 616 10462 4883 11649 8140 1737 1069 1945 13286 11465 13471 8612 9497 7445 2720 3905 7648 1364 6850 14179 13096 1035 5369 230 12738 6423 5893 1296 10499 10352 14632 1694 1533 8375 6624 11602 744 11740 6146 1649 4658 5368 12328 14884 10030 3598 5234 3283 8044 9873 7277 10276 2824 5566 5068 13765 11921 14065 11604 3305 1611 12360 8064 5728 5431 2196 14399 12193 4489 14751 13819 3090 
13566 7784 14274 7672 4250 2008 9140 2598 3294 3948 5843 10569 10610 2473 757 1931 7501 2350 2226 2482 2049 13401 7602 11004 5764 13906 4632 4868 3511 8113 7524 2804 3748 12777 7173 5649 12850 457 10962 13675 10398 8210 1017 1543 8746 7126 1689 9092 7589 5769 1482 1717 4726 5945 12632 11360 12014 11044 9721 6634 7412 11529 6050 8916 5793 10921 11916 4196 5572 1158 2097 6581 1145 6821 4284 938 6674 9992 4422 4977 46 4450 6178 8354 2336 2182 8142 10655 5331 13841 13767 2848 14649 14836 139 4991 13934 3110 7927 292 3952 4245 851 6687 10324 5685 10186 1004 11072 7238 13278 2028 2695 10938 1065 11272 8460 8123 14458 3628 9168 11114 8831 
1530 5483 7016 5010 179 14864 14575 4604 9370 2939 7659 9857 8832 8834 10905 12992 5377 11218 8821 13619 8301 3943 4645 5773 13915 3509 12617 12243 14486 2155 12598 14311 13545 7526 9238 9769 2935 8717 5593 5829 4353 12967 1130 12672 1071 1776 1127 8810 13400 4588 6752 1815 9131 12494 7938 7276 1718 11411 6320 8789 12003 7696 1461 3092 11019 11562 14302 8659 3880 214 6452 6428 1791 1376 13962 8252 9381 10405 3478 1232 1704 13385 11659 14121 4248 6136 10700 2027 13746 2402 8295 14379 8572 9544 13108 8582 7118 8119 9752 79 9378 13233 8517 2429 6965 9335 6908 12639 14873 9795 4912 334 10153 11579 2795 9522 11746 4051 2399 13103 14591 
7961 13507 10911 9671 13854 6302 9979 12556 9678 11317 4899 7560 5314 3603 6067 9371 5530 2781 9903 7993 11474 5471 4866 12263 2036 4925 8126 2460 6583 9530 4990 6937 9060 2571 6877 1935 10726 10664 8661 1489 3431 368 14051 11552 5673 3495 9628 10685 1191 1132 10067 4727 3918 2366 184 11570 13812 14540 7268 14487 10593 222 3290 13105 14715 5966 2779 10233 3518 11955 12768 1381 14238 14417 10325 2573 5165 5320 7444 12152 14954 13473 8340 12272 2918 8967 6978 3147 6195 4776 1705 10426 2772 9457 8929 11910 3272 10645 1351 14003 7712 1367 6410 2472 5096 3376 14881 2904 5089 3740 2198 2323 11803 5315 13593 14655 2302 4148 9951 962 6023 
5601 9613 8957 2120 14568 11684 5187 11022 10506 13624 11966 1760 12557 12811 2722 5889 14439 12040 5589 6944 5419 4453 720 14585 5635 5751 2468 3937 13895 1034 10535 13424 6052 3102 13486 4223 12965 3410 4767 10903 3941 164 1345 13166 6091 7679 7089 9105 3636 13699 10854 11398 1010 765 3566 12652 9287 4136 314 3105 386 12894 13871 10113 10880 10922 5570 3193 5553 12047 786 10437 3979 1753 14100 12979 4976 6409 4713 13562 7351 11679 13708 12913 9162 14388 14493 10185 11429 14507 2107 4644 7726 718 10721 3222 11584 10116 13626 11171 3888 4800 14213 9989 9480 10584 8391 9420 11764 726 3555 12159 5290 12708 7001 3757 14220 4270 13752 6921 
6840 6551 6839 12202 8498 9311 11264 710 7731 7364 4 14168 9422 7737 7285 2899 1634 8015 8775 8626 9098 10884 3629 5692 1151 14850 10709 9707 2568 4810 14312 6936 280 12847 13968 398 2112 11906 14561 12200 9980 3082 11873 1602 9781 6804 8033 14074 183 1153 950 4373 3433 13341 4444 11531 11819 3446 14192 6817 11373 12696 6914 9565 12928 9359 5755 3546 14728 5427 2445 4730 12830 14788 4599 8816 7749 8960 4838 6982 11304 2103 9432 10206 10748 9482 2176 9819 10773 2654 10637 10199 12677 3576 10124 12289 315 13018 3065 7868 7605 13764 11505 9048 12744 10930 14771 13396 10326 5516 8578 7280 3604 1417 3108 7103 8442 5446 3444 6589 10281 10104 
9908 10616 11795 12733 13041 8078 8209 12689 11568 8622 11391 697 12085 13561 4842 8132 3780 12571 6354 1074 12402 6402 2213 11769 7387 6695 3276 4869 10063 8352 2394 742 1862 447 6888 3115 10785 13638 1661 9395 2406 12635 7271 4530 8564 4549 781 8848 3016 3867 14374 11714 2976 1068 6396 7204 1427 10829 12068 9059 12578 5565 8887 4432 10095 8882 12106 1094 3002 6659 5730 11497 5111 12695 12705 9437 1738 5603 11698 7096 10083 1002 1646 3834 1528 6987 7313 6163 12269 13208 8416 8049 8705 1392 9339 8489 3980 10555 10242 5562 9968 466 9227 11781 13374 13453 13647 1851 4111 9893 1075 4308 8594 5232 14460 12783 2850 6328 6283 
3359 14923 13742 4892 3181 13808 5836 8970 7777 4650 13100 4545 9961 10138 4002 12852 14622 7475 2659 3825 10471 9409 12616 13738 10552 4260 889 14817 205 484 4652 358 5279 454 10707 10766 8999 5694 1978 6049 11890 8294 4871 2630 2865 13958 6759 3879 13850 12611 9841 1283 10457 14678 5120 13879 2288 11342 11160 7148 11197 13391 8351 203 1638 12835 7550 3184 11885 293 955 10842 2877 15 11293 8148 2051 509 10981 3960 6044 4685 4156 7327 1853 3492 1201 12060 10891 9111 10411 8995 5640 2987 6837 14337 1131 885 11800 5425 573 6246 9107 7941 8093 12004 11836 10442 13215 6959 10024 2044 525 14668 12957 10519 3185 9256 3025 879 4037 13806 1593 3405 12234 9786 11086 9246 3237 1315 1408 14397 7201 13845 12764 12429 10896 2754 195 13455 8438 5854 13599 1209 6550 10826 2424 13512 6991 13116 13196 13984 10955 10407 13061 
13330 14509 12680 9966 5482 225 10196 1523 3837 3660 9385 1129 10373 5495 8072 3135 580 7895 462 2895 3273 2364 1636 6675 4394 2069 13141 5086 6813 2285 2932 4829 7416 502 1369 9471 9245 12244 11772 1388 9591 798 8589 9661 12493 9130 10654 9900 5319 14442 5501 1049 25 11455 722 2492 9336 2465 6463 12966 13425 7794 10003 12868 2012 6940 5367 319 5119 9733 1187 10159 7471 12899 14689 14639 424 11149 6560 13248 11719 9405 10509 9505 12586 13031 1762 10420 4762 3637 4595 1679 12466 171 8361 7455 2134 7476 1913 3178 4393 13446 11640 3438 12682 13960 8951 4627 14712 8041 4442 12889 1572 3776 2457 10912 4068 5463 8158 13267 12904 1120 4214 11016 4526 12153 4832 5185 4544 14537 81 7237 3838 12606 7473 14477 4440 14200 9868 372 5752 4735 8713 2715 9571 8761 12075 11508 6967 6316 9007 
12740 12917 4126 9383 14214 8255 4473 7442 1818 10609 13279 7141 9448 8264 5082 10740 9503 13618 13539 3286 168 2958 4407 2467 12558 12787 12844 5410 8998 2292 7521 14231 11260 7582 3452 9254 3099 3633 13662 11598 12895 7527 14017 10192 6298 14915 6655 5378 5298 7244 11396 11138 13820 14560 3704 1425 14233 4698 14523 8220 301 13707 1663 6619 9025 6927 9407 10823 11457 3990 14828 14815 3218 5447 968 13813 3252 6745 6332 4903 2641 5808 2091 12919 12763 2548 7184 4495 9832 10460 13022 14717 4387 7885 1517 9558 4697 11130 10013 13077 2294 7470 12293 921 10394 13209 9357 4639 10656 3143 2418 9225 11366 13705 8930 3828 2218 9332 13251 1433 10636 2713 1554 2498 3287 12035 5582 1298 1006 12806 475 1349 2304 8750 6739 6293 7060 6277 2896 5923 14720 3680 4310 7258 7987 14411 5339 12648 4072 7651 10413 9573 4135 
13743 10025 11854 10019 1588 10792 881 9430 8721 5536 7025 2232 6561 1951 12634 5904 10864 3413 5528 10860 3288 10425 4763 6297 2755 345 3155 13464 4571 7130 5340 207 6767 808 9294 6639 11477 7821 7170 8883 13024 12954 9956 3751 2994 14853 13499 12849 1463 14936 7443 4235 1961 1548 1108 3940 622 11276 12822 209 5985 12304 6981 14951 4988 5865 6614 5494 12663 2622 13931 1599 8115 6358 10403 3964 892 399 13109 9072 11137 4187 6699 2426 1383 3665 6979 212 5385 12996 253 4401 5545 4224 6618 13816 6153 7826 13490 2057 6157 12133 14506 11446 7336 11499 261 9440 1118 11069 11853 996 9762 8575 14667 13272 1399 11349 8437 3203 2680 13580 7077 10966 14609 14130 442 14318 2988 2330 12065 8450 12450 13335 2555 3496 12926 14554 9327 4679 1750 9125 6057 10048 12939 3031 13062 12108 12391 
10144 2710 2828 10550 6426 14149 8852 11323 6656 13677 9560 14863 11804 1538 3839 4532 14164 4960 421 6472 10728 10622 4378 972 3611 13641 4466 13126 1164 7505 13493 2313 4239 12538 4986 10592 9216 5695 6465 4989 6108 9710 14252 6416 682 11313 1817 6006 814 282 599 14324 5619 11374 7802 7856 6713 4423 4975 596 8994 12927 13463 11634 11406 2974 5414 11878 1442 1604 1899 12337 14658 14605 8874 4628 5465 11162 2740 8861 7289 14020 8621 1368 12022 1233 1787 3599 7531 1054 11279 9196 12435 8413 6389 5109 11858 10797 12502 3106 611 10824 901 10304 4147 11676 14830 5862 2617 862 1614 6340 10169 5445 14903 2381 4087 8711 5820 3186 8877 14626 6548 412 1413 4939 1159 4523 10525 3024 12961 8568 1799 12172 5195 14283 5054 64 14831 5787 10918 7334 7968 6158 9986 2774 13669 9028 14293 553 
6368 4302 12504 12916 1706 13736 343 2119 1536 14162 1293 12274 5654 8663 4665 13264 1287 1656 11096 3072 7049 9031 7298 6325 1288 5971 5440 14072 2934 14601 441 2801 5104 12479 8585 5812 8825 4161 1508 11182 1626 12896 12660 7172 9897 9248 1994 10310 9074 245 9926 3822 3350 7738 7979 7303 10036 1204 14538 13281 3035 14415 12650 2130 9110 3782 10357 12132 6404 7394 5308 4352 7799 14158 7630 12355 2898 6535 14597 4267 14171 10526 5729 12856 8812 668 4923 8281 10735 14058 1727 13033 9846 4553 14077 2026 4682 1510 2883 5942 687 2933 353 5287 3769 10023 5219 4686 4477 6194 12963 625 12119 5925 2278 13774 4172 14475 9939 12174 12030 13092 7090 8405 12147 5876 5759 4460 12865 5844 6824 709 5669 7199 5586 9207 14222 13179 14765 6041 5077 5274 13651 5146 14883 12589 1970 14871 9854 5859 4454 
14156 1766 2237 7548 13323 12503 13087 8662 2414 5902 12097 4356 167 8959 6244 8085 1070 3375 5731 5255 1525 10160 11509 12026 13797 55 14328 7328 3898 9883 6754 9776 4573 14899 10296 8881 9473 5343 3338 680 8116 14843 3750 8127 1273 5652 2584 3705 11198 4648 8425 7894 7539 11868 13525 10469 3075 14049 8758 6615 1128 2485 5198 2982 9289 2072 4280 13607 14833 12180 13168 14761 563 904 11944 1840 517 7125 2830 6451 10115 14217 5819 628 5159 1867 9888 54 6785 4992 49 9181 9578 8159 11643 13333 8103 5272 14690 7729 13468 2267 10105 5851 7233 5980 4360 287 11977 13949 5539 13327 11481 3078 8580 3593 11484 1062 3502 7705 14254 8547 4806 2477 5634 4371 4802 5913 1670 4249 12252 5252 8383 8525 2422 14553 9278 4676 8275 1714 5915 7376 12902 13642 7296 12110 984 
7312 9494 6597 3411 3831 4420 6184 4073 13737 9796 8937 6421 13637 10681 14365 8441 14113 11318 6789 14754 6775 11428 7143 994 8893 893 4437 602 148 11253 11753 2882 3767 208 2567 4456 14960 3512 1328 11715 4753 9119 11303 5413 1106 12021 8956 4059 14914 6440 8451 9899 6917 11079 7212 2487 8070 14651 11806 7230 3723 3448 13476 11689 4431 7736 4108 845 5898 11630 2771 12781 753 10749 8625 5911 11394 9936 9859 3020 2712 5721 1617 4904 13645 1797 10341 13959 9987 11311 13313 708 8003 4476 320 7368 5656 53 9113 9180 14980 6215 3088 4382 10789 8699 492 13982 5449 4343 6156 12465 3797 1467 13317 11971 6212 14549 7931 5453 7037 2495 10106 13118 9047 8724 14744 12072 469 7321 14814 3709 662 2035 11801 2577 8872 12757 12526 11888 14824 5726 4322 7179 6926 10879 8619 1252 790 14779 5610 6040 7515 
1471 5129 10851 9907 8203 10910 3955 1411 7128 11672 8976 948 6380 9861 11395 2291 6443 9658 4828 5574 14522 10256 8427 10191 8773 12785 2705 2757 12256 9549 14026 3524 3935 620 975 10356 4043 1685 8884 14194 14547 9307 12257 7537 1640 1168 2964 14882 13643 11101 12935 2583 363 8741 5437 6822 9636 7440 6337 2969 6960 13163 391 6881 2386 11275 14866 13653 13792 9459 3684 13489 3264 5224 10939 83 9523 1414 6909 8553 4786 10298 2966 8222 1790 3474 14948 6928 12941 13414 11325 50 1137 9988 1059 6392 8453 228 118 7014 9498 14137 5411 11423 14851 1985 3930 7250 1651 6069 14652 1000 4365 3034 11699 6264 8892 3835 6762 12229 11193 3517 4186 5149 4831 12111 3274 10444 8794 1952 13315 12607 7378 8101 1598 1547 12983 14635 11872 4723 2257 13524 9639 5805 2812 10977 6918 1139 3150 
8374 12327 14215 12032 8793 10615 238 9553 4243 2591 244 7029 3483 12713 521 5550 4134 4061 11277 9629 14880 10434 834 220 8449 2646 1457 9068 4337 10906 14262 5707 1092 876 6048 12718 8645 7111 6170 4576 10831 5531 9532 13604 13250 6003 10251 2997 2959 1816 7008 2760 73 5088 11932 7389 422 6488 12711 2869 8443 11655 14061 13189 10686 858 11354 2838 9649 6417 13666 9447 3939 4254 12239 6261 498 6889 4162 13353 2287 13943 4049 7820 12823 11424 6686 3231 13784 135 3507 1492 6482 4688 14952 2558 331 10335 3480 4275 7944 3329 13444 8357 1179 12643 3887 6001 12980 2124 4461 5995 8237 5346 2947 3324 6330 3893 7278 8867 7343 9788 13785 13151 1382 14229 9079 7191 5880 11346 14342 8388 8337 10859 8122 3343 1421 14114 2736 4625 14832 5800 11014 13411 7907 7043 8806 12629 11510 6883 4801 6512 
2238 3182 11441 2001 12982 2532 9193 7377 14280 5491 1896 6494 1719 933 12697 5373 12280 13869 13834 9452 3059 13873 403 8782 12064 6826 11900 14564 1870 5794 2580 926 2390 10237 739 5400 10297 7585 7114 13781 2334 918 3646 10900 4000 14797 8720 12142 11728 9213 4557 459 12790 9545 3610 1212 8802 14453 1366 8345 9654 4313 6929 6024 10174 3387 7576 863 5532 5257 4824 2504 8031 10155 12481 8161 6468 1245 4314 13548 9944 13990 3551 6447 9998 13646 12741 272 1157 6806 615 8833 7198 2944 4581 3873 13331 13390 9981 10737 11825 14983 11054 14889 7240 6913 937 3357 2590 7922 2064 396 3339 13039 4064 10894 3047 14021 4063 2708 4494 2783 5230 14019 14802 8570 14822 11038 9871 8096 10149 5349 3322 11308 4094 1380 737 12000 3107 5087 13137 7801 5450 2094 13529 12568 3917 2070 8206 
1884 14450 8256 10321 1477 12267 9376 11494 4184 12805 8545 2998 4840 1819 3896 8183 13106 12970 1046 13442 1044 1516 10611 1723 3139 8347 1459 11902 11369 2342 3000 325 395 5930 7859 4574 7347 10595 4577 5462 623 12011 9189 8412 8481 9779 2702 7186 14410 12340 9218 3372 13874 2905 9508 10929 4934 5493 3151 5737 5237 4069 12829 13379 9152 2615 8187 4693 10993 8109 10547 6573 7361 10998 10395 2523 4785 12199 852 11216 1317 8876 8404 9673 3635 14449 9434 9703 11779 6972 14412 6012 9696 3325 10679 5899 9729 7020 347 9138 584 8370 1944 8200 3773 14834 11918 508 13713 9166 97 7257 12323 8925 7857 12324 7942 547 6305 13564 5799 12036 4122 6684 4835 6844 10220 10448 7946 1965 6503 3309 5311 10031 4438 88 4603 14714 11862 4325 7272 8273 5156 5374 12644 4052 7140 10869 6116 5273 
13035 4657 5600 13565 1824 13506 8433 13028 11330 4768 14976 703 2526 126 8675 4315 1701 4079 8242 2067 3784 3391 4289 12870 8032 11725 12099 4409 1605 13788 1090 6671 13574 9806 11194 5263 14247 5891 1347 7639 11122 14132 13719 1214 6107 13663 9234 270 5461 2866 8245 5992 9356 13555 13027 6357 11195 13971 1784 5415 2052 10157 3967 191 14582 6949 7207 12286 13635 1781 3631 9387 6796 4844 5355 9700 7479 11301 2843 4550 7943 3564 7963 1422 14500 12191 8562 9767 5544 3302 9742 14841 7715 1107 6809 7708 6606 7845 2489 3271 14964 1207 9872 8739 8502 9103 3001 3657 1668 4408 2588 6334 2476 1672 13428 14432 12642 6 12942 9585 4956 9891 4445 920 8167 13479 6761 10529 3945 9397 6112 11974 4227 10936 6702 7958 7847 112 8732 3860 4216 6312 2160 6920 8076 1999 12249 3093 13472 7903 7021 11364 1885 3560 2395 13154 5733 413 428 14631 8792 10102 14242 10340 14106 5264 6814 2255 9738 11469 147 10472 10279 5974 13947 12354 12924 123 900 6626 4978 10187 7161 8990 5197 6637 512 949 4330 14224 7102 5384 4743 14773 13575 
1943 6663 14155 10202 6492 2768 14273 1229 8734 7547 12628 3249 9666 8504 4710 1660 8819 2704 12398 1223 14977 9660 11273 7064 10427 8073 14467 89 2305 574 11371 1103 7564 7536 12315 9601 3708 974 9350 913 11533 7346 4219 856 5459 2273 11656 8176 10122 2689 11126 10605 387 13083 800 5826 8779 2230 14030 12994 9985 3790 5083 2642 11047 1225 14796 8387 12045 7007 12810 2017 9997 6219 5211 10572 6025 7786 8738 3920 10303 2936 13872 8697 9164 12486 10205 5926 3467 824 14677 7340 6496 9877 11236 6370 13222 6750 11242 13897 11838 9693 8211 11234 4740 8993 1688 6801 6646 14052 11407 1629 10662 10082 14867 12878 9460 13310 587 802 9711 8045 12175 8490 5212 8163 6349 13590 10367 4199 2262 8871 5302 1373 7309 14826 2554 3989 7417 3384 14000 1474 8698 13612 11025 10350 13195 12470 14589 8902 14334 10265 10286 846 471 12122 14176 6720 11759 12786 11110 14495 4513 10996 8332 688 13701 12228 1311 560 6453 12724 2833 9066 9042 5901 13762 11882 9514 3976 8283 13592 14436 14602 5382 11569 11173 3140 8573 5028 3402 6234 11166 
6958 14096 6073 14385 6485 9081 1890 6722 9016 8795 2716 1892 11035 13029 100 6590 4370 5058 8445 2250 14424 12103 11041 2233 7497 3640 12853 4416 12461 12343 9127 6009 12964 9039 12716 1872 3463 4940 10691 3758 838 14721 8763 10768 14839 10650 3278 10238 4515 6523 4046 3230 13427 3574 10428 11903 6832 11611 7776 4965 7304 9685 12345 9449 14587 7566 13343 11991 6241 1371 10652 4777 2721 14068 14787 5142 9190 12637 1027 10336 2910 3094 5662 13720 8751 3408 3459 655 5106 116 11542 8128 7264 9674 11590 12624 4057 1966 11904 1822 12422 4916 1828 8312 13950 176 1721 10494 6644 9701 9006 48 2411 9450 4417 10383 7332 12288 964 1736 11953 5484 14541 12997 12330 12974 750 9283 14684 13350 11148 13882 6526 7101 5101 1628 11134 1082 7552 7433 12206 13210 13747 13865 11945 2770 1618 8001 10259 3946 2621 2398 12351 5976 5248 5717 11261 9870 5722 12769 3461 5743 11270 8889 8086 12985 957 10621 6377 14178 4430 5686 241 1622 945 4808 12901 770 98 9292 4961 11770 7168 8025 11 6847 199 3899 1498 11402 7098 3916 10305 9927 9681 
10439 6603 1589 9022 8492 940 946 7836 11972 1949 2703 13696 7837 13867 10904 6079 14581 3058 8722 13316 12262 11159 14032 130 11694 6413 5646 10368 14498 10353 11356 8677 751 657 2372 10060 11319 6166 11548 13777 8940 11654 2462 4692 6464 565 9651 7998 7940 9061 14725 14676 388 1165 14974 7183 12699 5888 8805 13617 8923 1757 12163 13203 10334 13144 4675 3908 1777 10041 6437 6429 360 2371 373 14512 1186 11748 2544 8743 12475 10528 12388 2957 1060 10757 2312 4845 7027 11942 4215 9754 9367 5878 3846 14276 660 4038 5852 8069 13581 1923 3597 6584 5012 8808 7500 6802 7487 6625 10833 9811 8254 1731 316 11623 10345 11456 4269 11682 5504 8371 8493 3693 12684 2280 12918 13803 9257 11473 552 3995 10695 7097 3855 2116 2443 7611 1526 11085 7545 235 3711 14860 11702 14770 3019 12266 7369 14261 9933 12116 14727 11884 10995 3988 12348 6643 4907 1275 11425 8147 11704 9185 13550 3676 10987 5704 14763 7152 983 310 12277 672 4465 8063 5863 3663 782 14189 6623 4959 10177 8289 7928 10937 6670 7213 2972 13693 4159 2560 10338 10423 6235 7850 
11501 9082 3889 7194 5063 12090 2185 7967 4663 6553 12438 11448 415 7613 9902 6970 12793 7711 9999 539 4547 874 14446 13856 12512 1680 2836 2018 12756 1988 2637 13759 4997 4614 2696 5301 14662 3522 9778 12595 11948 6462 9943 2037 7232 14545 12729 8353 8409 1096 13898 3691 4518 10948 7880 11254 637 7068 10076 9100 9626 4766 3726 7834 2251 11905 5297 6327 10902 14887 10924 10449 1022 1730 1217 11295 5611 614 11491 4562 1912 2858 13838 13004 4864 2209 8869 478 11221 4449 8048 1566 2799 13143 11988 9051 11419 9033 12416 4490 10867 9308 6456 12710 9137 2190 1013 9019 4756 8961 14472 51 1662 13328 14184 9852 7249 5952 2853 5084 4677 5448 5892 2031 13392 2376 1850 14195 12171 1620 13916 10758 13150 6254 11939 7636 9745 12921 11674 14624 7695 9965 986 9262 11591 12233 3737 14303 10951 13724 11204 11835 12623 9375 14270 700 11515 410 12761 1264 4395 8666 8407 5645 1655 3569 5325 13583 1675 9384 8223 10387 10564 11390 11687 12017 4985 13020 16 3617 6335 3982 8890 6984 7574 8914 7494 3215 3049 1928 2205 5030 14259 1195 357 
11678 1234 3358 14398 290 11625 822 6964 1654 474 8439 1052 1831 14221 14640 6258 2173 9135 4610 11673 8854 2421 14918 9481 10130 11024 4114 8006 10176 6658 5322 9719 5381 9599 4888 12905 9844 13908 2549 11989 3760 7888 9648 8054 11949 4341 13191 1036 10182 5639 13319 9355 4882 6947 1331 14794 12139 11729 9251 6360 8247 4316 9191 8188 2 14759 2170 4198 8682 5179 1285 4246 5732 8286 4687 8292 2928 8317 10331 11288 7735 799 12907 8448 2603 4285 3677 1048 13530 2397 9228 14284 3972 12599 9885 2202 13535 11078 11798 1855 14423 4601 734 9142 7451 14421 3559 174 6941 5841 6633 7765 11439 2413 5053 6054 14868 8473 6635 143 13174 5523 11462 2852 8886 8447 8968 153 9492 11466 3565 4188 3911 10088 7219 6306 14583 13622 7841 9845 3061 3281 12914 13125 9260 7341 3953 3380 5407 2317 3915 7374 12028 1038 14629 497 5035 13074 14785 3578 12349 9657 13929 10246 4861 6336 11115 13221 5210 6149 8466 5527 14827 11388 11683 10767 8348 9892 1434 11899 6387 11685 7811 2796 5585 6078 10364 11582 13470 13363 8627 14588 6394 13894 8230 
10085 14391 13389 6014 9849 13801 11671 7719 67 4368 5064 7914 13855 5194 3648 3253 8185 356 12044 4964 3961 11614 11828 7956 10101 6579 4905 13265 9865 6649 572 9114 1365 7741 9837 6856 11312 4101 2528 8428 5161 149 11299 6816 11359 3689 977 1980 5875 12305 859 13201 10841 2699 870 13204 8130 5383 14147 9095 10747 2846 4670 14646 6300 12522 9862 6890 14402 601 9097 5080 6632 14394 8992 989 7753 3311 3762 10580 2897 3690 1807 432 3341 14533 7989 13935 70 9525 3028 11070 9957 3774 14807 13602 14669 5013 11158 11090 8856 8828 2970 12897 1355 1821 10463 2451 5951 6629 13386 4402 8989 10689 6043 7459 289 6408 9996 1880 14476 9734 10561 9187 11060 10597 8507 12373 9224 7395 11403 13216 10046 7923 3978 4265 11328 10755 1561 510 13547 4155 11738 6070 2756 6507 12529 2557 10942 4817 9863 11794 11150 12094 8399 982 5720 14777 3032 5559 6741 7388 8381 12113 8216 10708 12294 9656 1606 13457 7085 3010 11624 377 8477 14891 14173 6613 10743 5606 12936 8986 10954 9233 7211 13120 1858 1960 2566 3779 613 9952 11051 
1058 11147 231 3536 2178 6374 5017 4427 6539 8262 13454 12497 12569 9547 3824 6185 8426 14518 13633 14857 3013 2999 6384 5537 2195 6164 3627 6974 934 2639 3721 13952 2174 8480 14033 1857 3788 2844 14778 13421 3729 5281 3630 9232 7583 12775 9474 10358 11716 6819 11362 12069 4222 8009 7950 5177 1581 7363 11375 8333 9427 9604 2723 14174 6381 481 10516 835 2433 8038 14479 10745 7812 9182 2515 1658 1545 1874 10665 8941 6935 6037 7563 306 7873 2379 6391 3743 11365 13766 8756 5439 10264 970 911 12573 14702 6467 12140 5768 13656 5688 1795 2690 9139 6466 4932 14069 2258 10791 14078 2387 8936 5126 11320 12190 12678 14926 13295 1805 3439 11404 14143 6666 8479 10619 2203 3829 3363 7136 11109 13783 482 3591 11766 5438 14524 6231 12915 5969 1409 7975 3491 405 14567 6097 5883 8649 9516 1089 1308 14535 8826 8635 11761 13431 9504 6718 1986 11518 2601 10348 6513 5922 62 4797 11367 12236 1910 10507 13491 8214 14950 1497 7575 789 959 12471 10719 10576 13467 7978 10800 9091 5870 11652 13415 4190 7061 14161 1681 13883 6175 
12681 7843 1057 7960 4007 10969 3011 9960 12693 10963 5784 7438 8557 3353 13047 5712 1774 13395 3765 11635 651 9924 5432 9035 3485 11732 4112 10375 9206 10746 6953 4630 11653 8664 543 7534 7772 14898 13611 6343 4527 8095 6993 14249 9765 8408 93 4104 2747 4635 1804 13780 5757 11185 3171 12316 14148 3938 13853 932 10254 4734 3 12495 5914 7507 8864 2728 7657 3903 2961 6442 13417 14900 6181 11326 10410 9446 6042 5886 8089 4436 5460 2759 11314 12232 2308 976 11175 529 538 5860 7322 1954 576 1081 3808 2004 8302 7578 12839 6431 6489 13155 14413 9021 7781 6983 3457 8791 4717 569 12702 1495 2284 4478 10401 1500 14018 11851 14491 392 3991 6039 12841 7100 5127 13232 7840 2752 558 13001 2499 3856 6237 10731 1356 5540 7372 2849 11049 11917 12213 371 2144 6074 7691 12170 3360 4425 847 7638 9298 2531 1846 8017 2293 10363 11751 7667 676 5807 3694 12631 9875 4367 13534 4792 1042 14704 3128 3386 3248 12880 13710 13422 4405 11544 14810 2375 14515 14 5804 9463 3836 2483 6857 10466 239 10347 12472 13585 4617 7810 11291 768 12218 3739 
350 12386 14628 3595 13448 704 10078 14634 63 6898 3129 11743 14798 1110 2113 299 5554 8170 10978 11336 11922 8563 7147 14682 2246 10198 12195 5338 13224 2764 11981 12372 13480 13965 7818 7121 12300 4217 4158 13069 8467 13954 1859 12834 2391 11064 5754 5813 4872 1155 13957 14145 4587 12128 516 3702 10195 6301 2171 9782 5651 4321 7797 14351 7974 5260 12758 13938 6988 10703 951 9682 9300 9013 609 10698 3420 5867 3159 11583 7833 4554 7053 7441 7040 8415 732 11267 2122 2456 9713 6678 13930 871 1979 4103 10193 11609 12755 12220 7609 12127 9183 13682 8136 3615 6838 13016 5817 7218 1909 1496 13462 10440 12651 14825 2385 3812 10671 14347 7745 8515 8978 3121 548 5268 3974 12469 1982 3567 11370 11620 6549 4602 3753 3304 2707 8694 843 7156 3775 6211 3792 2815 14455 9777 407 11089 14271 2022 14594 12033 2003 2193 2461 819 8641 5599 6825 8577 3858 1712 10798 6647 5332 2105 3385 1220 3204 5075 3307 1313 3874 2247 12408 158 13748 3579 6454 10271 2479 13588 5172 14612 10343 2139 1493 1948 8047 5783 12134 11864 4995 
11855 14333 10793 37 6538 14975 7069 13625 6498 12975 5004 6610 14267 5019 4827 4945 480 1208 3719 10484 11454 11605 10080 9009 11850 3430 10274 8642 5045 5469 10473 12676 3981 14555 8716 11163 10248 11712 4396 1306 928 3906 692 4751 384 7231 11834 8765 13073 2039 10418 10074 5815 1814 10723 2522 10608 13260 7891 6242 2348 7422 990 6976 2878 4707 2524 2787 3672 6209 6450 8212 1481 12473 1794 11891 10795 12691 9662 201 2013 9584 2417 3656 11708 10028 7917 6134 380 12506 3900 9261 13522 9230 6350 13758 14225 6516 3926 6286 13695 5709 8296 10362 5734 7668 11760 5578 3624 14748 42 10839 6034 11810 1673 13739 5007 5900 8495 14962 6216 1728 9493 4874 406 9221 12210 4376 1452 3183 3356 12240 2731 13173 10898 7107 969 2259 13859 7367 7413 1334 6574 13549 10794 7830 792 13782 11875 2065 10263 5067 5715 6542 9239 10317 2790 7073 429 11230 9063 6690 11523 4277 10354 12157 6331 11705 4794 4447 8910 5509 5682 12301 4379 6106 376 5962 14291 966 6588 4936 4110 7178 6916 10819 6803 9913 14163 11274 1429 13887 3732 11046 12842 2420 
12209 11442 1117 5837 6662 7783 7305 6598 1713 11389 13270 533 10209 1064 8858 6144 1778 3076 7969 14327 14268 14968 11812 7831 3354 14675 6179 4533 8231 6207 5124 11135 12890 7770 12912 11887 7366 2816 3583 13620 3098 7759 443 9247 7996 9825 7704 14902 6818 13072 12482 13367 6878 1637 9015 11785 5295 8897 1342 10452 4080 7915 10634 6150 6504 6268 14700 3527 10865 1248 1147 8376 12468 3787 6968 1659 2253 9413 14120 5081 6969 13804 8895 155 6162 1558 11129 13922 10606 13183 4377 5827 7176 9241 13122 5749 7066 14133 1180 260 14580 7858 14521 5742 11767 14264 11290 4737 8590 1946 8277 9653 14059 45 2564 5116 4268 7782 11488 370 6998 10066 8464 10738 2949 9240 4578 8139 724 6247 13606 12356 4324 2868 8870 11970 8555 5625 5605 5997 5877 5245 10377 2927 9714 12594 5090 12053 9905 1974 14556 374 14004 3103 5917 1964 11348 354 14219 6869 12795 2559 14123 14296 9993 8171 3602 10424 689 5856 6689 3208 9403 7154 4169 6218 6906 2378 2319 14124 11919 12395 11700 12875 12700 5266 9698 8558 11587 13465 4263 8029 1085 14047 414 10458 
3418 8315 5069 5306 12385 8668 14332 5594 0 7010 6243 5076 13795 3367 14404 6592 5609 4724 14387 887 2585 9393 5790 2881 279 10787 11985 6893 9490 6716 4319 6223 13051 5478 14858 12418 5204 11489 4791 749 9647 2993 10119 12107 8406 14821 10670 1407 14013 1565 4633 13955 8175 5344 4459 3101 11952 5697 162 7645 1047 4931 14735 6183 7835 4177 1934 8328 958 10988 4589 8896 12281 7743 2782 1403 10275 14407 11256 1206 11837 12363 13686 2628 8979 6075 10056 12742 6476 9536 715 9485 27 2917 12062 4364 13253 2084 10062 1389 13202 3724 13320 8208 11031 9046 8541 10559 10332 8574 1238 8423 6084 1205 10481 1263 10704 8988 4745 8346 14159 4758 10029 11445 13291 257 6882 1930 4612 6355 13553 3969 9814 18 11467 11934 7846 684 10990 3416 11412 8062 7905 12223 4205 1864 11993 7273 2734 3342 805 12507 11615 6113 4660 2831 13269 5470 12056 423 10883 5307 10232 3752 4098 12780 9869 1114 433 2435 8673 11585 14010 9121 11956 14181 4225 12760 903 7852 12443 12275 8676 4664 4207 1889 13003 8088 12537 12582 9146 2142 9934 13888 9694 9598 14414 10094 8927 2542 9632 487 10751 796 14709 14248 6036 3166 4996 4131 13099 1893 8922 10820 8932 5526 13963 11958 12353 4607 6471 6867 14484 11232 2083 12371 11636 
4303 14687 6427 13329 9730 10380 7429 14444 5305 3306 9724 14091 2303 11205 8485 1483 11436 8921 6533 2645 109 4197 14699 13928 3295 11607 11037 5648 7300 1503 10825 3170 10001 8487 14616 12431 559 14011 10669 2351 12971 12284 11045 2519 10956 11555 8232 5989 10278 14663 4102 1326 3335 7468 9945 12836 7054 7939 4163 5698 11244 3289 11726 1227 9543 9310 12694 12968 5947 4970 9958 2374 6654 5029 5592 4380 8392 7716 3644 3133 9123 8928 8267 10154 10146 12342 6922 9426 5454 8857 13104 12958 714 14492 6168 12456 1836 2484 13181 8561 13301 13214 4980 1305 4942 10239 5317 9333 2700 11588 10972 6221 12736 13863 6724 1786 6458 9510 7004 6575 8287 9288 3321 7450 1141 1708 2242 4998 5363 980 902 2534 5110 10991 590 7214 4332 11911 12384 2058 13081 3355 9735 11245 12838 3245 6747 1426 728 11938 4181 12207 7723 111 2798 9085 3582 8141 5036 6546 5936 11681 4048 1256 6307 12092 1882 12230 666 9305 6296 6506 691 1947 7957 7000 8075 3523 3398 1323 12057 6310 1771 3614 4955 14932 10052 418 1301 10406 4721 14043 3268 3201 11641 10718 14006 14532 9691 1608 1891 8143 8873 12832 6196 14377 10741 1594 249 14241 3425 3167 4329 4133 1785 7693 8037 60 6808 10230 973 1268 1788 4035 3048 2778 3794 9716 13290 6401 5568 
7253 5247 11029 13920 14569 998 9789 7908 166 8958 1759 8013 2172 6439 9501 7601 8950 6599 1221 598 402 11212 6317 3131 9798 9313 2211 12217 956 4946 10366 338 13775 6636 14526 7700 8303 5235 12254 6580 14734 4201 12123 11238 13259 5145 5458 5176 4042 11713 4927 211 14135 1981 7586 1627 2511 2157 9484 5167 339 6111 9838 11539 9487 13558 11493 11549 10752 6418 1012 6145 13402 6005 12930 12871 11787 11927 813 14875 14874 14933 1009 4272 11778 11099 3369 3682 5983 9464 9274 8305 13312 13076 3749 3349 7137 3585 14610 7795 11011 7165 6273 10893 6103 7373 14007 6823 12886 10214 5157 4568 2666 12102 3577 6425 8260 9419 8818 14642 5022 10814 2370 219 10168 12946 9847 9614 5953 11821 4009 256 11540 4880 14095 7485 12653 14659 2842 10464 8024 472 13608 8571 1277 6543 2530 641 2200 3921 4127 10544 12282 4004 14126 11692 6565 11915 7175 7223 10227 4151 14255 14726 2652 10527 10110 2888 5567 8298 4796 9322 11143 10876 10266 9052 8051 9878 6271 11599 12148 14211 7965 839 9502 1549 190 10399 6213 5215 5370 7522 14057 4690 7034 13219 7935 2673 8814 6680 10583 12290 667 14838 11577 12513 5018 4507 570 13942 9816 12489 4389 11646 4013 7567 2776 7616 7039 477 10092 11593 11839 1734 12509 7983 5151 436 58 9209 10446 
6250 113 11913 5011 1529 11612 2592 9612 3706 5653 6197 1772 7423 7910 4256 461 7973 13088 4433 8229 7383 3214 1420 14939 7918 9507 13716 10543 2224 11437 159 8657 1754 2608 2919 3118 736 6461 6797 14269 13718 10729 10250 2106 2490 8036 4938 8124 690 2745 1624 14309 8234 10594 4220 12364 3455 11125 14724 12423 1863 11608 4646 6478 14263 9428 342 7717 3136 14738 1484 9486 14619 10548 10103 13852 9331 8569 11755 2428 12814 10416 14638 4849 9143 10764 1501 13817 1743 4982 12250 6501 142 9923 13438 5789 8777 3813 9949 4023 14551 1499 11857 9780 3901 150 378 1971 656 9401 13194 2674 8849 10311 3609 1812 6441 14438 3449 1138 2857 14774 3060 1531 11387 8377 6011 229 10502 2514 13741 2117 5008 11355 3154 4109 1559 7670 7015 7391 14862 14490 10892 9062 2269 2210 8066 7964 69 1215 6279 5337 14272 14373 2908 5921 14716 12411 14331 9203 10072 6093 2337 12662 13597 7072 8531 14246 6779 10915 7293 2724 10114 13531 11525 4918 11231 5681 13917 7518 5664 6683 6432 216 6807 8511 7404 11628 1667 121 3326 6373 13339 7447 7730 10777 13964 12235 831 5079 1809 1783 9797 3840 1080 6942 3069 827 13809 3333 6727 4266 5492 2281 7415 13540 7966 14574 5451 3226 3484 3621 1556 12419 2618 5981 4819 11073 1161 11957 
8551 4362 10970 3477 3188 4361 2827 3949 10733 6138 12792 10563 9075 5430 6435 13814 7187 13913 1542 2408 7541 3229 4887 5772 1938 9275 13287 11002 286 10602 6295 1693 13082 2586 227 9077 4999 7595 14557 5517 5825 14762 14741 1623 10591 6710 11517 6638 4534 8173 5341 7405 11535 2686 11833 9297 1568 1567 14607 9886 8648 9425 8186 4930 11538 11372 7009 3882 6595 519 3608 8269 6124 13407 13734 7067 1838 8859 7035 14206 6681 3625 9202 14428 5283 4326 11537 9603 7932 1907 2279 11039 11000 942 1265 7453 10134 5131 3931 14474 2497 5937 7302 10290 6265 2325 3572 3500 10952 7342 12881 12397 496 8270 14698 7013 3400 4570 12820 5389 2123 10850 14924 10855 4441 7805 13494 2252 10813 5512 3796 4317 1395 11471 884 5622 13007 2612 1079 13275 10190 4654 12002 10909 9273 14819 10967 8611 764 11724 381 12251 13538 13056 2671 1416 5958 2339 5792 4011 7310 3261 9929 11363 13591 8652 9937 5514 2478 10006 4241 14160 10302 14749 3870 1290 7985 5834 6102 9906 14786 11762 12046 5988 4789 1917 435 7650 2441 7988 13009 3639 6434 4662 4548 5842 6904 9559 1733 7050 12226 1962 10043 6755 6217 6562 5 6353 829 1386 6095 2872 4271 11711 13052 13101 13533 4853 7144 8595 3258 2619 1032 12430 9286 254 5977 9561 4499 10170 12745 
10498 9435 2887 10438 13684 14686 2709 2415 1188 5358 11087 9259 14050 5371 12746 13441 8952 9258 5613 14209 4252 4592 9330 11749 12807 2486 9195 7071 14695 13080 9252 13207 12166 10919 4704 698 6238 3725 14957 5676 8583 10868 10219 3590 5832 10927 8290 10002 2154 10061 7052 10945 3747 9415 13247 269 8530 5638 2983 1449 12010 5000 6062 6110 14558 14443 4354 2407 12812 10017 14088 14469 13498 14287 6064 8156 13697 11519 6359 14107 9513 9093 1630 1894 3623 3861 11393 8461 12704 4963 5203 1835 13961 14599 9211 7971 6160 6973 5637 11668 4333 13273 9813 5047 5924 6096 9236 11170 8638 4234 2194 5347 12776 14448 5452 5178 12770 4706 2950 4859 5581 12737 14757 13177 4264 3340 7492 9655 12474 9617 14845 13285 13605 13184 681 10571 5487 193 4286 3346 3894 5503 7572 3540 4994 2085 13800 11068 7916 10537 7295 6290 1041 3537 4006 2075 13133 6559 4088 11792 1576 1469 4334 2730 13059 7038 1856 9954 5809 10586 11547 7815 6115 8021 14965 1384 13091 3262 12369 8523 5765 7427 5689 8630 9126 5348 1438 4251 649 6198 11534 536 2188 3284 7565 5964 8686 5881 11368 5549 394 7390 5205 7980 4287 3933 11409 2137 4615 7555 13846 9817 3014 9410 4464 10505 2011 9056 8518 7734 1539 8813 13186 1316 13551 4192 14967 11936 9689 13337 12530 8820 
3300 6191 586 5778 1470 11559 12156 297 6905 14457 14046 4591 11789 9489 10079 10433 8972 5359 8736 10014 6008 10156 10493 1900 14577 12182 7934 10058 4711 5182 3642 6148 6356 3037 8478 11909 7344 3216 8605 11594 2978 8701 4750 13613 4691 6118 677 11889 9176 2431 14075 92 1509 6406 6405 10713 7055 11774 13840 5284 1991 4764 12906 13791 9192 5003 9272 3232 8215 11401 1720 8129 3254 6086 11573 1462 7625 12404 11224 12658 4462 10467 627 3315 124 3146 9388 3330 66 352 10008 6704 7884 7281 11866 196 13459 2358 12591 6811 13773 5519 11229 12278 8836 504 6901 6737 11765 9112 8410 14002 11208 12540 11217 2535 4560 2454 437 204 10853 10765 13503 7528 3331 11633 9675 1190 10780 5202 2516 4290 13452 11532 10055 12179 11581 3561 3062 5094 10984 4543 8080 524 6608 7177 2239 8576 13688 3950 11639 3716 589 13848 4209 2208 14625 7352 11010 2311 11207 7990 1377 5818 1318 11897 6525 7573 7105 10957 499 3298 3202 8180 8693 5833 2672 4039 8394 14298 10243 13369 5032 4320 3504 9089 10517 10212 3850 14586 1445 2104 3423 8584 5703 12334 3083 5441 3250 11223 12059 13432 12 3746 2892 4015 2127 5960 3543 1242 11992 2931 10756 11645 3992 7496 1574 8501 6255 6491 8654 2341 2517 4485 2973 8165 11933 4369 11190 14731 14183 
10026 8610 1707 13860 6781 5246 3234 1116 13919 12031 9389 9855 13692 821 3542 13932 2349 3470 7778 6657 10565 8604 7556 7829 13523 11155 14227 6422 4689 1346 6186 10396 1811 12794 2698 2726 14732 12322 456 7357 9363 3472 5810 10178 12610 12833 10316 12185 6403 13188 3570 4987 2981 444 13308 3810 505 6475 1450 10546 4115 12375 8058 11490 283 14384 10136 14207 5475 9663 12463 2111 5560 4884 3844 2819 14029 12576 6735 3454 8823 4600 10803 5873 11352 1678 9918 14579 2602 3389 1579 9270 14243 10711 2327 896 13725 3361 4221 13071 6497 7748 7283 3382 14315 11752 3741 8316 12828 12055 7517 7099 4752 7117 1246 8259 14098 11269 9004 9627 5091 10620 6101 6924 13469 14895 2884 9634 5699 7839 11322 2985 927 4182 551 7333 294 3265 3738 10184 6365 5663 11757 3051 8040 13831 13300 7079 3936 3415 1087 3421 11561 13167 3832 6364 8748 632 9551 10099 8060 8624 14299 7899 1746 7510 76 7292 3557 6605 12347 5480 1340 2005 4917 3244 12310 7149 6886 5740 685 6208 5706 9509 12231 14435 772 6210 10483 13416 10812 3451 8973 13986 3145 14338 10306 6631 1193 10059 664 12100 5982 6165 2732 10682 11095 593 1257 3503 9264 10761 5429 8772 7553 9030 10531 6257 9394 5627 13175 3673 3097 6572 1490 3580 3091 11211 2906 1008 
4480 9318 8728 8839 172 3122 3293 4125 14916 4066 8308 2945 10150 1937 4119 1007 10982 10333 10097 1996 10012 11081 12911 6518 10455 9431 3404 264 1837 4348 5617 3530 8537 417 6915 1149 3766 581 19 11340 7108 2401 2403 11310 3493 12020 8074 897 1251 14190 13542 6167 12362 12539 1447 210 13365 1803 5580 5874 6288 3514 8304 11018 8838 2452 11077 6419 7599 12083 9309 13085 10811 4611 11106 341 7362 10570 2701 840 6263 9269 3549 8798 1914 1684 10985 5098 1448 9346 2135 2384 6029 4470 13576 11963 7314 883 557 4609 2076 917 2266 12751 9582 4372 4044 3872 4128 6732 7637 11057 3664 12073 12712 14782 10926 8474 740 8640 13412 14452 9102 6586 1039 11817 13429 4741 8336 5099 11026 6060 346 13064 936 1586 364 4349 2767 7577 12882 8784 11820 13510 759 3388 4146 5171 2537 7048 14275 10523 7722 8753 12484 7746 14198 4206 13114 14600 2907 2162 13587 14041 13704 4150 6045 11012 7354 3238 3814 10224 10835 10614 14240 12560 2277 7520 7844 8726 5716 6274 11187 12137 12112 8431 11410 11215 9087 7457 4700 9148 7452 10928 4856 12336 178 10461 9974 3875 11392 7398 5687 10151 6493 10011 12863 3968 4074 13573 3622 595 13880 11978 2913 4406 3895 2389 13238 2717 7612 6267 6519 7397 2163 1303 1751 12464 8219 9984 6154 5134 12118 14519 
7607 13212 3064 5364 8373 9554 3247 14804 11206 7193 14516 8150 39 13810 13572 4781 11861 2010 10510 4075 1405 8740 6616 13325 14142 13554 4787 4770 1487 7307 8360 6946 6282 6990 8559 2136 7359 631 640 5705 2254 9175 2873 3334 7151 9747 3531 4455 10474 13306 10533 6344 1339 13014 11657 14429 8529 1037 13132 103 11844 11667 13732 7065 7881 2581 4233 6537 4941 11788 105 7920 10629 304 9454 14169 10575 3849 518 2669 12613 13648 1933 8326 2025 10126 4575 597 2367 7571 13556 10521 2156 1335 14756 7386 3715 2189 4208 3821 5814 1453 13299 13694 9328 5395 9919 4508 8385 10863 8533 14630 7058 7420 8581 9379 6661 10598 4954 169 673 10763 1142 14454 9026 13664 5229 1767 10630 761 9971 8811 10051 12647 941 2140 4012 4922 5525 8193 7316 11709 5271 13296 7551 95 6038 2765 3124 8100 13268 493 11733 8082 3030 10409 7926 5073 9229 489 3827 6591 7808 12115 11091 11263 11172 7721 3266 6719 464 7697 523 117 2766 7195 13149 11912 4815 7131 10234 10419 4124 5674 11202 5680 206 6861 2146 7744 5905 9646 8969 9882 4839 9455 11947 14849 12051 6884 886 13492 841 14060 8863 5173 2481 3971 4076 5033 11874 14473 13870 5903 9219 11180 3897 7789 13239 6975 7581 14637 6529 8636 1379 3659 4448 9302 14949 5795 11191 4204 9226 13668 
11914 7430 12208 12739 8144 7246 10262 6072 1184 3194 1877 5896 10858 4132 11979 12215 9444 10034 6892 11495 10255 5123 14129 7084 14970 5831 2527 7062 189 13067 12197 14644 10838 8272 1820 1975 5233 14201 12962 11104 12440 9293 4173 5853 7403 9208 5046 1289 1446 5174 9529 9352 12480 8235 151 2332 4282 14193 1154 5993 13603 13249 7408 23 13142 6770 12731 10039 3195 5711 14110 11696 1135 12908 4294 427 2315 2310 2197 9867 7997 4521 745 3153 4731 4567 5001 7504 3951 8330 9282 2150 8246 3243 13012 5218 3113 13594 3783 483 479 14481 10585 7086 7871 5978 6673 7222 14525 13568 12553 4036 778 281 13665 13681 11896 5014 160 14416 8384 9391 12459 8372 14653 4618 3045 14094 2241 10699 5267 3786 11521 2151 3852 743 9755 11438 1613 2916 10512 626 14657 7267 766 2890 1645 7116 12937 8608 8534 7215 11380 1115 1829 7603 2234 14707 6742 6119 10950 7610 10125 7588 6133 1255 3675 10291 3498 2638 14806 12618 13993 826 7426 9519 12603 465 6500 8429 11189 7181 12432 6407 8105 8395 13373 4030 2471 14928 6092 2088 4926 1091 8359 3012 8164 7791 4194 11545 7592 5055 5433 8997 8459 13927 3777 9040 9512 9325 1150 9823 9361 6505 4860 11486 7474 12649 8027 8342 14661 7203 925 12523 4558 10992 1740 807 383 7634 1240 11527 
14510 9200 7252 6957 4715 12976 4244 409 5607 6132 6361 1582 3116 9271 12261 14752 13519 12923 7011 13755 8244 7698 12394 3198 8268 12752 7241 10211 1621 8028 14496 10215 8655 12549 11458 13148 1798 8091 9688 11930 12313 6030 2329 11791 6769 1564 9763 10788 1280 10781 11005 326 8350 10005 13309 8293 14666 9592 4694 6287 9828 1519 2806 12129 4469 8057 1332 1873 4885 6558 11257 7480 8778 14383 2900 3313 6536 13048 12581 4344 8505 12399 13025 2299 6640 5957 12945 13294 321 13830 13478 13050 13876 3125 14344 12211 9000 5262 4672 7323 4816 3736 9792 2810 7348 6522 10349 7774 13994 6733 3079 5675 8566 1823 333 7584 600 12546 4463 8907 9692 3464 10696 2360 236 10495 2396 11321 9638 5986 12543 4106 8962 14685 4435 530 8178 7604 3390 11777 10175 10322 12015 864 13763 8257 13532 13563 14844 3973 3516 3239 3373 13049 2529 10872 5956 6130 10603 10581 6511 379 4306 10971 783 11901 10283 12352 2647 5213 6677 12577 5479 6751 10931 11600 2446 13528 2086 10925 12417 3497 5588 1478 12771 8796 335 9834 6790 2668 5490 8691 12058 7929 13394 10739 1987 1122 8320 12825 5333 1842 2024 6019 8393 8418 2129 2363 10975 13996 9858 9362 3038 4867 10503 8560 9049 780 10861 6352 8535 11528 13866 13711 13644 13811 9809 9640 8417 9757 11763 
8846 10557 8787 13802 1175 8550 1883 4067 13277 9141 3352 8917 5489 9914 6557 14400 4309 8840 12451 14208 11553 579 12084 14031 14326 9153 7070 6911 10392 3176 10805 5181 8841 6952 6262 9424 9684 1424 9076 13751 7239 14054 14955 13383 9090 9962 13847 10132 12204 9011 146 11015 10840 1959 9955 8546 8331 6085 2541 1247 633 12638 3885 11496 7580 8087 12359 9511 14210 13305 13936 9372 4040 4180 2565 5576 14024 13995 10965 7287 14485 11222 12579 7465 10355 12656 9412 12420 6521 3217 10661 11771 8527 5105 1742 10004 11418 6285 6995 12421 11007 2216 14489 8835 3042 10181 11536 12198 9120 3515 13368 7714 4813 5354 2099 2050 4705 578 8658 13676 2345 8366 8189 3292 7540 9133 12319 10393 577 636 11669 5061 10194 4203 8092 14823 4852 6912 13970 4471 7775 10049 12259 5828 899 7707 2502 776 6594 12986 5506 9643 4608 13084 13674 12671 9995 1735 14972 302 1571 13832 6173 3959 550 9772 3833 13884 1276 4510 2089 2228 5932 13948 9820 6383 13517 14197 7047 791 10096 2692 4226 7904 7643 7766 1520 1973 5780 4811 13779 10960 6783 7913 7255 10231 774 9864 1806 727 14127 922 12081 3892 3006 4908 6989 11735 14776 10040 7434 14947 10121 4522 1061 1939 6585 9096 13944 9756 11463 3314 9198 8221 488 3919 6961 5760 11397 4096 6692 2739 4273 198 10308 2177 13945 12972 14212 8965 13351 2180 11852 4714 10832 12636 14508 8850 11053 12938 3137 14063 9600 3714 6938 5529 13723 8607 5508 6369 5057 10706 9791 9290 2062 12566 3301 8639 5466 1845 274 8016 3634 9343 9557 1098 13907 5455 12271 12956 13875 86 5042 2199 6569 6129 6281 1967 5739 7493 10522 7981 4165 3320 6705 5597 877 13890 10968 6768 10953 5835 3674 14035 14025 14294 11386 701 5632 1100 8414 7549 3534 12797 6709 11799 1989 4535 6854 2322 6896 12415 5112 7662 7059 11268 4637 5750 10293 4837 6688 12390 1327 5573 6272 5677 485 630 5143 6943 1337 7860 5323 9421 438 2448 11107 6786 612 5623 8509 4957 324 8341 1431 1419 1906 12273 8084 14418 14001 7742 3494 13727 7614 3966 914 2552 6031 571 5575 367 3366 2007 1773 2658 4381 3956 12688 924 6554 10701 495 11105 1537 6859 276 1160 14237 1077 12135 3562 9217 6224 11213 11013 11093 5510 10623 7768 1868 13217 8643 8157 2614 12590 7921 10916 7142 298 10295 494 2222 12177 12585 3681 12773 11284 2021 4620 2955 12570 7803 7297 4261 9833 11695 12216 9458 11228 2009 11815 8695 10188 9935 
7076 232 12858 6486 8138 9377 13211 12149 14503 4296 10032 120 7023 14345 108 3535 10551 7678 12333 14445 7796 7082 5023 14504 14935 14931 12162 14378 952 14380 6669 1241 71 2600 5949 4020 8309 14408 14286 11664 11790 3236 1916 10412 9291 9667 5633 1575 7800 7619 1752 11841 13729 7003 9739 8288 8744 9896 12381 1210 11961 8172 5928 5006 3826 12433 9055 10899 4584 12499 13346 2344 10720 4820 13836 7123 9470 1741 10624 4525 10827 2108 3552 6284 699 3944 5399 14958 5222 7523 6582 12125 503 5990 9117 12303 13601 6996 978 13722 7406 2217 14086 3809 12542 11067 8953 4351 10889 5816 7762 10299 8540 10133 5472 4056 13322 3525 13614 3351 6065 3174 3645 8800 6477 3528 3409 5180 9546 12168 6027 12377 12227 3018 12692 1580 3023 1956 10221 13053 2664 6556 4176 10961 12999 3054 8915 4078 8764 3336 1671 10804 2392 6842 2561 2169 11701 5629 11453 10821 2751 12165 3256 1925 137 5701 11247 12001 909 7984 9005 10408 7635 4305 14335 13404 14363 1748 2607 2032 13989 2967 7171 3728 7150 14167 13509 11334 5026 13371 8343 3913 8671 5848 10226 6114 10292 14861 5379 12396 11511 12845 4283 11255 6841 4855 13671 3282 10478 3009 445 4452 12376 6248 10173 8919 8077 9596 4242 7461 10774 13420 3432 4703 14927 514 14434 9496 9347 2579 787 6035 10578 13827 12664 7906 9609 1590 305 6528 3685 906 10065 5464 10228 11440 4032 115 1635 11703 9568 13199 10258 5897 9537 4483 14482 9760 11345 11827 10009 9316 7959 3120 10223 7933 531 13768 1887 10109 7164 11557 11617 7874 59 5250 3383 10381 2354 882 878 7680 3914 9524 5935 9027 2735 3085 12619 10940 6667 13536 2711 7788 12331 7166 9770 8729 13066 14566 8597 14766 10140 7780 11797 8767 7042 4240 13134 5661 7706 2235 5802 7883 11558 8403 14170 5345 11071 5289 1393 13060 9043 674 1314 11246 818 14670 5133 5798 11616 8512 5184 6090 8401 14165 11840 7036 10540 5700 1219 44 1261 3722 7279 12524 9677 426 4034 10070 10284 34 265 9285 14071 2361 5746 14456 6444 10053 8042 4759 9344 8991 2677 14478 9580 12666 11169 8334 10397 10389 5679 14789 13750 3730 12867 4384 6685 12698 6696 2243 6932 5822 11877 4760 608 14753 1183 14234 1084 9736 9976 6706 3246 4979 4784 4843 10236 10625 12993 7157 2186 7688 12596 2611 1552 7758 7970 7120 9163 10288 8737 1370 2324 2635 2373 12762 3132 11451 4228 12412 2078 1456 13111 5864 11292 650 4900 9479 4902 8265 3267 8702 5547 11003 
8197 114 5660 5955 999 10497 10734 10143 11382 14090 7790 9488 4539 4722 5777 6951 8191 11730 11376 4014 12910 3412 10447 1479 9149 6376 285 10197 6066 4474 11141 3424 7477 8014 240 6362 12321 6531 4651 3257 7947 7424 2822 277 11576 13008 1929 9306 11745 9483 1243 4276 985 9704 8980 13672 6236 1643 5786 1997 1406 12667 3111 1428 14188 7851 4643 9527 3686 771 4488 13893 8598 6776 7051 12608 14793 404 12018 8390 8419 13266 6738 6225 810 35 9057 2214 9824 12719 6874 3158 3807 14604 8468 13013 7703 7822 9946 2096 9766 22 4458 6347 506 3869 11893 12541 7478 2276 6700 988 14912 4410 7409 2640 7124 12788 14502 12434 9664 9723 1699 4472 2938 250 14973 13289 3200 14501 2133 3318 13992 7561 4552 2841 4058 8011 11578 13616 13557 6032 658 10370 5442 8797 14422 9702 12329 13902 5052 6758 11470 588 9624 3066 6142 8954 7112 8364 13176 7432 2307 13450 5249 8815 14053 10587 3842 3854 11040 7559 5970 188 8010 14795 12427 12519 9759 10716 14592 6122 9805 9156 2038 7145 7976 12093 10627 3487 458 10479 11929 5168 7032 12071 10272 2992 9341 4746 12701 10323 14101 3650 6712 6910 14406 10947 8684 12813 3104 12824 14539 2166 3196 583 7122 13445 9830 2870 4854 9145 10501 7813 5095 3793 4972 3734 5390 2359 2298 6076 7546 7256 11876 3862 1163 1631 6333 1502 13409 9065 10459 823 14530 10142 8083 7299 6171 12948 7785 8785 7669 5154 5538 13123 5335 5310 11960 14244 7535 5189 13844 13805 8888 4520 8885 9810 2023 8591 14760 8162 11526 11969 12723 3742 7798 3224 10342 12959 4509 4358 13274 14330 14750 10047 5626 7031 7569 13136 7824 8860 14747 13901 3228 5507 9793 13546 6233 11102 4123 4028 13667 3658 12265 1441 13192 11720 12074 5840 6532 11168 1983 9889 2343 14177 389 9263 5186 7192 5571 1963 12661 3770 14767 6880 12052 6469 3533 12425 12105 12508 455 4933 1573 12800 10684 3149 1126 4212 12426 9382 1911 2788 6269 13632 11586 12891 14232 300 7414 5398 12981 7532 12169 3071 13357 5745 11097 7692 72 10680 13998 10778 2837 1810 1480 8241 3698 6314 13276 10222 5207 14023 3209 7109 2953 11239 13925 2847 11426 731 10836 9445 4556 10920 4701 844 14713 1321 13706 5929 3435 9323 6729 12214 4920 11055 4877 4143 6342 13054 2400 2080 13121 13634 12818 7024 14376 7747 6866 9469 10208 7339 2265 12285 3403 2894 1455 14300 11506 11357 313 7516 12884 8755 5016 10247 10482 747 11662 7869 1016 4674 14812 14425 
7489 14097 10852 527 3240 11796 1942 12445 11500 11973 10445 7200 13926 9147 10799 11566 11848 10091 10137 13631 6256 3601 3057 5312 2474 14109 11613 8323 4728 6577 13973 11271 7495 6966 5477 5043 2055 9983 3117 8803 2132 12498 6400 12144 10514 7248 1015 9548 5668 11592 218 161 11723 10847 10545 8939 11710 10139 1466 5351 513 6341 7593 5943 14203 12077 3177 14319 3804 8862 9411 4142 3450 1918 12145 4984 618 14800 11830 12225 14260 7425 10414 6885 1682 12005 10307 382 12774 5183 13257 1267 2447 3394 267 7641 11240 1152 1269 6934 621 14901 3220 13544 3161 10946 6051 13721 7878 3868 14971 14253 2570 6346 1329 14783 8776 10240 6652 3927 683 5590 752 1460 7481 8307 14620 9605 3584 13912 10489 1779 4117 14641 13794 13815 6831 2256 7153 223 3881 13171 2546 6499 5887 8687 13380 1843 6772 14265 5791 12753 4911 3605 12730 243 1166 5277 12991 11280 5624 5498 4331 1722 2274 2915 14925 28 10816 8002 9898 11925 2574 13058 10108 12932 5839 5919 11826 5329 4019 11483 3172 11052 12888 8120 11773 10087 8946 837 3015 5485 14297 5434 1040 6483 2430 14835 8153 13629 6514 12604 7656 12409 5336 7196 8579 4345 13387 7091 12101 4778 6214 4790 4585 11327 247 12532 263 8177 675 2041 4596 5060 11524 5858 13508 9575 10817 10796 12238 11285 3362 4848 1644 10 14139 10007 9255 11032 11286 7115 6152 197 33 13833 12668 2412 4559 6956 9279 13826 4033 4299 1174 5868 10165 110 2623 4301 11353 3575 3207 3026 13567 7490 10164 4638 5444 11092 12019 448 10907 7472 13370 2691 8901 8000 1749 6743 5327 5217 13487 11859 12646 7663 12782 12205 10518 3255 12307 14277 4504 4327 10617 13095 5658 9214 9950 9963 2885 5838 3910 11869 7809 11117 1104 7375 3213 5647 8715 4873 4500 4540 4484 5244 14552 7469 8944 9964 6746 2697 11203 1687 5824 5775 11606 10856 14733 12587 11344 10914 5781 1378 14257 5762 8516 1319 12796 3481 12535 3811 8554 6694 825 8735 5782 8650 6578 6800 1950 5561 4924 5618 14696 6567 12016 3600 8420 11132 2442 317 5138 10289 10878 8688 3225 12344 11898 6200 11638 3612 13158 9441 8145 9067 14886 11405 10330 10118 12665 14119 3156 10635 10210 12155 8098 13304 9758 11174 4388 192 4100 9276 7945 5037 6925 12943 3510 619 308 1185 99 14055 9740 3558 6707 6294 11249 4738 4851 3791 11350 1830 12885 8476 2212 12725 2609 7911 10692 8155 9764 9184 5500 7286 12478 11780 12747 2382 11250 1143 4086 4624 2930 14907 1844 2223 5092 3445 10000 12253 6117 1793 4487 6159 1136 13829 13298 
6545 3890 5542 3713 3417 2769 7606 11088 12798 61 13271 7483 11028 12674 7600 8367 7902 2054 9901 1595 592 8380 939 14105 3190 12984 181 13336 14739 344 4060 2893 14349 13147 9737 1 11332 5005 2663 3308 6125 4016 1878 8382 13303 6459 5967 3589 3666 4761 13021 14505 14911 1577 9784 1546 7269 10315 2034 3902 7379 1695 14614 11142 12492 7977 2667 6126 2283 7418 14290 4968 7092 5987 2506 4062 7182 2521 12136 2962 8065 3581 817 795 14852 1977 6105 14368 2685 11358 6127 11831 11595 14780 5636 1341 8942 9002 10828 14665 10477 12008 3986 10359 8704 12126 916 10417 13131 2984 5059 10651 7832 14440 1391 10241 8411 3928 801 9071 224 6711 14679 5062 8012 14325 5324 24 13145 9277 4085 2074 1189 12458 9921 6386 2079 13584 11632 7030 663 2610 11964 12023 1875 12082 8601 11706 5375 6457 6994 14087 1866 13771 3428 268 9977 1473 1486 12455 9210 14420 6948 3328 6527 4993 9851 3374 5552 2110 9577 14343 9990 14664 10513 7209 4398 8094 1532 2030 14546 6232 14846 1271 3212 10783 4875 6201 14108 3138 7381 9171 4010 13981 2131 14656 12317 12940 7853 12574 10901 8528 4154 9038 11870 8679 2733 6430 1330 6863 14093 11883 11209 8090 12727 8801 3655 14205 1200 4863 7538 2874 965 5405 233 6923 6018 4719 5039 14809 9991 5641 4966 1028 7750 12212 9010 5422 4307 14565 6071 10790 9416 10148 12308 2632 4467 6251 13885 13393 13798 3891 4107 6028 12299 8329 2681 11498 11075 337 14152 13976 8059 1511 5543 4629 5910 5630 5916 10658 10678 868 971 1177 13842 1250 8908 8110 12872 11128 1849 10400 7962 1585 3932 3596 6723 4070 10553 156 1458 842 11307 2687 3727 7948 6602 6388 6094 2352 3532 6351 84 14336 6860 10131 10287 1871 1551 7284 13886 10973 9220 10877 14288 14080 3211 7739 12518 6541 3755 12765 11176 9880 3886 2826 6510 7872 4092 14235 4795 14742 5748 9078 2301 4949 7579 5684 4247 14803 14036 7160 803 14236 4129 7544 14729 12804 2909 2835 14199 8853 8631 8046 2684 11980 4347 9866 5153 2459 849 6766 501 14470 8202 1653 13953 14022 3189 7709 8053 11881 4974 12039 10010 10574 2660 9774 1476 1262 4426 2538 8879 7393 1124 1504 2019 3191 6731 9174 11721 2845 13905 9462 8696 14012 11062 13835 14317 855 866 1144 1018 3462 9799 9268 2861 6176 5020 10944 4878 4145 5193 13433 13297 8536 6749 2753 7081 12759 7886 10837 9101 9443 5564 7355 12488 3975 3499 2493 1792 4502 13256 6412 6668 7629 1439 8674 3545 12037 4605 9500 6100 10163 13691 6021 10107 554 5736 
11619 13861 11737 173 7724 7075 14339 8904 12687 11736 9317 5535 14103 14870 8321 11140 2231 13749 5718 6420 13985 2657 4886 5240 7247 2290 7206 5830 9267 13161 14681 9621 14876 769 2539 12728 4415 11377 7849 1955 5065 5241 2309 11666 5078 13700 1584 1066 13318 13987 5845 14673 3471 7188 7949 14813 2742 8362 13657 13169 14367 20 12874 5102 6520 6835 14172 3670 11782 5117 6068 11784 6002 10958 13877 11281 13362 3434 4278 14791 867 5884 10779 6933 7995 2115 3865 12066 6120 4338 10663 10648 8824 13070 12597 4514 13837 8586 14371 5223 14781 14488 8055 4105 5107 7349 9012 7291 13839 11243 3643 6180 13485 12600 3348 7596 6534 5118 3820 14089 10077 12670 9959 11670 4413 11965 13381 9369 755 5201 4826 8955 1725 10725 540 4434 3962 14705 5024 10135 4412 872 8097 8660 2192 12318 7861 11514 4967 10450 5426 568 6455 11811 8174 2405 9931 1920 8338 125 1612 13366 13712 8149 2071 6691 2902 5642 13 5616 14166 8225 9890 8061 9590 8297 11924 14304 7622 12270 11680 14913 12612 9826 1001 11596 13753 7755 10508 10775 13046 8620 3277 5591 11824 10888 13130 5671 1333 12855 9728 7353 4419 981 3505 1992 12859 3210 4814 1284 10941 9402 3269 3442 8458 12401 4889 1904 1236 1905 7225 3488 12043 13940 9686 12505 10468 14320 14708 420 154 6664 14937 11741 14393 8169 2750 13903 6174 14829 11997 995 12325 13595 13032 13302 2236 4081 4681 9932 1083 12154 8194 12625 1603 11954 12012 1555 13334 2048 10057 9922 10086 7385 10822 1592 861 13789 2081 13115 12181 13119 2520 4342 8007 6919 13236 6161 9373 8752 1113 6726 3668 12248 1865 11167 14239 4130 14364 3877 9535 7046 14590 13757 1266 6895 2749 4733 7080 7767 7867 2505 9787 4157 2328 8725 13921 13243 8774 3414 11928 702 3506 4876 3296 12561 9515 1259 2773 12151 12564 7764 11161 9970 6871 8690 9895 659 4950 3399 14792 7898 8731 8667 13226 12131 12620 4913 1350 13900 7862 7159 8829 14930 10871 6033 5158 1691 2729 13760 4041 6326 10328 5972 12816 7887 13293 8005 806 14359 6259 7793 8830 13002 11121 14102 10600 10633 3520 4910 8754 11298 14141 11475 9303 10385 5488 5103 10515 5408 671 5457 11343 11233 14175 9622 2694 10802 1372 9351 5939 7270 7275 865 355 1362 14116 5918 12049 6571 9630 6141 11329 4631 11164 10562 11459 8733 2184 13245 2206 2743 2854 10524 14940 10642 9104 6411 549 7356 11722 11565 12006 13868 1834 1724 1134 14005 12405 7624 13406 14848 5097 9876 5741 9453 848 74 730 8106 6564 3781 10542 
7725 7488 4716 4775 8963 12091 4479 2356 6190 7842 6433 8609 10976 10491 11435 4833 13972 1464 3594 5961 7665 4001 7955 3070 11153 122 9606 13206 13165 3884 12158 11808 6774 10727 10093 12380 11908 2763 2128 7816 12335 7129 3662 1359 6848 10486 9843 2368 1162 13200 13552 9304 3489 5727 522 11133 12831 4673 14223 6734 13790 2152 12654 9136 12949 5294 1879 43 4232 14131 9540 3393 4850 8596 2875 10750 11179 266 7936 13384 935 9334 6708 7875 10235 13244 13228 5518 1282 9588 11181 5753 4809 1310 7937 14191 13778 5282 679 13483 9179 9353 6757 8647 6593 12246 5579 7242 8470 14548 8588 3407 12070 10890 1696 8894 11184 10771 1755 10018 106 12201 10549 12260 10844 1109 1226 8274 3436 12989 8306 14346 13321 13284 8483 4021 5770 5968 11610 14528 11492 12640 12517 754 13933 7094 12554 5376 9073 3490 1827 12141 13636 8817 4390 14099 5650 12237 14369 10639 1676 8325 11385 1953 14441 2143 4482 3859 3795 7028 1958 4921 2923 13733 542 4167 11601 11575 6278 14125 6986 6083 7205 13969 4141 12245 12873 10834 5907 8050 8102 8592 4385 4031 6206 10913 2556 491 5072 6147 255 7814 12861 2661 9860 13639 12869 1322 11512 7104 14878 12803 6509 12750 2960 14395 12309 3164 9122 2679 1703 13650 14118 11413 10027 746 1485 9593 773 3475 9165 8201 3036 729 6753 11998 10673 1055 9574 13799 2631 252 9201 7454 2175 3818 8243 12500 11108 2575 14743 6570 954 10715 3084 3592 8472 7754 6010 12883 9491 12192 9611 9315 6930 5522 10384 2295 14111 11043 4029 10676 7358 5208 2183 2606 1475 7133 4623 7132 10588 1432 14531 7513 8742 12588 3419 3303 13975 1472 13511 12973 13923 12887 10717 3744 4830 6371 9349 707 1274 6230 12602 11880 2121 11119 2648 5556 6104 14514 9948 4511 11058 2488 923 11943 10612 3221 7400 14711 12088 14608 12779 101 12407 9526 12583 3851 9284 8430 6087 11178 1357 5563 8548 6897 4953 10319 2439 5546 8708 8378 8549 11237 1325 1281 8634 7139 8532 8552 2455 136 1181 8278 12078 2951 2437 10885 14360 9404 6682 3853 9775 13356 10129 1596 4546 14706 3427 3798 12580 4506 4583 7806 711 10541 1632 4841 7675 8632 8039 7828 14468 11154 6508 13229 7119 12117 7437 2599 6082 14942 9243 1557 7220 9340 7498 13689 2432 4742 131 251 14613 13786 1026 9915 11823 12413 12295 9539 10660 4229 10365 4152 5221 7093 13170 7732 13347 12690 2550 4684 8282 8938 6798 14692 7511 5608 3285 13138 12041 1299 1616 11152 4027 14672 12521 2068 12749 8771 4566 5468 11813 713 605 11485 12287 12346 7162 2029 
1235 14982 10203 9023 11618 4598 8020 5659 13978 12857 5719 8079 1647 3365 8727 2886 10845 10386 9975 7674 4958 9848 7554 1700 7202 226 8205 10801 2880 7484 3017 11507 8368 4311 4486 4669 3227 10021 12025 3843 1715 6026 5963 7210 13460 13456 11554 7320 10809 2840 9326 10668 3649 14660 4003 5655 9894 307 1562 7464 4468 14306 13185 500 362 11968 3876 12374 11959 9726 4901 11201 14719 4055 6872 13541 3275 7623 7189 2991 4822 8714 11417 11251 13598 10257 6679 3039 854 3745 11476 7229 2921 13482 5577 2803 7288 915 3866 14722 5520 12067 14134 9887 385 11300 1224 2393 7290 1270 11479 2688 2275 11775 11421 5166 12732 8706 9602 2807 3466 7301 2168 8599 1401 12496 8422 6950 9014 12817 6445 11846 7127 12791 1521 953 11809 11750 5796 10693 14818 3763 4262 2229 7325 486 5973 8510 7684 695 5316 10870 332 8271 1178 13661 4569 10244 7912 9800 9151 13135 1768 10690 8463 2181 11975 10808 7 8935 2780 6627 11006 12947 6155 10626 6260 6004 6055 10534 13825 11937 8494 9084 7689 12224 6143 2510 14251 3695 7694 14984 11786 3538 2543 7617 3669 9818 8402 833 5473 11647 9439 4047 5747 11177 1780 13117 9177 2249 56 7525 1088 6868 8108 411 12854 5190 8985 4935 13015 6484 1148 4391 9633 194 13680 9652 943 566 9732 8217 3126 4858 5278 14979 10147 5125 1677 4619 4300 2714 9642 9380 2159 11718 3148 4304 13698 2513 9197 6879 3801 14329 12358 607 177 7254 6192 836 3180 14674 2943 6275 14389 13715 606 5309 7402 11994 11661 10496 10436 2101 8984 6777 13075 3163 14314 4404 13241 5192 2082 348 7647 8790 2675 11443 3679 10318 11987 14305 7621 14372 2794 9155 9299 8947 6128 94 1587 11580 12609 2741 11530 7308 11379 853 2572 6900 12931 2326 7653 10932 3501 6997 3460 8018 5025 9360 979 7587 12528 1998 9231 1156 9499 75 12592 2800 7174 8670 9069 7514 12406 9947 5776 4536 11252 8496 10613 8665 5774 2357 2829 12703 5602 4897 12754 4153 13255 8261 767 12533 13079 14790 9715 7533 7557 9244 9618 2507 14543 5644 9109 7909 6609 3440 6648 9108 11603 2383 6446 2046 6375 6862 259 591 12766 13658 12176 296 13609 8912 5785 8931 6530 3378 4218 6080 5998 12627 4089 318 6873 10697 2153 12922 13828 14529 258 14596 13776 14104 9917 10090 9386 9576 9538 4288 10857 5467 11449 5231 2518 1976 7699 7449 8004 7026 5256 10753 7022 9150 14694 5291 8629 13057 13127 2813 1025 12370 4443 11520 2990 13946 13352 2678 2316 14595 3816 5280 14258 13703 10520 5724 11744 12934 8519 
9436 8964 12799 8669 2179 8911 14981 13153 2060 9429 2533 4952 6899 3772 2296 14929 3883 10432 3476 6780 13283 13559 6833 10320 11631 12510 11627 13382 7318 10786 303 5725 11926 10268 3957 6793 10388 2604 2014 11258 5259 828 14563 13102 13501 712 5596 14092 7088 5137 9802 8524 8681 10071 3332 13967 10604 4748 8891 3847 6266 3052 13397 10683 5912 12086 5292 6828 4053 9608 5141 4024 1841 3817 6894 2410 7654 3699 11297 8822 8421 7652 7661 9253 3983 869 4947 2626 6089 8880 9116 11063 10886 7890 4279 10120 6756 10415 5048 5872 11123 10887 6169 328 11008 10769 10123 3571 3925 1745 12659 2925 5285 221 13673 14784 5934 4812 2098 3997 3053 1272 5534 12552 7245 12378 13735 4649 11139 5356 14877 401 6891 1902 2466 10607 10162 4847 186 7598 604 11020 3999 10511 3731 14855 1430 12222 12809 14879 1789 6676 4825 1253 7243 1697 7530 11621 10390 3606 5199 6830 14323 11629 14186 11478 2240 10724 7401 14953 11347 8179 12722 7925 91 11996 12291 5991 4018 8933 7558 4491 7263 4175 4403 7045 13006 6109 8056 13537 8469 12743 7807 10882 1440 14382 3074 1231 4339 14906 13577 6555 14571 14245 13615 1363 8035 12534 5216 10100 3144 14117 2620 9423 6851 14736 4699 5288 1304 8318 14943 2220 14904 13956 4594 12114 9124 5497 14723 6784 8339 14353 10754 13418 6187 5394 1690 10068 642 8 12990 13178 5920 4661 9644 14688 10183 13359 8239 1218 13862 7057 6954 13488 5251 4671 5758 5366 1121 213 4166 4323 1078 3845 6313 13354 2042 5330 14357 11895 7392 4022 14885 11793 2942 6778 12567 1839 11050 10145 5130 8613 14354 2090 11574 6329 7236 7627 11758 12428 10282 1881 14278 2649 8457 3733 13090 6864 14611 6270 390 6566 5276 5071 8757 10560 7889 7900 6515 2494 9083 11220 14570 4537 12900 8593 1410 10207 8770 3700 9358 7411 9771 11145 9374 1968 2000 5723 7649 2706 6135 8565 820 4363 8656 8683 7529 2789 3165 2440 6725 3519 12382 11262 12146 2475 11556 3044 11416 8521 12584 215 8400 1716 1338 9912 12802 12826 13824 7345 5113 393 11131 1320 9679 7435 10225 10933 119 6460 12311 6495 14869 6672 4725 9521 4937 11982 13044 13939 6630 11331 14182 9587 7683 7319 3848 10069 603 8865 544 452 12808 6765 3912 2914 4025 14352 10694 9050 14654 8181 14527 14768 14578 13770 1063 3541 11818 9266 9597 3130 4915 4818 5387 5136 5269 2500 8455 7380 9115 2791 12767 4683 14945 14645 9160 6552 133 10161 11742 3909 12641 3638 13408 11048 1397 3027 2871 1396 12707 7216 12076 11697 10128 12096 8615 8497 2496 8112 3022 10111 
14392 1176 8196 11560 5424 3299 7666 4421 6367 468 7134 5423 14627 1294 9619 14745 10675 2355 12038 5476 8616 5253 638 1353 6846 6315 2821 13500 2362 14872 5595 2187 8781 8327 11686 11100 1642 14636 1465 13043 10917 9725 8154 9562 87 12453 7713 11651 10329 9157 9680 6022 14799 12575 7615 5515 3347 1053 10073 2114 8008 9743 6852 1702 11259 4702 2545 7779 775 12551 14321 1112 2624 5766 3168 4555 10897 1171 4593 7228 4881 8878 13010 7167 1033 8526 1505 11546 4512 10943 90 3568 8644 3922 6815 1398 7819 12951 7110 2331 7169 1213 10179 3040 5931 9058 7467 12952 6698 4754 4400 2040 6229 2512 9709 12306 11951 10487 13899 5225 1390 7006 2758 10772 1578 6596 2404 14204 10372 3233 1522 165 4528 991 8543 8837 13440 8982 10371 1639 5555 5533 4729 9808 14764 1607 7502 3291 894 3259 11986 5265 11042 8719 6858 12827 12436 8623 11165 8107 12860 5380 6252 12160 6378 234 78 2148 1802 12009 7235 10677 12173 4659 5147 5906 2207 4668 1984 6645 14462 12178 2839 1861 4195 3429 3977 7879 13543 11693 647 5342 8633 2662 5041 1650 6193 706 8522 11111 7163 7761 6568 5401 12721 8692 13282 12283 4541 5557 12515 8651 1560 13065 8680 4516 9472 2425 2063 7399 760 8587 7951 6764 11422 9879 5670 8285 11984 11707 9815 8276 13858 7590 14358 9034 6393 8125 2971 2503 11976 9301 6348 5386 1915 3008 10485 14390 13361 4366 2825 4678 202 6338 3556 8397 2634 12879 1652 1609 6836 2204 11856 10558 9928 10404 8462 14893 3929 5979 3179 11894 8749 12491 10730 8104 5352 4653 3683 5584 1610 4894 11776 14157 3068 12862 8253 13504 11113 6017 2596 2033 14534 8606 528 13983 7282 3717 11381 9541 12196 3119 2118 4071 7882 2911 11783 13156 8934 9476 6903 1957 11027 14313 6607 13586 11504 10935 4359 12095 12366 14295 4328 11226 6703 11589 6077 8672 5486 10081 12087 2676 4113 4542 7315 14034 11622 13918 14180 5050 14218 14216 2470 7155 6902 13623 11522 5015 9909 7197 13621 10217 1436 14701 5066 2926 9080 8538 8866 1832 9911 2221 3368 13180 4749 1665 2989 12686 13019 416 5667 4666 14281 4211 2540 5155 5372 4582 7338 3789 11923 10465 654 6318 182 2147 2125 14081 13280 1279 6047 1514 7827 14633 9812 5148 5797 8981 12194 12167 3381 2965 13878 3923 13937 6099 13807 29 721 14301 2282 2340 14897 369 1375 1021 3486 5999 12454 6276 6139 4253 10997 4428 11400 11461 7329 2164 2066 7640 9045 12821 5214 7876 7751 9281 6436 10402 10045 1358 3187 2719 3344 13475 13514 3081 3073 2920 13314 13398 8678 9941 10229 4642 3392 11225 8324 8452 14064 217 3799 5254 
3241 11383 8845 6544 2297 1182 13034 349 9199 526 4656 644 5128 4185 8780 1169 5948 2644 12379 10379 1995 14693 8146 6007 14621 5417 2834 8899 8026 12615 11849 9029 2775 1524 3707 12675 6907 14151 1352 6540 10152 2718 6140 10964 7033 6474 5499 13818 14085 13338 10042 8508 6304 8539 1518 3345 4291 13974 13198 12715 4492 4083 5115 7012 6081 5353 13220 11120 758 11946 8723 9717 13139 7896 2388 9570 5950 6061 11378 9822 5242 5220 9942 13375 2823 463 2587 9212 653 10722 2077 8349 1211 13434 14308 13128 738 14544 12302 4160 3688 1093 12657 2627 12188 12893 7760 14430 1860 1686 6524 3987 7999 3043 741 5933 6228 11066 1932 14381 7644 446 9768 919 2227 5885 2876 6239 5708 11431 4590 7655 11021 4708 8068 8977 9631 9803 6182 1993 6794 127 3785 9840 7266 10098 10313 13702 13579 13466 14292 5850 5946 1312 8974 2956 3667 4451 3192 10475 1494 9623 7460 10646 12161 6016 3100 31 5093 12460 9477 11432 14461 9223 5034 4082 7825 12645 13484 4634 5021 4274 9938 340 2268 7335 14285 8987 10429 1848 11124 11503 65 2043 12219 8456 5085 5170 3251 1119 2594 13045 5996 6202 6693 1402 8503 10218 3087 11950 13518 7146 14028 8730 2320 4896 12258 9106 11550 4755 14009 1908 8520 648 1324 11305 10647 10376 7519 14067 6292 14480 6600 1541 1888 8454 3152 14985 14511 330 4773 1544 507 8389 5132 6945 8488 13744 10849 4696 322 14921 11650 2595 2016 2380 1527 1443 1711 11564 11030 10050 5866 14513 14865 12720 4065 9773 3095 3768 12383 10577 10245 10346 1023 5615 10200 11144 3871 3759 14154 12476 12387 2593 14039 1468 7562 4210 2006 5209 9904 3963 2901 7771 7208 3696 4054 7982 8023 8121 7631 13881 4140 13237 794 8906 375 6490 14572 11033 7632 2809 1415 13730 3297 8875 13999 6098 9054 2419 8709 2655 7986 7690 5481 5428 12487 13857 8436 14598 12525 2811 670 5286 2353 12544 11658 12061 7041 2436 13527 11248 1354 1374 10881 12089 7863 12130 1854 5779 1437 5169 2225 4914 5505 7710 11266 9345 13630 13988 5191 8614 13113 7919 8971 9930 3563 451 3958 2802 4093 1657 8924 13078 21 3319 6390 12547 8358 6788 629 7262 532 11663 4919 6385 12714 3815 237 6137 8948 5693 1726 10601 8653 8637 1927 14647 9158 9807 13610 11447 7633 11990 5038 14966 12944 2264 141 14730 1198 888 14045 3364 11940 9205 9635 4336 4572 10815 5569 11341 8809 8851 2087 7673 6985 8224 8983 8204 5114 9753 359 7463 5763 2963 12998 2656 3720 13474 13717 908 3142 6449 13288 1901 1360 3521 3735 10035 9581 1102 5044 4898 2737 5665 3805 7083 
6604 5070 12150 1648 3654 10084 6249 2650 13093 8314 3063 13690 3005 9265 1005 11907 4709 520 8137 12320 10020 12851 12143 13324 9324 12203 8799 9783 7306 10038 7792 1192 14917 7720 5135 1597 12457 3406 6834 6481 4374 5418 1125 13991 13731 4298 13578 3942 4357 2777 7838 11843 9186 11399 3548 8465 816 13679 14909 9 2167 8760 1782 7005 2047 3965 3863 1444 11061 2683 9129 6651 2903 14542 13495 7757 14426 11083 3701 2423 10532 9835 2785 8133 13443 8052 13659 397 6717 1800 14073 14837 9706 7701 12892 2272 8703 13364 4397 13423 3924 797 5049 1922 3219 14370 9650 6641 12365 12483 1744 10015 11420 7350 14016 12955 8471 5756 12601 2335 14322 8707 10300 10490 8248 2286 5767 4295 2761 1050 2643 13026 10431 9690 1194 6714 2015 5238 7384 6622 4257 4026 14464 6971 8446 1076 13348 9567 1307 8542 5855 6322 9041 13997 1199 13655 9687 6791 3479 14894 7466 2948 6280 1796 8207 3041 10391 4200 14433 9451 11098 5524 930 4718 11832 2161 5321 8444 104 5270 6398 5334 5631 4765 8600 11059 13910 11472 11807 7727 12186 13164 12819 7597 7676 5258 6299 9506 11306 1709 14820 7106 6999 10421 7217 6855 5513 13242 555 6345 10539 7677 4529 1886 1769 12042 10470 3626 4503 13685 4805 4736 13124 13345 719 8335 617 9280 1172 8759 7337 8355 1763 13772 5293 13709 13258 5861 5959 5361 14042 10127 5228 6955 9321 7992 8926 9712 5243 13140 11816 12341 14187 6220 2300 13477 646 4655 3067 10378 12292 7503 3947 5984 8788 2929 12449 13355 1747 7063 8184 5326 5927 5657 10759 11338 11665 2100 12679 13822 1808 2321 7608 9794 14465 7428 8689 1072 961 11886 12164 12063 13569 7756 1926 11563 2616 13864 13254 13924 6782 14615 10141 11935 11717 2891 430 80 8783 6517 13521 10249 12920 6736 3904 4050 1260 14196 3539 9319 7138 1454 9044 11384 14801 2613 9364 665 11541 7864 1569 9342 7628 12400 9037 10089 9874 10260 10538 11644 12550 4821 8118 8236 14008 4948 5803 1291 11151 14431 3437 10596 809 5604 4524 5162 14908 12548 13821 1729 11464 4170 5392 2786 8712 13904 13234 13728 7924 9972 3756 11995 2365 8299 4497 14536 678 10649 8514 10579 12098 898 8240 7221 14140 1254 14419 9399 10643 5409 5620 12242 11309 12877 2501 6151 9705 5846 748 9032 5821 9099 14350 140 200 1202 890 11999 6058 3553 12531 3260 4346 11034 10810 11756 11333 8804 2434 8556 7671 8160 12784 1692 7769 7685 9750 14772 5502 8747 3263 3317 2670 12960 14279 4561 12452 11351 12403 14890 8379 2245 11941 3934 11427 9517 4782 7752 2576 14082 9337 14494 1067 