144
554 
908 
613 
672 
790 
259 
377 
141 
436 
58 
318 
831 
713 
849 
200 
123 
182 
359 






802 72 
825 62 
684 593 
235 924 
471 770 
176 428 
330 487 
882 216 431 
589 
884 
389 
764 
943 
587 
412 654 
920 241 
233 
212 612 
743 
271 553 
54 
153 730 
941 
94 
824 392 573 251 
804 646 642 534 
96 97 829 
745 510 249 
765 761 239 
293 289 501 485 
588 865 74 
117 671 839 688 
647 418 426 
922 923 603 
294 367 
706 156 711 
391 905 780 
507 848 190 
766 300 511 
47 705 131 
448 898 
648 98 
52 846 747 
353 317 452 29 
115 595 275 723 
509 333 121 254 
56 308 
528 357 
942 599 410 99 370 792 605 
840 610 88 160 910 423 
717 348 477 847 170 877 
450 127 48 442 493 676 313 
368 938 158 134 118 900 
686 486 746 868 583 472 372 
540 171 560 611 145 885 
835 256 396 547 154 
155 3 5 322 263 10 51 
332 481 174 383 288 851 836 195 
625 545 374 57 219 26 77 
883 879 927 49 11 
234 628 435 139 665 12 
863 864 536 34 937 701 546 
214 215 455 381 806 
411 551 147 465 721 192 
568 569 494 842 841 369 
352 469 376 229 662 
116 112 643 324 809 617 652 
627 315 82 606 888 
273 823 199 691 310 
529 525 81 906 157 136 
175 466 33 133 
470 292 890 670 844 
120 889 41 279 855 563 378 379 673 523 16 
651 653 425 168 512 262 32 261 478 759 
238 244 351 758 571 850 202 715 936 
0 1 277 789 504 524 222 228 
323 303 240 248 43 150 735 615 483 508 
382 186 220 140 386 80 871 930 371 
618 422 728 866 31 438 84 607 
854 712 663 53 796 101 819 253 726 
441 427 138 206 380 252 28 246 346 
913 68 79 907 616 724 320 537 489 
795 604 492 453 429 236 531 
736 245 42 375 440 393 497 548 
87 73 787 630 337 783 544 287 664 
677 250 433 748 788 143 708 490 
559 722 407 619 552 556 354 
264 191 687 689 729 406 499 295 608 
205 132 702 217 316 488 59 590 
500 776 820 750 514 558 177 902 
146 899 274 276 198 901 570 464 674 
55 304 805 807 853 912 169 
530 363 197 257 204 334 272 549 
861 309 451 44 632 794 413 449 
707 894 230 258 678 193 416 843 725 
781 658 566 265 878 50 430 649 
409 408 402 403 397 631 620 621 35 93 682 693 814 636 813 601 812 45 818 768 
645 644 638 639 633 640 915 89 90 623 634 811 23 696 695 773 784 659 886 
468 467 461 462 926 395 384 385 624 329 398 339 401 400 24 25 15 786 777 355 650 
114 113 107 108 810 797 739 562 918 800 22 637 931 66 135 774 895 667 591 
822 821 815 816 928 602 19 916 741 801 221 103 106 105 65 904 778 600 532 21 
940 939 933 934 757 307 71 325 679 387 36 929 932 342 341 361 635 655 700 
763 762 756 580 935 102 738 740 798 388 752 575 578 577 104 597 312 46 296 
586 585 579 344 338 109 749 690 561 326 742 680 683 755 754 714 896 17 803 709 
881 880 874 875 39 869 463 443 444 208 447 919 565 30 224 223 183 727 76 626 666 
232 231 225 226 40 572 266 267 446 321 92 909 83 837 281 196 314 694 641 178 
291 290 284 285 867 366 751 148 149 269 210 505 516 519 518 184 609 95 718 18 473 
173 172 362 166 167 581 522 207 502 152 162 165 164 137 124 399 302 405 921 119 
527 526 520 698 817 161 445 270 503 506 142 760 496 243 78 542 390 782 
350 349 343 358 421 669 779 100 699 858 209 151 564 555 629 163 180 891 576 27 744 6 827 
592 598 122 876 574 513 394 799 328 457 460 459 420 301 7 767 
704 703 775 697 417 336 515 268 439 211 280 283 282 255 862 70 596 13 364 237 
37 38 299 345 404 227 9 737 327 85 675 75 833 242 298 373 892 187 582 
61 67 181 838 808 456 159 584 335 917 203 260 791 845 247 188 365 656 8 
356 415 539 476 521 130 20 914 622 91 911 319 111 826 129 719 538 668 331 60 
887 474 63 535 286 661 495 925 734 732 614 347 419 360 306 110 567 785 
769 179 830 185 897 189 64 852 793 557 86 432 479 194 660 685 
533 893 594 126 2 454 720 856 857 859 860 870 873 872 832 424 491 128 305 14 
710 771 480 4 543 692 772 278 681 201 498 733 125 517 340 213 541 414 
828 297 834 716 657 218 484 731 434 144 437 311 458 475 753 550 69 482 903 