72
835 528 805 826 512 
481 823 493 908 
234 802 833 381 58 
863 256 488 790 
214 315 235 418 
568 825 289 317 
352 509 274 511 
116 56 438 276 
450 938 97 357 
627 628 193 271 713 
273 410 471 275 
529 525 374 848 
861 191 648 261 910 613 
707 250 353 853 229 190 
186 52 375 524 937 534 
309 706 864 143 725 217 
894 47 257 878 573 689 
776 112 901 170 490 
304 448 204 465 485 
132 469 794 760 536 
781 391 198 684 836 414 
840 348 819 884 131 
717 765 492 687 906 74 
127 451 174 370 705 452 
87 68 96 380 783 458 171 643 546 
677 540 616 407 17 759 154 748 431 
559 427 230 278 7 228 153 136 
264 245 337 642 13 346 921 473 21 
205 663 182 788 84 489 659 532 
323 73 545 215 347 930 145 10 29 
500 486 507 406 27 936 941 898 650 
146 722 922 552 837 728 846 900 
55 604 292 514 845 396 923 672 
942 422 79 729 750 708 434 82 475 
686 899 294 466 295 138 12 629 
530 363 2 622 316 59 792 392 768 654 
474 535 876 470 268 144 322 596 483 523 433 789 688 
179 181 454 293 766 437 288 247 537 843 412 667 442 
651 653 456 804 569 614 263 753 177 499 6 258 770 
238 889 123 307 155 563 850 510 129 354 744 333 865 199 
0 417 227 647 262 320 306 718 331 862 5 141 
382 244 749 745 746 504 111 635 660 877 135 77 195 
854 126 720 3 150 311 432 449 472 94 178 318 
618 1 425 175 115 793 378 733 597 272 885 48 785 553 
913 712 612 758 824 625 31 429 340 413 851 296 158 
441 657 277 787 32 252 314 531 818 907 206 560 
795 240 248 117 101 909 673 302 423 233 807 436 570 
736 4 220 197 80 440 542 868 212 890 591 
704 703 697 867 443 858 211 103 496 137 871 364 676 903 747 925 
37 303 775 698 699 332 328 565 83 609 550 803 587 646 605 394 664 
61 63 366 168 513 91 860 260 584 78 15 508 547 666 839 119 16 
356 362 480 640 669 738 740 85 555 301 668 176 809 566 133 335 200 
887 893 368 838 20 917 203 735 70 478 464 615 611 239 355 723 
769 771 817 9 734 319 142 761 124 110 305 389 53 844 886 841 
533 539 926 43 588 911 86 393 373 246 330 702 237 265 416 
710 716 476 100 658 799 732 791 724 243 236 927 26 571 259 737 
828 834 594 764 345 883 439 681 75 163 213 219 379 60 376 831 
297 830 421 521 484 327 675 28 242 576 160 541 617 726 254 241 
415 122 897 543 411 209 557 498 202 188 69 482 548 649 888 72 88 
120 299 808 161 386 852 201 351 719 715 430 777 902 249 678 34 
409 408 402 403 108 869 572 856 621 798 742 680 457 682 460 696 813 183 812 194 847 626 118 691 806 501 426 377 671 487 
645 644 638 579 875 580 633 574 661 444 267 447 801 752 339 224 578 459 420 491 694 312 820 139 42 743 782 44 603 827 549 298 
468 467 585 461 462 397 463 620 797 385 446 269 634 162 693 814 223 695 773 774 390 600 912 45 33 829 709 608 62 334 180 
114 113 107 639 928 102 384 690 739 502 92 683 575 516 931 518 904 786 253 169 556 905 46 670 731 11 554 121 849 216 
822 821 815 284 344 395 581 915 561 679 623 800 398 221 755 754 577 196 517 76 567 882 842 920 49 772 652 367 914 428 730 
940 880 939 933 343 934 285 631 751 692 266 207 857 93 22 401 282 66 891 419 95 405 879 607 582 54 64 866 619 593 81 359 
763 762 874 816 757 935 109 189 148 562 388 152 505 106 105 519 65 184 832 778 128 371 156 558 700 157 453 711 595 855 57 
586 290 349 598 520 404 338 218 522 916 624 918 859 929 637 636 400 361 727 365 125 497 551 589 674 665 14 251 780 372 383 
881 527 526 41 166 167 71 130 89 90 208 149 919 151 870 932 873 872 601 896 424 656 287 8 610 685 701 495 140 99 721 147 
232 172 756 225 226 810 336 159 325 326 321 741 36 210 280 283 342 341 104 399 538 222 187 767 641 590 18 192 630 98 924 477 
291 350 231 67 39 599 602 779 279 515 445 387 270 503 506 811 165 164 714 360 655 895 50 943 606 632 662 313 796 300 544 
173 592 38 358 185 40 286 19 35 329 564 30 23 24 25 255 281 479 892 784 134 455 583 51 369 310 494 308 435 324 