72
1151 2075 4811 8231 5219 4451 9699 1163 1931 9711 7187 1371 7911 4889 9161 4263 3809 6137 5093 4399 9067 8011 4759 9763 6919 6031 1267 2626 7288 86 3789 8450 4906 4398 4998 4898 7848 1632 6904 5418 8508 9561 5558 7509 9681 2418 3598 102 6594 922 988 6642 9726 8361 2066 8673 8352 6842 2122 6006 9138 8402 7208 8150 2200 3814 9709 9164 7045 8048 
4187 6563 3335 8639 1127 2943 6155 8787 239 4683 8159 2643 9363 3659 8859 3543 1745 2753 557 653 2633 1027 3317 8935 4207 6499 2311 8887 6715 5702 7339 1687 6484 1336 6016 8460 5918 8512 3214 2658 9002 6897 4785 982 2098 9549 7396 9177 8068 6894 7370 8860 1509 7377 5980 2224 3246 2326 2882 4032 1869 4494 7438 9116 3968 6469 5900 2113 1537 
8075 8471 611 2543 2687 4259 5651 2967 7059 3231 6651 6327 9149 5993 965 5813 8357 7637 4651 2287 8309 9715 9787 5695 8035 5719 9122 3285 4231 2282 4850 868 1750 4584 5750 6957 6490 4002 5562 4534 3060 298 5862 9962 9006 7546 6902 3070 7744 9568 7413 5978 9394 3158 100 7480 6880 8978 7530 30 280 5500 8173 3810 6056 1928 7921 7016 
131 1955 2999 9179 3815 9251 8891 1055 15 6663 6395 2871 7575 5319 8559 1217 761 7253 1505 1073 4687 3127 7495 6631 4363 9199 4015 775 6319 8001 1483 2604 9741 2143 5102 45 5700 7699 9616 5706 5032 4413 3828 472 4728 5286 3058 4860 9480 8517 7065 7576 2894 820 9573 994 573 4630 5824 5272 1466 9834 9268 6765 7674 9042 4316 7432 2202 8534 6829 1930 4069 8953 1616 
2135 2351 2723 783 7367 7811 9539 2903 3639 2861 3447 2955 7841 7119 5163 1253 3303 1493 4119 3437 6115 1195 4303 2501 799 9895 8841 2059 7089 46 9465 4677 4123 4380 7312 7746 4994 7936 8842 3946 1426 2856 8740 3258 6117 2892 8866 7374 1734 2656 4317 8274 386 6178 8013 2354 9974 6026 9880 4330 2829 3390 7600 7890 9385 5014 6404 2108 3128 745 
6647 5759 5291 9947 3779 3923 5943 8739 3179 4979 735 1095 483 411 7635 267 725 2369 4025 941 1049 4757 2587 2635 9991 2263 8311 3372 7840 7891 6679 2370 2817 4290 1258 2906 8470 2654 4204 1442 3297 1041 18 1821 4648 7030 8932 5877 1606 7257 9276 1394 5892 290 9184 7420 8270 698 8704 690 957 8040 6176 5449 6764 241 1220 7256 1040 
2327 3215 6539 2519 4655 7775 6167 6755 5915 8847 5043 5067 6867 291 9219 2919 8535 4517 8307 4613 4217 1747 5875 6799 5251 6067 3319 9130 3417 3782 1408 1416 5104 8254 7022 6405 1420 5517 1698 8121 3477 2766 8918 3256 2416 8722 8904 2550 2930 6478 6064 6924 4454 166 6142 4702 9417 8998 1752 5586 2292 7070 5277 9940 6464 5989 4604 517 3301 
8339 1031 9167 3059 5927 6731 603 8831 9359 1299 4619 3123 2669 6975 7047 2765 1229 245 8825 9653 3415 6917 5155 4195 235 5959 6223 3655 9019 7555 2152 2940 4518 2047 7992 6114 8916 1958 8169 3206 2914 8793 3050 921 1602 1749 5937 9510 3940 8298 6646 9186 1809 6090 5490 3578 9172 8580 2637 8198 4818 8694 8398 2301 9872 7592 7333 5660 6877 2377 
2171 4847 3591 5975 4631 8279 5243 6843 8235 1659 8345 5511 8999 3209 1683 8165 3497 1769 4735 6283 5371 6317 5515 5803 3727 6163 9751 8265 2119 9010 172 4288 1026 7994 5424 3054 6898 3936 3991 8112 8344 3210 9474 5434 9484 3792 7680 6564 8844 6888 1898 1329 7620 5296 9777 5206 5469 7017 5340 6736 608 8336 2936 6616 7777 8989 9668 
7331 9707 7955 9935 8015 1887 8087 3731 2679 9243 9125 5595 951 1863 1841 2105 6581 4085 8381 3857 1985 91 7567 3523 3463 3547 8563 1341 9244 1404 822 5878 9970 9597 8253 786 5457 9933 316 1464 4516 2769 5628 3132 6417 1396 6669 4197 3878 3750 5354 6712 6561 7654 8222 5618 7466 4014 9330 3304 1645 3001 536 4184 8821 6812 7712 
7007 479 8699 8555 1835 623 1715 7451 2471 4115 8703 1539 9723 6387 3821 4673 413 2741 5417 7409 1157 3343 1061 4747 3259 6907 5623 6811 9535 4267 3282 4644 8002 9928 3280 4524 5572 1634 4650 3633 2918 8230 6261 2212 2544 2722 8894 5433 9030 5634 8925 7752 5214 9156 9506 2742 4029 8210 4821 1456 10 2298 7180 9936 7268 6853 5948 9236 1544 
6023 6851 9695 9827 4679 1499 5699 3219 2559 8163 9771 3411 2259 1121 7577 5273 3413 2897 3977 2273 9499 4903 4171 7903 3955 5395 4902 4111 5028 8683 2503 8742 6825 8248 4402 9261 1454 7173 5100 4351 3082 9381 7062 4590 4672 9374 1646 2440 3885 2770 6258 2229 894 4761 6132 194 4962 1710 6618 5004 3368 1748 5194 3932 6548 2372 7633 
8459 2087 3299 683 7983 2759 935 7743 4647 7083 2763 927 6519 1587 3435 3089 1193 2021 1517 221 8861 859 8371 655 7411 9523 943 3007 3163 3278 4900 84 2758 8832 532 178 2395 168 9516 7086 2304 6820 650 2949 8539 5362 3254 4605 4426 334 930 5436 7152 1246 6496 2109 3333 262 1830 9610 5830 3574 165 720 9346 2514 4881 6442 9136 3549 1784 7093 9680 7249 4801 8558 4693 7033 8540 5024 5005 
9215 9491 7835 347 7319 5999 6047 9035 855 6687 2255 5931 1079 8583 8127 1323 9651 3579 5525 7685 4733 9413 1529 2755 8335 9727 4987 5323 7783 3895 38 523 2286 4641 9258 4905 364 1418 5001 4929 918 6782 8428 294 9472 8106 480 9729 5925 834 8448 374 2685 6084 3585 5346 6492 2464 362 7252 4164 4322 9220 3192 9146 6393 8589 718 2118 6722 1926 7929 2302 8376 5612 301 8365 1189 5341 1916 9265 5257 1112 
3395 6515 3155 7151 7667 5819 5963 471 299 6467 1755 1839 8595 9351 4155 9245 1025 4755 149 1133 6497 6473 1265 6943 6955 9331 1075 3103 1063 4734 854 7317 8162 2625 8434 3826 2610 840 8452 2664 7740 9526 828 6890 4586 1174 3996 6969 5448 978 2314 4362 7618 4102 5422 6976 5620 2889 4282 2350 998 7416 6045 3669 3774 6345 5514 952 6374 2058 7178 9140 3020 9716 7736 1501 1244 3716 1705 7441 5564 
5147 5039 443 4715 8615 4835 195 1943 9459 387 2775 3689 3363 7541 3485 8957 9797 5081 3269 2611 5431 2839 1207 4387 6511 7375 4939 7986 8995 9612 780 2810 1410 3382 8714 2620 6066 4996 2674 8109 8337 3453 4480 2422 537 5805 1814 4482 3684 7500 5254 7754 638 9174 8234 6828 3400 2865 6202 3818 6282 9158 9984 2649 3994 34 6357 2246 5116 9212 7196 157 7628 3092 8780 3733 2521 9860 9056 
1811 6491 7091 5303 2003 767 8735 4299 8027 5823 7215 4659 7703 75 5535 209 3281 9929 5153 6869 497 3535 9703 5935 7951 259 1591 8947 4404 5148 2862 90 4690 6778 463 5002 2994 6486 4414 5874 7980 3630 4486 7378 6285 3816 9213 2716 2568 2430 146 2306 9400 8122 6988 8364 4372 4582 9202 3952 4046 8908 2238 2650 8618 1437 6694 4042 7554 6057 80 1969 9601 5845 6416 1141 25 1316 3104 5984 
8783 2795 455 7979 5807 3491 3467 2879 6839 5015 7791 7131 2147 5079 2523 7793 5285 6027 6711 9689 4253 6461 6905 9761 559 5815 8993 295 3175 7279 42 8462 6396 7060 4857 9734 8166 1956 5070 4730 2836 8078 8114 592 9490 5604 6110 6922 7156 8052 5656 7002 1960 4786 6849 6454 1884 7656 9662 7586 6134 7768 9432 8054 7958 5842 5782 1852 522 8148 3544 2409 3360 5569 3829 6224 5048 8437 8185 7064 1400 512 
4595 7163 971 3887 803 695 8691 7895 3983 2007 4071 8943 5979 5151 2609 881 5297 3315 8621 6701 8933 3931 475 1411 739 5899 4771 9919 7984 5203 3374 1252 7084 2622 2284 2214 2162 8938 1816 9988 3511 9070 93 170 7482 9558 6069 258 9026 1596 2896 5818 4620 5356 1188 8646 7522 9756 8370 3018 6698 8440 1934 9886 1605 5 7960 28 3636 6381 7664 3193 572 1765 5336 73 5677 1844 8912 8036 
8219 4103 1703 8927 743 4067 2123 6767 2475 5835 9855 315 6719 2051 17 4611 7217 6605 581 1397 4361 7003 4291 139 583 5611 7123 8395 1351 6398 4507 7989 2858 3422 1126 2916 5922 9470 1406 4410 9004 8598 842 3021 4982 3573 9542 8238 2554 634 4612 4596 9393 4756 5848 160 6909 3880 3600 8356 4774 4870 6580 330 1905 6386 9100 8042 1982 5149 4297 452 7585 2948 8965 6524 8209 8444 5876 
8531 9155 6611 4527 7199 6383 7271 1695 1595 9663 7599 1191 6017 231 9015 8465 2799 6077 989 3365 5537 9869 6487 8275 6895 3835 2335 8383 7846 2154 7540 1022 5911 40 1422 7394 4593 4930 8902 7212 9376 3066 382 7758 8970 9540 4654 7348 9028 3564 4200 7168 4024 2956 2310 3468 7778 2256 830 3130 1234 9574 2234 4101 6652 6420 2457 5394 1378 7702 6546 284 7844 5485 5065 980 8192 8576 5240 5185 
8207 791 635 3647 6743 1763 5135 6555 6011 3291 9639 8499 723 7275 5033 5007 4127 4709 6125 2285 7481 6269 5657 6559 3499 2419 2995 3907 3871 715 3307 3276 5614 7293 2670 7545 7230 9458 1170 1392 2998 6590 7234 1116 7504 6480 9520 534 2236 2714 6552 7174 5698 7662 658 3838 604 2698 9582 1242 9016 4569 3998 402 2090 3074 2472 5316 9982 8388 282 1725 692 392 656 6116 6836 9980 5461 2137 6373 7177 
8723 8411 4895 311 9275 3839 335 5675 8751 5703 5499 1707 7443 9195 8151 8969 9821 1181 1733 7987 6415 8021 9823 5575 1531 319 2455 9871 1927 3418 2803 8160 2078 5157 3034 7459 9926 1192 9562 5798 6022 4284 3010 7782 9642 7222 5368 4432 3830 6789 5058 2268 6470 2025 1810 6366 3758 4298 6664 1500 244 302 6136 5392 3538 3710 1665 4824 9040 278 7558 7561 620 7304 3817 9908 6680 8408 8840 6733 
8327 2183 1259 4343 3767 1175 99 7851 7539 9227 8763 5055 7203 1395 5655 7385 4661 821 2465 6761 2333 5947 5827 7697 4159 499 6355 3715 3052 7284 4795 1020 6598 8928 1506 7749 4396 5421 2080 5938 1806 9460 4390 1446 5404 3634 7944 1096 1086 3516 9706 9496 414 5414 4726 6513 142 9910 6676 3234 388 9514 60 6532 4833 8380 4713 1274 460 5401 973 9812 3517 6421 8905 5161 6800 7184 6884 
5027 2663 1319 4139 9443 7547 8835 8507 7815 3555 5207 1635 503 6087 5127 3915 6003 5763 9831 9461 6437 7133 341 6089 4445 6293 257 1843 6101 4265 5563 4807 4435 8443 3583 2157 5110 3024 8457 7816 1737 3208 2290 4366 6234 2712 7858 9189 8258 974 8176 6636 8853 234 2170 2764 5853 6226 3000 9722 8758 4449 3612 2316 8074 4572 2366 552 8709 430 3014 2262 6682 7250 2726 5580 7786 3153 4970 1348 1594 6004 5134 5176 6321 5265 465 5008 8796 8425 584 5245 8132 4424 5408 6980 3680 6577 1496 3344 9445 8881 
167 7247 7823 6899 215 7787 6995 9107 1307 3015 3375 4479 5631 4035 1119 1743 543 987 3171 8321 5633 5501 7037 5105 4457 809 2043 2033 6629 6187 9583 1675 7735 1771 7651 9187 8611 9355 7471 5926 4521 3628 3086 4926 1636 7308 318 8518 4026 8289 8373 4420 5570 8282 2652 3906 9826 7542 6118 1886 3850 3448 2100 2541 8524 7216 882 254 3102 1320 8430 9804 1968 5625 6394 9544 1516 3874 4062 568 540 3036 9710 5198 4965 3506 9746 506 6050 8065 9945 4112 8521 9145 6008 8773 3145 6572 6517 644 2053 6313 2096 
3935 3035 1463 1367 9611 3635 3851 5051 6783 647 3051 9875 6279 4563 51 7263 807 1421 2345 2681 6351 4337 5681 8009 5249 2453 7373 631 3653 3847 823 6211 4555 5647 751 4279 2757 1248 5034 8066 9825 5606 3252 3834 1966 6822 4418 9466 2589 1962 6718 6954 1641 2692 4406 3084 6254 249 4310 8488 8850 1238 2322 2034 4686 6082 502 8506 2968 1857 8494 9670 4936 6438 5934 8774 216 7800 2878 417 4346 6372 6180 9666 1014 2392 2388 5156 9781 7933 1964 7489 6644 6985 3632 3752 7076 6865 2780 2293 
9263 3095 4859 1823 6239 2483 8643 6015 4635 591 3567 1647 2607 4335 3279 6855 867 6173 5583 905 8379 2885 1829 677 5333 8093 8467 4013 7807 1685 7015 1039 9955 3271 2359 6103 6406 2814 9115 2546 6826 8926 2227 5608 2590 3090 2266 3472 7183 874 4382 2438 8350 3496 2901 9180 2538 8658 6928 6081 9166 1638 3616 7390 8032 5478 228 1324 2074 1149 8034 6192 866 8410 7690 1077 4276 3854 7008 4324 5338 210 2496 7548 268 5740 3253 7893 7369 8305 9284 6661 7028 3325 1069 8233 6025 9572 9349 5972 
6431 6191 7403 5531 1235 3011 4391 359 9635 5847 2531 1991 1899 6795 7683 4971 5619 9665 8753 8679 869 9389 3651 5597 4347 8153 9619 2249 187 331 3295 2045 2647 9835 2527 6151 5428 9456 1987 4920 9730 5426 5284 6818 174 8170 904 3134 1120 7056 6170 6408 9674 4053 2082 4570 3614 6790 6570 4680 1006 4576 9286 3406 81 2356 4248 4910 8637 8174 9054 6588 5578 712 8664 6074 9890 9760 9022 518 5686 4968 2566 7422 398 8158 6200 8204 4201 9793 4561 2204 7165 7136 217 4705 1549 2041 7201 8480 
2867 5855 1679 4607 3695 2027 1523 4499 8919 6507 8363 5615 9063 6927 2355 3135 4203 5607 7997 4107 3975 3233 1059 2981 4205 113 65 1349 7267 7771 1795 7615 4147 7531 4219 4579 5587 9943 1029 3094 9240 3942 4737 9802 7296 5710 2580 9402 5280 8346 5796 3886 7666 3062 2920 9182 2368 5146 3357 585 2374 4450 7497 7665 1890 5752 2094 7170 5382 4800 238 8090 6686 6298 7398 6861 5344 3328 4452 544 8482 1534 7792 5164 6358 4104 1368 1356 788 2704 7088 1532 2792 3536 6452 9433 8732 9584 3109 1477 6157 7328 
6623 3383 9815 3227 6083 8963 9863 4667 1487 3251 8631 7767 9819 6479 2283 9531 1131 3267 8513 3353 3449 7179 8177 641 6377 6403 2131 1481 6029 6967 6295 8599 5659 1291 2011 5983 2618 8426 7822 9378 8466 2673 2217 3048 7410 1738 3790 8757 9820 5806 5882 9720 3420 864 9234 9786 8640 530 3218 9153 4434 1168 9434 309 5138 7154 7306 8582 1102 2349 5342 6232 724 76 3609 5025 3046 5196 1260 9222 9074 6378 7330 9333 1182 2400 9032 7849 3200 5545 4004 4328 7148 4808 5773 5173 8300 8180 6152 7820 
8351 3203 839 671 5363 7439 7259 2079 3143 2603 171 5663 5295 8907 5487 8439 3243 1601 8285 5825 6281 3629 2717 7505 8839 6305 893 7073 7879 8059 8083 439 2599 79 1564 8260 36 2210 1030 9621 9934 8118 3202 6108 2166 9556 129 8322 120 141 9162 9518 2260 6948 5808 966 8306 6914 5868 8242 7594 1492 3450 5236 5446 7162 8310 6362 645 1826 6346 6794 9198 6262 958 7276 5968 9566 5712 6516 4176 3890 3658 3386 3722 9744 8509 1929 7357 4832 481 2576 5252 4088 8792 8240 6032 6620 6349 1981 
5231 5951 3479 6935 3287 8183 1187 6527 7379 6347 7839 9171 4995 7191 6063 161 2153 27 5705 939 2561 3113 8489 9317 89 6315 9545 8885 2179 2431 691 7363 1855 5539 6751 5671 2721 9043 3033 2904 2280 8284 8721 390 8116 5430 7824 870 8301 1194 3982 9256 9957 4314 306 2902 9594 8782 3006 6441 924 7358 350 628 4384 5556 7938 7000 1833 2018 5856 4914 4054 5274 9898 993 2270 5778 7977 8674 6434 2114 7209 7 1620 4500 7078 8536 529 765 7352 296 128 4232 5137 2756 8960 6673 6068 6632 3169 7676 
5891 3971 2435 5939 9239 6071 9971 4943 8283 2187 7623 963 4239 8079 4671 3615 7407 5187 495 7937 2693 449 3473 2201 6833 4745 7649 6713 3223 3631 9511 8095 1135 9055 6475 5311 1570 5704 8433 2748 9570 4848 2548 6568 300 2218 3626 94 8246 4778 3064 2340 9482 976 2694 5758 1473 5364 2926 442 1850 4562 1461 3525 9801 5458 6021 3465 110 8846 5522 6837 240 4701 7161 1834 880 1482 7114 3393 6864 7761 9093 4656 7142 3682 7057 2713 3236 997 2828 5749 1604 7292 5828 5521 1573 9133 7244 9865 
8843 863 6791 2015 2615 9975 6683 8147 5451 915 9399 1911 5379 9279 4271 9627 5247 1313 5429 4841 3137 7265 6521 4639 9785 401 3199 8167 2695 9427 4699 6931 6667 9907 9139 9614 5167 2614 9000 14 2164 4990 6952 7090 8100 597 4922 654 7344 2106 9278 9468 3576 3004 9384 8601 1908 6850 3690 1932 5688 358 714 5242 9208 9426 8318 5241 6950 4578 960 3528 7362 3705 420 710 4742 5080 9832 5256 520 5590 3986 7324 5010 466 1424 8385 8600 2257 1033 6080 6937 6320 445 428 896 769 9644 5864 
9887 4931 1859 4247 5375 1439 7691 8063 959 4467 3483 5559 6255 687 3663 4251 4011 8717 8225 9857 5057 7109 6725 7205 953 5009 415 773 6583 4999 9175 3667 1327 3859 1159 3376 1560 3026 2760 5406 3786 4254 7502 3780 5510 3478 8762 8325 3196 5568 8102 153 3346 5697 7581 3796 6196 3486 2092 2782 1522 8278 5574 9204 3294 934 304 1101 8124 6448 352 3778 9034 6288 7905 6990 1330 3654 8961 3240 7524 9828 3042 9864 3085 9817 7040 7916 1909 4429 4861 3769 7897 5533 7117 2216 9740 272 
4535 107 6959 4775 9563 8495 119 1803 9123 5031 8547 3443 9603 9087 879 3399 3111 5271 1613 3377 639 2031 7551 8501 9497 6797 6821 6041 2729 9029 4675 5585 2083 3475 883 4243 4039 9967 979 6835 6271 7836 4670 2608 1696 7834 1332 21 528 2950 2373 2661 5661 8930 9250 1497 4689 118 6414 4430 5373 9684 9846 7629 5898 7012 3686 3340 7950 5757 4272 1104 4776 9486 6958 4698 1486 5174 1593 7113 1713 5320 734 9441 2640 8625 1078 5904 4764 9318 6772 6206 4173 3160 7018 4542 5488 8496 7336 112 1264 5098 8870 8826 3118 1278 6318 6033 5592 7452 9264 4504 3188 9721 1165 7621 4777 9025 325 2876 3464 3289 9313 3601 9013 1849 6181 9104 8605 1628 6613 5540 
1631 2699 7763 9959 5639 8855 551 5495 2547 5087 7559 1467 4367 4623 6983 9387 4695 579 1551 1491 4637 5199 7647 1923 3533 3401 4181 1913 4817 9759 4157 9053 5693 9739 835 967 5107 1759 7111 5479 3391 8803 2148 3378 8047 816 8838 1414 7826 4188 3624 850 1732 5916 7024 1440 1888 1449 7582 4984 283 5150 1074 6936 1953 1942 7658 8634 792 1098 2038 3144 72 6370 6830 9790 9206 8610 2790 3856 7898 6681 4908 2570 6856 706 8622 5050 4302 1992 9090 6246 9412 8436 5234 8218 2518 7329 6756 6866 1610 8010 2138 5130 8154 8422 1758 6702 5328 4712 8876 752 3980 3116 9932 9061 181 8288 5821 3032 613 3608 1328 4472 6308 1940 7952 1717 3709 800 
8663 2195 923 2831 4043 2207 5735 6615 3027 2319 8135 183 4851 1691 2487 9495 7527 1515 819 9473 1565 8931 9867 6459 5405 7877 2585 7335 2873 6341 8299 2155 5201 8431 7399 1735 511 6235 1435 5971 9451 6727 271 3028 9120 1701 7814 8294 7750 8286 5152 5754 8458 5450 7350 626 7953 5554 2630 3950 6892 8592 7408 9406 8070 9408 8004 1518 4624 3184 7384 9844 9060 916 7274 4305 8628 4938 5314 8824 7882 6933 5322 4566 4058 4498 8786 9686 3150 926 2226 3550 3928 9696 1386 5854 9916 948 5766 1142 3242 4488 7886 6802 6214 526 4884 6760 7677 9457 1176 4136 1813 1304 3121 2065 985 109 1801 7892 5413 6793 8545 44 2048 3872 7376 5713 9877 2497 2144 
7355 4787 1247 1919 5711 7751 2567 3239 7115 8039 1599 3623 3063 6359 2039 947 4875 1959 2727 5727 9795 5715 1637 5391 2573 3595 1097 7661 2933 5357 2849 1865 2921 2947 8635 9931 5791 5275 571 5923 4951 67 4255 1999 3408 5709 403 6379 856 4514 4318 3093 8934 5409 4725 3194 3454 873 7869 4810 3972 556 8272 1197 3162 4000 6174 9564 1804 4246 3166 7264 3096 6220 933 357 436 4946 9076 8354 1382 1828 4356 5046 772 7026 3458 5200 8586 9854 7305 6088 384 4934 1384 326 6141 5601 8577 900 6146 8670 26 9134 8872 6100 8997 9904 1478 6120 3434 7825 841 9968 8538 4477 5785 2173 728 6128 2425 8593 8569 6776 1261 2432 4837 1640 3152 5672 7004 1009 3805 
6419 1427 4727 4463 1223 3783 2855 1559 2459 2231 8331 6111 4911 9659 9303 3515 6449 5463 4443 1697 4409 9339 7085 2055 1301 4037 6389 2139 3987 1997 3461 2309 5635 1447 1087 6079 1651 4339 6343 9775 2731 7845 7051 7723 5106 7828 470 4512 12 2086 7218 8292 4522 1746 9294 8750 4684 602 5056 794 8530 4466 422 8172 7954 8868 2642 4716 9228 2938 1514 5210 8094 4252 9700 2258 9072 148 6510 7485 3238 69 2433 3225 662 9081 5064 4233 4626 8390 6280 1180 2574 1005 9110 5386 8085 5982 1858 9270 1954 5460 990 7046 6876 5182 9628 3858 8382 469 2077 9001 1280 4256 4736 577 9824 7261 7513 1520 6193 6625 5180 5708 3865 9368 5720 1700 6697 7976 
1979 8303 9623 2495 719 9911 7907 323 2735 6251 263 5075 9375 8687 1359 7947 9977 7515 2979 7491 2595 2307 4791 4853 365 6471 8273 3737 9965 9077 5321 9197 43 127 8681 2107 2393 5779 2095 8587 5359 9091 5743 2158 1694 7082 7286 1600 8110 1450 5872 576 1250 314 1653 538 2068 1974 9554 4050 1122 1608 6556 8062 5613 9196 8901 297 2928 4168 5774 7612 5068 1906 598 3746 1308 8572 1072 8830 9366 9478 4804 5042 9232 189 9909 5440 2937 96 1598 1780 3621 3622 777 8568 134 4506 456 5726 1146 6046 5481 6834 9537 7809 7130 8208 6309 746 2848 285 2397 7124 3584 1453 3337 1597 9068 176 4621 2636 3908 4040 8552 8761 4441 3853 8389 8060 8377 3541 2180 
3347 2819 179 9851 1799 4919 2783 2771 7499 3963 5627 627 7919 7395 4131 9507 9099 9987 1337 5691 2213 3053 6759 7455 2429 9809 7517 305 5897 7781 5177 8873 9667 2023 607 1111 7519 9559 115 4375 1363 895 858 2946 4924 1702 7830 4986 4096 9280 22 4260 2584 784 4470 5508 9148 3933 1802 8964 4464 3960 9842 5416 9513 984 202 2308 232 412 3825 6244 6672 1818 1848 2880 1557 7686 9118 9900 5169 3081 2830 4852 1630 1474 8205 2690 4077 6218 489 681 2426 4120 1770 206 6972 5092 4281 4704 448 3921 938 8542 6744 7908 1296 8556 8690 1060 5216 2437 7072 6709 4189 4796 500 4573 2305 3248 3044 6289 9080 8005 3704 4076 1064 8108 9649 6541 5497 
9683 9587 8195 1415 9575 6443 4175 59 9879 8483 4923 7079 7055 1011 7431 2091 327 7503 8315 3951 8297 8549 5849 2513 1385 3149 4193 317 9773 7709 2815 8033 7747 4711 4723 8191 5071 9415 9343 643 3439 9103 7435 8250 9462 5109 5884 588 8302 4422 4293 9924 5054 3352 2966 7302 366 4210 3934 5289 1764 2634 154 6237 7900 8644 482 3962 5486 2776 6506 4006 6690 3122 6520 1914 9994 4866 9024 2781 1756 6042 5652 7122 6806 9052 2061 7164 4752 9105 6273 6168 3900 2032 7146 7608 9112 8020 1842 4274 78 50 5646 2506 9314 6754 4350 7706 1017 2402 9141 7021 404 2629 6889 1856 548 1952 2540 6553 4868 2732 8353 7904 9836 4345 9337 7940 8468 6601 7069 
7307 5435 7943 7595 1787 3423 3263 887 8067 831 5723 7155 8715 9147 3795 4983 3551 2367 1731 6579 2463 3723 8777 6099 8189 6257 1541 545 7493 2705 6737 5345 2347 2323 6847 5215 679 3187 9 6763 5335 3703 8469 9129 8244 2754 5366 312 322 9598 849 1692 1401 1402 2718 2913 7318 9646 3426 3938 1812 561 4473 2973 2446 6062 8817 3526 578 4696 7498 9789 5290 3446 5973 3098 2220 8014 5308 1288 7588 8206 5817 4264 4074 2794 9117 3916 5865 5358 4492 3602 6900 4198 3770 8202 9088 3645 6338 2330 9990 2184 2976 9866 6886 5006 8678 8397 5954 4928 1881 9488 3589 1460 3553 9157 1093 668 7297 7861 3296 7609 4844 3620 3560 3992 7532 3164 4825 3637 1160 
8123 2219 3827 1115 2975 2591 1295 9599 5687 491 9779 7167 3687 8223 5967 7143 9591 9747 8271 8091 7479 4961 1347 2825 4397 5213 2417 9725 389 5801 4385 7901 7469 3305 2551 7181 4135 7387 6655 4063 7195 1171 8023 3414 4668 1965 3286 5410 3204 7492 4386 4416 2174 7574 9550 6228 2076 5476 1642 6072 252 1164 6502 6964 7684 6360 5829 4308 1090 3292 9396 156 4048 1946 4358 6034 7780 5244 2536 8772 7584 9502 6201 4137 7914 2724 3738 1204 1144 7770 5734 3993 4149 2332 2056 7650 9297 4370 909 3216 2452 7461 6525 7468 6352 804 3806 400 5716 8101 361 9553 7460 3181 8317 8924 6169 7765 4976 3685 7105 1825 3529 6457 6368 7645 1652 9085 812 7885 
5459 8519 9011 1967 6707 375 9675 1547 9059 899 4091 4863 4719 1791 7971 6747 9327 1167 4355 8391 5955 197 5861 1901 7397 7733 4001 3245 1289 9341 5717 4927 199 4483 9799 4121 7675 7507 9319 4915 307 5767 8419 1569 4674 4528 182 4401 1425 8424 9724 2436 4862 558 9262 798 8178 5400 6070 7094 1236 5812 5788 4270 9285 9604 3237 484 2133 9796 5850 986 6040 5985 9772 1798 8025 4446 8829 7866 1762 4942 492 4162 3760 8630 3288 9429 9201 996 6316 6102 1317 201 3350 4874 2508 3532 3706 5390 9660 1682 2049 2796 2458 1108 8416 2822 9304 9241 3421 2665 7602 9320 3308 9092 164 5600 6073 7052 5360 4016 961 3512 4652 661 8768 7988 7525 6956 2197 
8819 5867 1883 6215 9431 4031 1907 8627 2963 3131 9347 7755 1875 447 4815 5307 5367 6819 3459 3557 1935 6291 8789 1877 1085 5873 929 7695 1433 4169 3257 3545 3869 7063 3283 2779 4003 8179 9079 1507 2275 6307 6007 2818 1894 4530 122 7080 4989 7838 3072 5402 4581 6574 1257 1312 8092 580 846 5142 1084 5920 6558 6286 9144 9758 1617 3964 2073 2788 5246 5085 108 6994 6774 7870 8896 1266 8594 682 6982 5278 6093 554 5678 5224 8241 8976 7966 5622 6466 6038 6430 6657 7850 6604 7254 4041 9266 8680 5536 494 7038 6010 5745 3988 6054 4352 458 9500 476 8857 5629 6409 9476 901 8252 7520 6925 2977 8497 5269 488 6205 2593 8677 5372 457 7453 
5555 6179 2951 8759 9671 9647 3899 5099 6815 8655 6671 5139 6195 8867 5751 1827 3183 663 303 3995 5331 5415 4743 125 7371 8657 3641 8369 1673 1013 6209 437 9281 8981 6175 4591 5035 7543 6353 9463 3139 9655 9811 3989 8695 1543 9295 2851 5158 2613 7821 9033 9618 5374 8296 2412 8520 9249 6768 9430 9522 1452 4192 8493 3958 7346 2104 7566 6501 4086 5232 1462 962 5902 2110 6292 9082 7058 9714 4070 3902 7874 2793 225 9585 8184 7210 6058 8500 8546 1134 9336 1154 672 3542 4546 4158 6648 7442 1044 5082 426 1230 5596 1542 6334 6600 1678 8728 4144 7462 6310 5268 2013 7048 7918 6808 3638 3864 7678 7202 6156 4790 9753 7309 1388 6565 5264 5605 248 7345 553 8485 2101 9277 4465 2564 7508 5036 2984 3440 4609 4945 7801 5576 4321 1760 1172 8689 7568 8725 4333 
3431 1451 6947 8747 9467 6447 8987 1751 8171 8451 71 1563 5771 9023 2991 5475 423 7587 1251 711 5235 4023 4827 8475 8031 8201 2247 2537 2165 5933 9845 4433 1709 977 9833 521 4937 6677 9353 8251 7939 3067 451 1831 4819 9367 3979 1867 955 5038 9124 7842 2160 6554 9242 8922 7029 5282 6844 3126 9154 7774 2666 132 2278 3470 9580 9504 2572 885 4090 3106 1910 1222 7476 8061 3570 6198 8196 7386 3753 1200 3105 7968 4564 8544 8858 501 6189 292 3794 2338 936 2820 1214 6450 2934 8314 9808 9688 674 7694 5970 8733 8406 4740 8445 1936 9370 1666 6222 1588 8226 2358 1485 8 2526 5668 7188 2798 5378 2877 8982 3674 9273 8157 9274 7449 7672 5960 5480 1441 5917 6332 4484 7405 236 6140 5492 9296 3997 2384 6085 8828 3692 6164 4616 61 2353 5581 224 2504 6805 1376 4105 92 2245 
3083 3539 6131 6695 1283 5111 4967 5003 8115 2711 1203 7415 2067 903 8427 699 6107 339 9687 8543 7731 6699 5811 9767 9737 9701 7241 7013 7061 1983 6857 5477 5921 4877 1037 6005 9259 2525 7925 7831 871 1891 5059 7315 7663 1711 7147 2035 811 7927 4638 2860 4394 730 9736 1413 5438 4425 4602 8332 5932 3198 1644 5452 9636 3474 7224 2745 8190 8404 5078 5772 9316 1202 7521 9813 8088 9345 8133 7372 4060 3849 2334 4329 7704 6654 1294 4864 9650 9442 1761 8574 9390 2466 1480 646 1714 62 3974 7728 3384 3405 6472 6424 1212 9972 7798 8446 5666 274 6622 5526 2470 6674 686 5542 2116 4106 6165 9922 7281 286 5832 2042 4556 1720 2004 9392 6481 2905 3061 169 9961 464 5797 5384 9632 9421 2768 3481 8708 1268 3956 3745 1712 2228 8197 5197 8473 7400 1016 1196 3985 505 3380 
7871 1571 4907 2891 4883 9551 9311 4295 2859 5279 9119 827 35 2399 5171 8463 7671 2019 3627 5259 9423 7251 9915 9027 7745 1479 5453 7769 6915 2391 2777 3773 3917 617 4973 6161 7843 1639 1471 8923 8227 8503 7759 2491 8359 5239 2707 7294 9271 3381 8836 477 3586 2668 702 7833 4461 3688 4020 3009 2265 4174 2364 7518 7258 7682 4722 7804 8974 549 633 1137 2824 2961 5966 9850 8220 8946 74 2884 6882 700 7041 8409 5016 4130 6208 3696 2318 4840 7300 5594 8602 7120 9096 4838 9762 2410 3270 2954 1286 4768 1912 586 738 7437 6530 333 9420 52 9708 2493 1922 6162 1550 2800 5114 2602 4917 6528 8962 7794 9750 754 1684 3508 8449 2209 380 7160 4849 5096 2744 4148 1688 7856 9548 2852 4100 7868 1213 3613 2785 1789 1028 4268 4592 9776 1904 6649 8696 6049 1357 7928 
8651 2159 4475 983 5547 2375 3119 6503 7715 7475 1775 2127 6635 9807 8247 3735 4763 1275 6879 4731 3843 3029 4551 1805 4625 6485 1109 4721 9605 1661 5381 4241 1961 293 9185 3031 7327 8323 8551 8455 3451 3115 2563 7219 2719 9211 4975 8479 9622 474 6489 7773 8320 8510 8662 2942 4300 8920 5944 6930 1468 3930 5565 7368 7624 7102 2784 7538 117 180 1270 8810 9194 6432 2097 2469 6129 5454 9498 3597 3837 5946 2958 9298 8550 24 4814 5802 9782 5942 7738 8030 1113 4536 8656 7894 9108 4065 3981 2361 3266 2644 3873 6210 8914 8800 9237 7598 3482 8710 5736 8130 8614 270 1785 5841 8950 7730 6322 7557 6544 7440 9885 6700 1872 4348 1249 7340 8138 2924 5936 9692 3877 2833 6949 121 2156 8972 8053 2533 2641 8864 416 9661 4640 8660 9248 9853 4225 9109 6668 1045 4117 5084 5816 
8267 5795 203 8807 39 159 1199 95 1043 2651 6335 6411 5471 3207 3863 207 2927 4515 9677 7803 1527 4935 6159 8213 3017 2909 7071 6197 1793 1553 5261 6929 3833 233 5621 9749 3019 9917 1387 2827 2071 3967 4615 8131 8527 9547 5383 31 3412 5037 8266 7990 1773 6402 8280 4312 3945 5810 6573 4389 6780 5292 9894 3693 9780 6194 7266 8080 582 4132 1221 8776 1581 4468 7006 5484 5974 5412 6862 3694 2646 1896 237 732 4956 1132 8229 9690 4234 9218 8134 9364 5040 1166 9290 2874 2037 4872 3546 9448 4485 6460 8412 4746 8688 1994 5670 4012 8474 4878 7108 5582 4834 2386 1545 6306 8616 9873 6609 9837 3314 7285 3708 1353 5118 4405 8737 2000 8528 152 5144 3469 4165 289 3668 9272 7424 2341 4357 5132 4081 3889 3697 9944 1897 5593 4220 7616 7873 49 3313 5113 5792 
6599 2111 3503 2675 4523 4379 6591 6827 3671 1847 2291 1335 1271 4163 2511 1023 9435 4767 1227 6243 8117 8105 6675 6323 6845 2177 2657 7625 1503 5753 7805 5045 8765 2597 5765 2671 5023 6571 907 8971 5863 9643 8707 247 3775 5047 55 3919 8875 7998 2251 3057 9552 2586 8290 6278 369 574 657 600 8514 5493 4474 7014 906 8098 2841 2020 3554 708 1224 1284 9190 4178 6640 2414 5988 8548 7426 220 2980 9477 2062 7646 1510 5044 1944 6906 6662 7106 8988 2026 5742 1578 7098 2594 910 4876 4262 3648 9453 9658 5298 4816 6974 7974 64 6268 345 3870 3700 2253 1538 6106 6885 213 6458 9906 6750 2248 0 7716 6270 7668 9938 85 1957 1870 1580 9308 4460 3901 5588 4580 8360 373 421 1736 7724 5192 6253 3008 4369 4765 4273 1837 4933 7273 9097 1381 5456 6301 6296 2701 
851 3023 371 9071 6371 7799 7511 8951 2099 527 6171 3039 5591 9579 4899 9939 8799 1067 1215 1719 5739 111 6135 255 2223 8813 2271 7673 6053 2297 9425 4 3665 7291 7277 4829 29 1603 5393 8659 9007 6091 9403 8623 7915 6871 1566 2383 4634 5030 4854 2582 8718 4230 2088 376 372 7096 8892 4190 5964 5253 2428 1082 6418 4886 8522 5844 2974 5238 648 609 2638 2982 2424 5998 7506 6858 3226 2462 5994 9414 5901 4958 340 5385 6018 4214 4978 5262 8394 2460 3744 9230 6630 5794 6126 8008 7696 7332 3762 1660 7240 8958 7978 5682 6144 3726 6693 1476 616 758 950 5162 8022 8606 1986 9362 813 3712 8414 744 1152 2254 6160 2002 4388 9596 8113 7537 6109 8749 2365 5804 1724 253 212 4508 5977 1364 5437 260 6104 4909 4280 188 5204 2449 685 1429 8852 2869 8588 1369 
9479 4643 6971 8255 5507 1727 9471 563 9719 1143 2907 1419 1403 1107 3419 4959 7611 6891 9231 5679 6773 4383 6339 6807 1767 2081 7025 3041 2489 4805 7193 7145 1277 3881 3691 5645 8515 8575 3403 3607 9391 5527 3247 9595 1183 2203 2923 2606 3030 8256 16 5544 2616 3784 7075 5870 8856 5889 6714 6094 7962 1444 5546 8668 3957 8304 2134 1618 878 4194 106 1322 1774 5820 2988 2022 4161 8554 7414 4694 796 9888 4142 7236 1494 9050 4842 3912 4206 6804 1306 1845 2854 9057 8697 693 3610 4845 7593 5532 5896 2872 9634 8906 5186 2140 4918 6328 9806 4341 1438 8562 696 768 6186 8018 5313 6240 2194 7190 1374 2805 2502 5906 1232 2040 9788 1333 2917 4309 2840 6277 6769 3284 8024 4717 9565 8077 2588 4376 5072 733 673 3572 8665 8120 4537 4213 2516 6692 5000 3361 6584 320 
1007 1607 4403 3359 5411 9395 4079 4283 8399 9803 2315 2151 9203 5787 8567 9615 3351 3891 3999 7659 2807 3159 9963 519 2115 5225 845 3197 6113 5777 137 6653 5129 8141 8477 5741 6065 1807 1255 2683 2479 4783 6439 5683 4471 5467 4027 9631 7483 8731 1562 789 790 6566 2750 9009 1744 4526 6946 3186 7360 4286 9592 4782 972 8526 2866 3078 1792 5638 6840 3876 8913 8968 8349 7474 6225 6340 6086 9672 7353 2328 2016 886 3045 9436 3580 3766 6854 6369 6792 8505 5388 5685 2454 6465 670 3264 5208 4138 2406 4156 640 6354 1156 1070 7810 5714 6302 3442 9654 9012 8692 3606 4660 6537 6813 8822 9038 8726 3718 9309 9652 3321 7714 1920 8766 7688 8672 5642 9481 1393 5300 8785 4597 5809 2276 9697 9985 7381 6493 3841 6913 3793 4057 4700 4304 6685 5221 8456 8372 3224 5060 3896 3764 2552 
6407 2555 6551 7175 7391 7535 3167 6095 6659 3683 6299 3087 5255 467 779 1871 7311 615 8415 3807 2945 1035 9519 1625 3569 4313 2331 8333 3941 9173 5489 4289 8585 9221 1169 9137 6595 5165 6809 5287 4099 6199 2887 991 151 1015 7711 5179 8155 2169 8736 2752 2997 8745 6777 9818 2242 2680 1742 6482 7298 1730 3666 4202 964 8086 3882 4780 1533 1089 5062 9712 5248 9150 7110 1950 3330 7946 5534 614 3558 261 2230 7238 4554 6124 6060 6076 3966 3754 4710 1552 5066 5602 408 2272 6650 4953 5026 130 3117 2700 6304 1918 4960 618 8058 2846 6658 3698 4550 450 1162 1377 5350 1362 9369 3250 4216 1434 3717 4510 7434 9648 8734 9350 2482 1417 3625 7642 13 1741 8420 3925 2456 625 920 992 1081 5509 2420 1309 3056 3332 3229 4772 4364 433 4916 3037 704 6908 5444 6145 3824 7597 
8111 5879 7571 4439 5903 5843 4223 7739 7095 1575 4571 9839 2279 287 3603 6543 6603 7035 5103 7985 4191 9135 7865 6689 219 4359 1445 173 7313 4145 2993 6893 8897 9101 4553 9679 3055 8729 1925 2539 5887 2443 7457 1303 9283 6859 6979 5731 8911 1279 4642 3410 6998 4408 9676 590 4257 9664 2842 3190 9252 1498 1972 4438 6786 498 610 8268 9645 4209 3822 5784 5442 8308 5950 3537 7660 9856 9576 7245 4236 204 837 218 2362 5326 1389 8328 3861 3732 7785 5230 5097 9058 8700 9324 8126 4545 9292 4618 6981 7272 9638 1092 5776 214 2136 2522 9532 8478 3298 7797 5908 6633 2481 7074 8685 5258 760 2146 5496 9358 7788 5266 753 1860 1996 9524 4676 649 1117 3524 344 680 5929 884 6188 9289 5689 5893 2624 3661 3949 349 5528 2480 8125 9829 9764 1753 8941 9020 3385 8797 1681 
2627 8003 2579 143 599 9095 3755 7607 8259 1391 2747 4419 4751 1623 9047 2363 9207 1511 2163 4779 4587 9731 2403 3195 407 3471 7343 3747 2621 6363 4431 3425 4707 6569 9783 7289 1431 1179 3699 7899 6495 2321 6617 1047 8237 8849 4481 9005 425 1469 9401 3855 9713 9449 9953 2093 1817 9941 9293 8991 9569 163 7049 7231 4793 7121 2215 3379 4315 4891 3571 5503 1123 1147 4519 8491 535 1903 9859 9883 6391 763 7255 9742 9246 862 1024 825 7630 8794 2832 9360 360 3562 2534 9238 158 838 2962 7366 6182 8661 8362 9192 6984 4428 5361 1788 6626 9976 6014 3520 1140 3466 7226 1228 324 2126 434 2628 7713 3501 6166 4360 3306 9422 1656 5022 7401 3592 3112 6578 4306 7670 6688 6504 7632 7118 7233 3510 3165 4806 5088 5498 6926 2746 4374 7689 162 446 5325 3852 1290 1948 3540 5992 454 3156 4034 2198 1574 9882 1161 678 2490 1586 1138 9633 7334 7182 8026 6030 4552 3954 5090 717 762 3110 5940 6758 3438 1716 4912 945 3914 9766 1012 7176 7648 2010 5260 8400 9657 4010 3316 7910 8386 8421 7338 9942 946 4122 8805 9106 6158 264 8532 6024 9530 6462 1302 2222 1689 6048 4118 3441 4633 9630 1561 3813 7185 273 2492 5193 2505 8890 5684 8948 7081 9188 1272 6817 4285 6968 2864 2720 817 9673 4532 7772 5888 2965 5881 1885 3656 9493 9841 524 5624 4021 2888 7652 5744 6380 8641 1256 6536 2528 6361 2660 2881 1513 9073 8936 5852 9757 5648 4489 5732 3913 3812 2821 1808 2329 9200 4501 5665 1177 8504 9625 805 9752 6716 8384 6344 
47 4547 9983 3947 707 6287 4007 9515 9083 5315 7299 6587 8667 7727 8603 4691 875 1971 6423 7227 83 8523 1083 1671 1331 5991 1355 6231 5523 2535 6435 3711 7875 4455 5441 377 8607 8139 2631 3311 8619 833 6219 7229 1205 2189 1263 6509 7421 185 7565 279 4685 9089 689 7589 6953 3507 3893 4769 9509 5729 5309 8119 77 3005 19 8755 4505 7243 8851 2515 5407 4855 5227 5839 8407 2371 6043 355 9235 2299 7963 6703 1051 5599 9126 5119 6412 5250 3261 4738 7862 3490 7270 144 852 9698 1380 6708 7262 7494 1190 7322 7932 1614 2898 981 4294 3568 2632 8642 5630 1036 3741 250 3462 9405 6410 346 7881 1612 4598 606 736 5140 6978 5061 9328 1034 1754 7382 2678 3120 5748 3364 6190 4154 6477 8366 5518 5218 7214 4548 4617 486 2990 1094 566 3312 2688 5733 7762 7614 3730 8949 6384 3396 8128 6213 6710 3178 4018 4666 1768 1980 2030 4490 5769 8330 8358 8940 3748 1050 806 7450 2121 208 5728 5961 4222 2517 7692 7126 4226 6720 405 5170 6364 438 1185 4368 612 5834 7636 2494 7464 1718 6838 3898 6748 4150 396 5330 684 2870 1054 3734 3172 7878 2702 7884 1722 1622 3369 8050 9357 1010 808 2844 5664 6753 9300 4113 6534 8802 4890 4830 1004 1186 4669 5701 7606 1998 1472 4921 8012 8257 2960 5281 5912 2545 944 4993 5053 2677 7316 3548 632 6013 8216 2252 2089 308 9224 9889 8089 5473 4292 5768 4988 6445 3788 1556 6433 4129 7448 2672 1568 5468 9973 4964 2192 7748 2060 5377 5305 368 1657 8492 949 9560 7789 2084 11 9044 9745 2401 6001 8533 4748 3728 
6575 7991 4415 6203 6059 2423 5439 8879 9503 8375 659 3803 8199 6771 7347 3339 8967 7487 9527 5987 6911 2175 6183 2339 8511 8387 4887 419 507 9267 9159 1815 5355 9903 6035 1995 4503 2199 6267 1577 8043 6785 2379 4097 8069 651 6641 8633 7829 1649 3221 5837 6533 701 6185 787 3125 9365 6365 4901 53 1937 485 1699 1589 1423 4277 9163 3101 1615 595 2191 367 1579 7889 3355 5851 727 3043 1963 8899 6523 1099 3509 9031 6535 7207 7818 6139 8143 4678 8746 5616 2662 9307 8865 7852 394 3530 7354 1941 9508 190 5566 8570 5949 3978 98 2964 9214 7221 8553 3489 8164 2542 5930 3604 6576 8649 1254 9705 8702 8604 5466 5654 6684 6729 5956 3088 2985 8217 8596 1206 9678 3268 3618 4462 6230 6873 2241 8986 9964 8097 9609 5858 7137 1470 3100 676 2172 5520 124 7404 5781 2486 222 3702 3582 5076 5172 8232 4869 3362 6993 6096 7101 7920 7806 1521 4941 7470 1114 4574 7560 1269 444 7638 7320 1790 6940 3324 4072 4846 4658 7552 774 6868 6986 9830 7282 5337 9045 5133 9902 8620 8676 7710 8016 2733 1584 8392 5997 9626 6518 1576 2112 6052 266 7872 2044 4320 1008 6148 1778 3646 4038 4110 8541 4794 9861 6002 1704 8798 2244 4788 2205 8882 8806 7784 3277 7726 3476 4332 3302 3205 3049 6932 6596 1300 4981 6512 5228 9733 5516 4892 1436 5653 764 6872 7220 385 5396 829 229 872 932 1933 2773 6217 7657 2689 1352 8648 8809 7153 637 6133 3265 3392 4880 5420 8869 2300 5965 493 2029 4969 6097 4177 1664 7580 1057 6721 8041 1993 5125 9920 7909 6757 7669 4244 2816 1412 
3599 7235 4955 911 1643 8435 8915 3191 9791 7631 731 23 8939 3371 155 7523 8591 4179 9923 3531 3387 8295 4311 7827 5427 1239 5159 4047 3495 2415 4599 3879 7383 3003 41 8895 795 351 8921 1889 4323 3341 5945 5907 4421 917 6557 4865 9485 9581 8693 4541 4913 6665 6233 7601 7949 9437 6941 9521 4373 4493 9979 1325 8393 1339 5609 5669 9041 8743 1879 847 8537 8791 5995 8779 4543 7337 6823 5755 8203 1495 1663 7975 9691 3619 3811 6247 1375 6331 1939 7314 2808 6446 9930 1245 4269 1398 1840 1338 9069 9062 490 2834 7510 5020 9978 6810 4708 2232 9862 3594 1766 3348 3846 5822 381 6796 562 6238 8182 818 1318 2176 1838 2313 3561 3444 6012 622 7166 5474 8784 8994 1218 6498 6934 3138 3842 2190 5846 5553 6678 7192 5472 5786 5860 7132 510 3142 4134 3012 126 4692 2734 9838 4240 2352 8584 1626 1158 508 6009 3969 3909 9586 6621 3249 9874 1794 1876 5692 5306 8818 1677 1629 3922 8985 7036 7516 1846 3244 9948 4022 4440 5502 3672 2250 4212 6732 1056 1062 8418 6540 4180 9952 3168 1874 5470 2728 8481 2598 4140 3772 6585 2560 525 778 5762 9018 9852 9132 2498 6734 4826 7634 4662 4353 5836 4125 5718 6204 7698 54 9538 7458 514 1984 6376 7112 462 7077 37 4856 1686 2385 4036 9464 4904 3781 2161 7725 9404 8929 313 140 9356 4645 8845 7544 4064 3133 9800 908 1892 2240 9637 860 97 2804 3577 8269 4160 2125 1340 8653 6901 1489 2953 2725 709 7465 8564 1225 1100 2269 4172 5636 8084 1 4052 4153 1976 8276 3457 2288 2005 5737 1153 5329 6272 9529 397 6044 7496 8149 
7295 7019 2915 9191 5831 7031 2447 7883 1895 1379 5351 3075 6887 9299 8103 4331 2387 5423 4407 7239 4095 8775 9483 755 7563 6963 1311 5327 6923 3147 6951 6051 3 5211 6207 9927 2751 2931 4059 7719 8007 8055 3255 2895 9111 2703 8453 8823 1145 857 7349 7001 2477 4049 7757 6545 1071 4073 1853 3329 9557 665 8057 8945 8597 6329 5513 7819 3905 8561 9475 3581 3161 3559 2225 6787 8215 7351 1219 2971 4867 2239 281 4879 9379 7603 931 2467 9571 6547 5095 6991 3763 5491 4831 6770 782 826 6816 2085 4653 2181 410 2686 801 9254 9489 3273 246 902 7590 9792 4754 630 6942 2344 2130 8778 8706 5145 1198 6801 8632 2970 9438 2806 4682 7876 1624 2442 3429 5880 5952 8848 8878 9588 5294 5226 9454 6910 4242 2992 406 7732 3924 6274 7790 7972 5866 4954 621 3650 3888 1065 542 9178 5690 7260 3129 7526 432 1650 6342 4017 3388 3832 6294 3146 6078 516 429 9216 5352 1526 5462 7402 7486 2532 2476 7010 8874 8992 7125 7140 9078 888 4278 5589 4245 5644 6610 3108 7198 6746 7528 954 4972 6184 6242 58 1262 1366 942 7917 2826 4509 6538 6742 6098 7605 5738 5229 3768 7054 5122 3177 8214 4078 6624 1706 8884 6326 1365 8608 1990 2050 7924 1018 504 5190 8612 9302 6766 756 2500 8461 2605 1680 9921 8730 6992 3860 4496 4628 1546 276 8713 4724 9469 7501 3488 2857 8893 6704 2413 3140 7213 1676 8341 2233 2569 9193 925 4520 3961 3973 6500 4436 8744 3404 6896 6284 6037 7417 6392 409 5317 32 5077 2264 2461 4549 2024 5089 6121 4141 2797 937 1208 596 5761 8756 3649 9037 6265 9608 3433 265 5432 824 
5447 2843 8579 5783 2 1019 3611 3743 7043 4199 1655 4511 3107 6803 3407 4559 1139 5223 3959 4539 227 4019 7011 8403 9419 7211 6123 7463 2571 2715 2583 9447 3327 2507 3831 6987 3785 8871 8645 9039 5643 7097 1973 9891 101 3077 4589 3965 4301 9209 4469 3797 8249 509 2405 737 8909 5237 353 4985 8417 4531 7913 8441 8107 5957 7303 3211 9151 2767 3725 8287 1315 9487 5455 4423 4627 7135 9607 3751 6259 3151 343 6055 8767 8827 5131 9439 391 8834 5191 7982 4646 3588 3552 5928 9160 1740 8338 9494 3918 9372 3820 8738 2342 1977 4950 7569 196 8194 6474 2772 742 7737 1293 3424 5632 4444 7356 8937 3220 1822 1310 418 1488 5548 1836 8340 3566 4296 9334 9738 3148 1298 4762 9981 940 2558 7005 3664 3342 5512 4622 6670 6429 8486 5445 5217 1824 1390 4044 914 4758 4186 7970 9410 7269 4250 5662 2512 3742 6312 5018 1900 8145 550 288 4224 6814 7922 4629 8193 7776 6 666 722 1080 1558 8877 8666 7104 7044 7446 2188 2052 5220 66 5538 2124 6105 7708 4152 9354 4108 1370 8682 6522 6138 1110 9450 2448 4706 4893 5640 6382 3868 3436 6706 7200 3504 2850 3513 4146 766 2394 814 1864 9748 660 1448 3990 3370 5013 2206 5722 1276 6705 1882 3373 4342 3309 7813 3409 2809 7722 6356 1405 7472 8228 6266 8096 9517 9452 1729 7741 2761 1124 5696 4448 3565 6997 6020 8072 913 848 956 116 193 4045 5504 4261 2408 7880 1484 1201 3428 9428 6428 2737 565 3596 8324 5168 8624 2221 5941 8221 3757 4412 3944 7189 2036 2708 8977 3241 5641 1297 8413 7549 2845 5833 3272 757 8720 3673 
1583 8975 8291 4307 7847 8243 7859 8771 4823 4991 7863 6311 7287 5567 7067 9755 7283 9735 4211 1947 3455 2691 7995 5195 7023 7127 3939 4235 7935 7643 2295 4575 5799 3519 675 5919 9567 6039 6593 7923 2847 6723 605 5115 2813 3903 4649 6627 3065 2441 8429 1001 533 7169 5969 7613 4565 8525 9305 2357 5561 7445 6881 9329 6451 7099 9269 3427 8647 5909 9017 4109 7087 2801 6691 7423 8959 6607 175 3235 919 3739 4447 487 3943 8342 4349 1915 6400 1555 6739 1723 114 3354 2922 3430 105 2128 2182 1728 2736 5011 9165 9546 3022 6938 7802 2578 5541 844 3180 832 3456 3502 8812 5494 4802 594 7365 7406 7473 441 8716 7228 8277 1938 496 4809 6784 3522 4182 6996 3290 4773 8973 5270 9822 2786 6444 7034 2178 3518 7626 4606 9021 9640 8224 5826 5334 570 1654 82 4344 5560 2193 4749 9424 5793 3141 9840 4557 8613 348 3798 9501 4114 3808 6122 6614 9602 9210 2346 8498 1540 1150 8438 729 7572 3652 1128 8980 7053 9534 6945 546 4116 192 5976 3657 2398 7128 9774 9342 5764 9624 6350 8136 1233 7204 1346 7134 1786 9225 8502 1726 3640 4008 3892 9094 8142 8956 3729 2054 8560 3322 8724 33 6696 6154 5913 8140 8146 2145 9868 1372 9814 4792 5721 8152 8168 8880 7456 2382 8833 2617 9344 2378 1832 3740 2696 781 5184 3300 3937 5869 5840 2653 9925 4681 8816 7556 6092 4249 2989 104 8348 4664 601 721 9685 5617 8329 2912 7681 8000 1321 3397 1237 6236 541 7412 2929 7009 8581 1285 8900 9229 3500 1945 2017 5041 9704 4124 889 8264 6788 9260 200 68 9896 8557 6260 5905 7705 7604 4789 3644 
4427 3791 7427 3047 3527 9455 4871 2303 7967 3719 6275 395 5063 3707 995 123 587 9143 251 5571 8571 5883 2667 2211 5543 3275 5871 9843 2823 1851 8187 4803 3587 275 7959 4371 567 9555 759 8979 8883 243 2837 7817 9075 6147 8669 8573 891 6903 7157 8019 4227 6425 7887 8405 4997 2863 5369 1409 6245 2499 3845 8045 797 8129 9629 3953 7529 9893 3079 5551 6149 4229 3823 2057 8239 1231 7627 1975 1243 2983 4183 2743 3590 2791 547 7159 6367 1519 6883 8464 3883 8104 6852 5347 4732 4588 3076 6592 5154 3556 2553 9694 1125 1668 6660 8028 6252 4478 198 9578 7066 9717 6638 226 3338 3660 5304 9794 1216 8910 726 9590 321 7488 8056 8181 8484 8374 9784 4992 4066 3201 3182 1800 5302 1032 5318 7380 2682 3230 6582 1970 2474 4600 9798 7965 5524 5212 4030 3777 2510 876 1042 4665 7948 7425 2932 2450 2530 9954 8862 6256 8769 4798 4377 4334 4080 6453 6494 8638 2277 4944 8082 2738 7341 7617 5052 8472 6250 7610 2802 6738 6912 3318 4882 5958 5181 4084 5598 7138 3170 2601 513 1058 1672 892 8954 1282 1430 7644 890 1502 2524 7533 6724 6036 9754 2556 9669 2740 9870 9226 6333 5126 5332 6314 1797 7700 6550 3366 9528 6348 1866 3804 9876 1053 6324 6549 7981 5760 3310 6300 1988 2281 2709 7720 4525 5101 5029 5425 3676 8161 836 9589 2360 4585 6589 8888 6728 6781 9728 3445 3068 1796 9205 560 9440 145 9169 6212 7225 2317 2185 4952 5293 5120 4820 9416 9409 6440 3217 9049 4741 5017 56 7957 7753 4453 5389 5312 3836 7321 2444 2612 9217 3320 8617 5552 4885 337 6745 4196 1861 7280 9937 
8675 6779 7103 3563 3071 191 4055 6263 431 9323 9335 8343 5747 1535 4703 575 1739 9371 8711 4947 5519 815 4839 8099 2063 7655 7419 135 3593 531 3875 5775 9951 8955 7359 3771 8487 4275 3099 5895 9543 4215 7107 7467 8727 5885 6831 9411 9617 4083 5667 629 747 4601 1241 9377 4949 329 1757 4133 1457 3521 4577 6749 3185 9905 7973 6019 9989 6775 2261 4411 1567 5443 749 8671 2167 2911 7795 211 4843 461 4459 7171 6619 703 667 8863 223 7447 4327 7812 4087 7290 2208 2150 6112 4258 9282 861 8262 1334 1893 6921 370 5986 1342 5724 9682 4354 5301 9718 2325 652 3069 8064 5550 3765 9600 5178 2774 8334 6717 9693 9382 8712 7490 2064 4718 8490 478 6666 186 9348 1240 7020 802 1326 1106 1000 2778 184 3154 8006 9950 4166 7860 6216 6390 7564 6918 5694 2562 1670 3662 3345 3801 4750 6960 9418 7248 741 4538 9048 1648 1210 8760 3492 928 9168 642 3534 4221 6426 8652 5349 8200 1854 4948 5680 2529 2577 1554 6249 2478 7392 7150 9084 8049 4974 4082 4266 9878 6606 9444 4218 7428 3460 5160 1002 338 3724 8590 8944 3038 7734 2046 2710 7596 342 3862 6612 9312 6388 6762 7930 3514 3114 1046 1924 7641 4056 4540 5910 7149 2008 2149 1305 4502 8952 1281 5205 7888 7837 5838 6153 8886 440 4028 2380 6741 8046 9992 5756 2749 853 9306 2996 2941 3176 9128 8293 1633 5012 9332 2468 4544 2893 3073 5365 3848 9620 740 776 8996 7393 4753 7832 7484 8684 5288 5108 1592 6920 6860 3157 7477 8516 6656 9577 9956 4400 9536 5725 4813 5324 6385 2473 1585 9325 1129 8017 8636 1777 3212 3080 2336 6824 1873 277 2648 
383 9131 1211 1619 2619 1475 8423 2987 8795 7619 9407 5339 3927 6143 9287 5267 7139 843 5123 1611 7583 9899 6639 2235 5859 1443 4395 9003 2787 6939 2439 2883 1779 2427 9183 5343 2739 4491 4167 87 5175 147 9051 555 2069 9881 7853 4925 473 3293 399 8347 9641 459 771 3749 7361 7433 5069 4697 1373 7961 3617 3173 7999 7721 9533 3713 9113 8609 5707 379 4963 2659 7579 6427 7553 4051 427 7039 619 1951 2141 1819 2935 3367 3331 2959 4495 6463 8073 6597 4636 4392 5610 2838 8854 9525 7854 4378 5637 177 4770 8368 7934 378 9066 7766 3336 7941 7857 2908 8898 310 2421 4170 1458 9958 5376 912 1528 3970 2925 6422 7310 2070 1917 7622 7764 6514 9386 6297 6970 8754 8748 9993 1530 9064 6468 5814 7050 3976 6798 7578 5577 6586 8529 9606 9768 8764 1428 2274 2952 2676 3274 4720 7389 9388 5894 9322 6130 970 3904 4005 6846 1902 6916 4128 3222 3232 3402 7902 9969 7864 5397 2028 1658 7342 4560 5049 8808 7278 2484 7550 3480 1708 6870 4614 5676 5166 5086 2520 748 7144 7032 2886 2868 9086 1504 6264 8037 7206 1344 1358 9114 7896 8565 1776 3984 6330 336 8476 3678 3866 1690 8698 5584 2296 9858 9098 9912 5121 7197 4126 5962 1989 2404 5112 5506 7194 1548 5505 5124 5649 2706 1868 3681 5673 4797 7454 9352 9310 4513 9613 7436 4729 4338 4340 6944 8917 2581 1292 9373 3920 3493 5557 7573 5780 3356 1820 1508 9505 9181 133 9656 2012 8396 2312 7964 5233 1465 6848 6637 7237 2509 6337 2900 8432 8401 1088 5209 7969 4237 8029 9901 4873 5953 2485 7129 2600 1105 7808 5276 4657 6325 7100 3721 7640 9301 7172 7717 
6455 9743 2243 1091 4319 2411 7679 9383 4487 4583 5387 2939 9255 1667 5019 7931 8447 5183 4739 3911 9995 6863 1103 6483 7323 8319 5603 6999 5283 6531 785 435 2267 5403 1383 6735 1407 9315 3759 5549 8261 5021 6375 3929 3323 8741 9257 5141 6401 8355 1155 593 2969 2237 3867 3389 2009 9065 2789 2645 2957 9127 6989 8801 5189 4061 9593 103 3677 5981 3701 2381 5143 8263 1627 6221 7855 8815 7027 2575 6643 7687 3643 5083 5299 8983 4567 9223 9847 1459 1783 5263 2289 7639 8454 2812 88 9732 8578 9816 4858 2944 5074 1038 2320 6172 1524 4476 2445 4458 3398 8790 4098 9702 9170 9288 7742 6456 2697 4744 4836 8326 6966 3494 8788 1978 8316 4497 2102 5482 5370 4594 3358 5073 3840 1173 9492 4092 1490 1130 5890 354 7092 4456 2186 150 6730 6645 6290 8188 5790 5658 564 1432 3670 624 3802 7956 7906 3002 7242 7701 4558 3756 3897 1350 8212 9398 7246 3642 6602 9765 4977 1782 5380 4766 9338 9849 2596 8820 8650 9446 636 7912 8186 6878 5188 5730 4185 6562 6628 7653 6832 7042 2986 664 3894 1582 6508 5128 8626 4228 3040 5398 7926 4894 1590 9326 3334 453 3714 5770 1178 8378 5746 9036 8889 7186 6726 3720 3736 9946 8044 4442 5094 6150 2294 4888 1674 7430 9918 48 2014 9046 8942 4828 7068 6397 2376 1878 9142 810 7718 1021 4393 1148 8245 2390 1184 9512 4760 9848 2396 7364 356 6061 2324 9541 9397 3349 6476 7945 9949 1076 793 877 7388 2972 5857 2168 6608 3416 6961 5353 6248 4093 3097 697 1525 1669 20 1052 2132 6505 9176 4784 5348 205 9380 7141 3452 1136 2348 4940 8312 4033 332 3505 7693 1921 9913 6740 
5579 1343 3575 6119 515 539 5483 6567 8903 2639 2835 4151 6875 7223 6399 999 8811 8211 4799 8051 6227 2655 363 2811 2343 5399 2103 3819 975 1455 8367 4143 4529 6075 9291 7779 8175 7301 4287 7707 2549 1287 3675 8837 6303 2451 5091 7325 2129 6413 4781 63 3605 5789 6965 8705 1949 1361 5573 569 8081 9233 1781 6977 5465 4325 3761 5117 713 1721 2623 3787 2117 269 7867 3091 9247 8719 8071 5419 3487 1003 6127 3799 7591 2407 4075 4663 4603 2875 2899 7996 468 1399 4632 4896 3679 2910 9966 4437 1314 3498 4533 8814 3213 4980 8313 7562 2762 2434 8686 5530 3124 3016 3262 8966 8076 393 3926 136 70 3136 7570 3484 3910 694 3844 328 7942 424 7512 9986 230 688 4365 3189 8752 8770 1118 1209 7418 7536 5800 6634 5626 6177 2337 6436 8442 7514 7116 8654 1512 4238 4932 256 2730 3326 5990 705 9778 9321 1536 5310 3948 1068 4812 3394 6276 5886 4068 7158 9960 2142 897 4714 1662 2890 969 8781 5136 1226 9014 8990 3228 7478 8236 6962 8038 4608 4094 9892 138 4089 7756 750 4326 6874 2978 7326 1066 4966 9897 6542 242 3174 9770 2488 5529 9810 9102 7534 6336 6028 6526 5650 1572 9340 2001 57 5464 5914 5674 4610 770 2592 4822 2853 898 1360 2006 5222 8566 669 7444 2196 9914 7993 3432 4336 5202 1048 3025 9121 1862 1354 2565 1693 4897 3776 2120 6000 3260 4381 589 9253 8281 4417 6229 2684 6752 4568 4208 6841 9884 8156 865 9008 8984 9152 2072 7232 7796 5924 1772 3884 3800 3013 5996 716 9361 6973 1609 4688 8804 8629 9805 9769 1880 6560 4957 6241 1621 7729 8144 1345 8701 8137 1273 968 2557 4009 6529 6488 7760 7429 2389 