144
4103 8699 4655 1887 3731 9243 6327 2799 5273 6137 5155 2501 3955 775 9535 6679 3048 3280 9278 7173 598 2568 5434 1646 362 1242 5214 9184 9974 5469 30 7890 7432 3814 6616 8125 7705 
1955 9167 7775 7451 239 687 9831 2765 6521 8933 1195 7495 5959 9043 1020 2214 4396 9616 9460 8842 1426 8524 2366 8846 724 998 6178 9777 7142 5340 7438 9181 7136 7952 8149 
6791 8555 767 6755 1163 1551 3659 6975 1863 1229 3413 5417 9653 5657 9067 3667 8035 6715 4267 4848 2817 8254 6216 2658 3634 8448 9474 9480 604 9186 830 5490 4630 718 6880 6618 8521 5989 685 824 
4847 479 8639 1715 8087 1659 2955 7911 2919 965 8357 4651 4303 4363 8311 5203 7989 1408 4123 1258 9376 7498 472 5286 5628 9962 3598 2770 1394 7377 6712 6345 7466 7530 2257 6836 8372 3673 
7835 2519 623 8891 8847 8159 6651 5319 1253 2741 1505 2587 91 5611 6223 8995 2152 2119 8002 3938 5882 2949 6897 4534 2098 658 2418 9696 1500 2184 8673 5394 2829 5500 2202 716 1316 7712 
1703 2543 2943 1055 9711 3123 291 2259 3303 557 941 6943 5659 3547 2626 4231 174 8246 6405 9477 3000 2554 9549 8430 6564 3880 5830 2090 4702 2122 3360 872 1525 5720 
2075 783 5219 1695 2679 4619 6387 9219 1121 8621 3415 1985 4759 5803 5623 4111 5426 7459 45 7699 7746 7848 316 8344 298 4024 7546 4197 3130 388 3246 5618 9268 6057 9793 3956 2708 3644 
9407 7367 603 9663 8345 6395 9723 3089 2105 7409 6115 2635 5251 7279 2059 1483 40 2620 918 7980 7504 292 8918 2544 9681 6588 1809 7413 9726 8580 7677 957 9936 2200 6793 7873 
8471 9947 1127 6011 6479 1371 4611 7577 4119 3977 4757 1061 9715 6919 1267 7293 2503 2143 94 3511 1634 3633 1041 1821 9374 9006 2894 7744 994 9506 2066 2326 6442 10 8305 5194 4964 7549 
2351 1835 7811 4647 7191 3171 3579 6711 8093 6917 7507 7903 1560 7339 5911 3789 7183 5424 6957 530 1596 2094 2968 102 3532 6136 194 2058 9042 9697 6193 6692 
3299 3779 6347 3219 1095 5187 4673 4263 8861 9761 5371 5515 1063 9751 2164 318 8460 9004 7950 2926 4516 5058 6417 6646 3070 8577 2234 4029 7480 1752 2301 176 8558 3620 5372 
5759 8231 3923 6687 1299 9363 3209 7685 2921 3857 3127 3523 3655 6319 9244 7090 8248 9256 2082 4002 982 6117 5422 6232 7752 5354 166 6420 1456 4330 7180 1964 5269 8504 
9707 9275 5243 5699 4071 5955 5163 725 8825 3653 8309 499 6031 3417 9010 6825 5918 3206 1442 5368 2769 4672 8722 2550 2656 922 3574 5296 5316 9880 6546 860 3608 8060 
6851 3059 935 2471 735 8999 4127 2753 8307 5093 5875 6631 9199 8841 3285 9262 1816 6022 2902 5925 978 5558 3940 6088 4317 1234 9172 8270 8704 8398 997 260 8144 9937 
7091 3491 8015 2903 7059 7187 411 7047 9161 1733 7637 5827 9787 3372 5028 3034 4922 9261 837 3991 4728 3058 7938 5877 3885 8925 3328 8013 2637 698 7017 3390 5277 9493 4040 8941 
1787 3839 6731 5651 1931 5511 3411 1745 7253 475 8993 5311 6811 4795 1636 5104 4414 786 3084 3448 3210 4786 1188 6772 420 5980 6132 6842 1710 7558 9940 5014 6320 2348 
4139 2759 6839 4683 5067 7997 267 4733 4613 1049 1411 1327 9019 1252 1404 4290 7994 3054 1698 3050 2716 9478 7306 5433 1734 7850 1329 5824 8222 4014 280 9889 5168 5240 
1367 359 5207 8499 5595 3543 9797 1529 4399 2045 5695 9115 1022 1257 4906 4998 4204 3946 1638 2212 7509 1396 3622 1509 8054 330 3858 5586 4494 4832 6764 1585 1160 
3215 5975 9251 9459 3447 9771 5993 3365 2273 3943 3007 5719 7089 3382 5102 4524 8253 4406 5802 8508 4686 8932 8068 5578 3952 3578 1605 5514 8998 5004 1076 7292 5713 2648 
3155 4631 5075 3179 1743 7575 8465 4517 2033 9499 6317 6499 8563 8162 1254 1812 8337 4413 9486 7497 5937 8866 7257 9568 6642 3774 2882 6765 7600 9169 8804 8689 
443 5999 8279 9699 2861 7703 9149 1841 5081 4217 7411 3103 9130 3282 8116 4730 6590 4650 4351 8112 7002 6021 2440 3400 2350 573 6142 1466 8978 8402 2173 3793 3128 7717 
1031 8183 6155 4979 8907 75 1193 113 1073 4903 7123 8887 2280 1422 3790 5874 9472 8121 2714 3258 5356 2690 9276 4046 6561 100 6026 6006 7070 8150 3810 1244 1376 
1823 5927 7919 8703 9125 7119 8535 4025 3317 7363 6907 7555 2940 2047 5400 7212 5032 1632 8758 7500 9484 7065 2930 8274 5978 7420 9417 690 8040 9193 8545 1652 
455 4571 1499 9359 6855 1323 4709 221 1027 9511 5539 7471 2758 1822 8289 8350 8106 534 18 5556 5064 7252 6064 9566 8589 6722 9330 908 8534 5648 4196 
2171 2999 2483 335 2187 4995 4671 2523 5285 3473 653 2131 9727 7567 79 1927 7284 2810 2217 7992 3182 1958 5706 124 9520 2374 1168 5436 6472 2310 7778 6664 386 5481 8618 6357 8138 8385 296 3841 7904 7045 6740 
7331 8927 3011 4943 2475 7599 2643 8321 881 7109 5537 6559 4999 6667 42 6396 7288 6484 5430 802 7740 2654 2914 5404 4785 9028 4200 9638 1598 8844 4874 6282 9394 7130 9100 6381 2704 301 8593 5948 2041 2197 
6023 7751 6995 6783 8739 7791 4659 27 4841 2873 8467 9823 7735 4255 4734 1030 2625 9250 4288 6486 9408 4480 3936 3082 3684 5242 9510 586 6794 9573 7977 2224 5 6694 7554 1929 4664 3404 493 8137 2389 
791 1259 8615 99 7539 8763 483 6459 413 6581 6415 7771 7697 9763 5587 4902 7084 9465 1956 5289 8109 93 4390 1908 4605 1166 9688 8786 2262 489 6074 290 4101 2514 28 7929 7072 1856 6380 3529 6877 1040 
6191 4919 9863 7743 8235 1119 807 951 1217 9029 7373 3631 4699 3871 3052 9240 4905 5710 4380 2998 1420 7260 3996 5448 2314 7618 9686 9810 4164 7768 3192 720 9648 7324 8694 7544 6128 6361 4957 3104 
3971 1235 6683 5943 5631 51 3363 8969 2021 4385 6473 4687 2647 751 9456 14 532 8518 1026 4166 592 7542 3297 4450 3516 228 7240 9582 993 3234 4761 5272 5206 1060 9138 6020 5749 9973 1705 800 
7031 683 5819 471 5823 2147 4791 5405 6605 6869 4735 4471 2599 715 3033 3208 1746 2580 9466 3886 234 9789 9540 4426 8278 3081 8241 6682 6258 900 7620 5134 6054 3544 1453 2792 6056 1930 889 3301 
3611 4811 6047 915 1899 8271 231 3353 8897 1865 6101 5935 2923 8947 5926 8926 6786 2610 654 5568 170 8539 2918 4482 7216 2356 1884 6192 6594 3818 9990 990 1437 4818 460 5888 3973 6625 661 7256 
4871 7151 1335 4299 4115 2559 8127 2165 4289 9341 5431 3499 1855 4939 1029 9730 2282 7318 8752 7629 1641 162 6570 7348 6789 5862 2018 6686 6262 988 9660 2742 2118 4713 2409 6872 2912 8552 8473 6812 
2087 6443 2291 855 3639 6255 5079 1877 1059 9413 1157 559 1771 6355 6163 1341 2227 364 5878 5700 6174 4486 1446 9542 2536 8314 552 2956 6394 6888 3998 1934 3158 8210 8536 8376 1676 4357 56 9200 7453 
9491 4967 803 7271 7083 9279 4251 3821 5297 1133 8021 6283 439 9907 7286 7060 4518 8742 840 2674 8470 3214 5604 9729 1932 8740 5254 3405 96 240 9202 568 2114 1852 1665 1725 764 1736 6289 6308 9608 
3359 7979 5051 4851 15 8079 9195 4889 1181 2043 3535 9283 4159 9919 5167 5702 1687 3252 2395 648 9842 842 9594 4252 7358 930 3132 6492 6448 8370 8774 8908 60 4833 9264 7702 4201 4100 4693 9265 1537 
7175 3335 3815 2879 7767 6663 2871 4155 7805 9077 7925 1265 6295 3583 1351 2154 4422 2284 1418 4930 7312 8428 2170 6480 4358 4432 7174 6849 5440 7522 3900 5386 9158 2649 3890 6374 9040 6704 4465 6133 4933 7184 
9383 611 9935 647 5703 1707 1421 209 5681 7205 7073 139 295 5983 7840 652 7545 7824 8452 1962 3066 5894 5805 5692 9561 9496 6496 3468 4582 9432 2194 2354 4881 1378 7556 8053 2725 4916 7201 
7823 5303 1307 9615 9639 3915 5033 6351 3245 6315 7003 823 9055 9355 2803 8934 7502 9458 9562 5570 1116 6490 6850 1096 7390 4620 2025 6894 820 5025 1330 3074 1905 9834 9141 3901 1952 9313 4813 2557 
2675 9443 6671 2603 2607 927 7407 3975 6125 7987 6905 2287 5383 5671 8462 8265 8683 3834 1192 3064 1806 4586 6922 2092 7098 9292 8406 7576 6168 4569 6924 9984 5782 8352 4824 7674 7573 3001 3769 4321 6824 
6515 9611 2003 3143 8831 9227 3689 1395 9821 2285 6403 5947 4195 8443 1570 3204 3782 1126 8450 4996 8070 3453 2422 6914 2856 2316 2433 1204 960 2426 216 4454 7761 9666 1274 765 5245 3397 5636 5672 
3755 2723 7199 6555 2255 5127 1697 4107 6027 3809 893 655 1915 3895 7814 7891 8832 6108 5056 8176 3420 5793 3006 2766 9286 3981 1504 7305 2865 1770 9156 2650 9314 3042 2388 5785 2425 1225 7129 6296 
5039 6239 1763 4451 1635 2807 2595 8513 9389 3497 2633 415 3295 7927 2311 5011 9621 2370 8100 8258 4410 9720 5517 5100 4305 1677 4860 1320 738 9420 9610 4452 8361 3538 4962 3549 3925 6169 7609 9901 6373 
3743 5291 7259 3375 8787 327 8595 3435 5525 5153 6461 8371 4987 943 4279 2286 8466 2590 478 1209 9640 9490 480 7156 5656 1960 7662 3792 5342 1516 909 2238 6372 4821 8796 3236 5893 1712 7064 9668 
6491 347 4067 5847 9495 9963 6291 6471 7265 5177 7807 5815 5491 38 4521 1732 3090 283 4398 9526 6890 9558 258 1080 5698 1324 8298 3528 3878 8496 9514 210 8380 5116 9541 7268 2881 224 7640 
5483 7787 6527 1943 4335 9531 5151 8559 1829 6293 7267 3187 7651 4015 854 2858 6818 9556 1392 2340 3906 4982 3477 2541 1749 3102 5414 4054 7690 5982 3669 6532 8388 1869 3133 6464 1513 2449 1544 
2795 3695 3767 5451 9875 1755 3615 5535 8957 4445 401 4291 6895 3175 6398 8001 3422 1336 3088 2080 153 7758 7222 9381 2322 6093 1918 9030 2574 5892 9574 5686 34 8042 2292 6841 4429 5017 9337 2144 
7163 6539 8643 7815 7623 5235 987 8285 3137 2369 29 2839 8095 799 3727 8457 850 3352 5001 1750 6062 9888 9002 3690 7572 5752 6454 7656 5634 8860 8020 3638 7960 465 6736 8317 1352 4273 3344 
8207 839 9311 6071 8063 7851 6279 6819 4409 5705 1683 3651 5249 497 8335 4567 9991 7375 6406 1414 4641 46 8930 463 6114 8325 5613 4284 7948 1174 3122 2100 1492 146 9426 1092 7896 2889 7161 4370 9022 1534 5164 9746 6266 2298 7561 9812 5072 4945 8456 6313 
2699 5711 7319 6251 4679 4959 3399 3231 2307 8859 8273 8165 9053 1349 2779 9427 6511 6103 3278 7080 4416 5157 822 5922 9970 6782 8644 9182 5290 3850 5418 1602 3406 9204 5346 6976 6724 76 6624 6306 9710 7 2482 6050 8425 7933 5744 4016 6548 6721 7976 
7247 635 2615 9827 5471 4479 3515 1839 219 9651 1025 4661 3269 4361 9583 6955 5899 8395 2618 4512 3086 86 8716 6822 8916 4420 7506 650 7248 6060 3486 722 1890 4566 6470 8646 9670 8436 4542 7800 6834 3240 3986 2400 2302 2629 500 1340 4909 5305 5665 1616 
203 3591 3887 1103 6767 3795 5499 4271 6867 7793 9809 3987 4253 9869 1685 2419 259 8611 3307 7816 2898 9734 4850 4026 1406 4584 7414 2073 9933 5985 5562 5052 6933 6082 8506 8205 384 201 5601 6458 3712 9904 1296 3676 9945 4297 7304 536 2432 9097 7693 
1427 719 9675 5135 3687 4143 7215 8439 2051 2681 3281 8981 2897 6629 7879 9559 1723 9139 3213 7317 1692 2584 2162 168 9820 5572 3630 2764 6110 3254 921 6552 2188 3585 8517 3014 8364 9198 3874 6990 6434 5198 3506 3722 9308 6013 2876 6853 5941 704 745 
6131 4895 9239 9107 5963 8751 6467 2355 6017 7829 5501 5057 821 4745 3931 7171 8011 1171 6151 523 7822 9258 7024 7302 1173 2664 5938 2260 7378 8306 6969 4434 2781 5478 638 3288 996 4372 134 7254 7114 5256 5182 3434 1300 3304 4189 5624 4861 4364 7141 5905 
2663 5639 9599 8147 3251 3483 7515 161 2669 7635 7385 1517 2465 5009 2431 1531 9835 1159 7846 8110 832 3202 8277 4929 2836 9070 4898 9826 6118 6710 1006 7665 6084 6986 1212 7374 9806 9034 7276 6046 6864 9274 400 4338 7602 5797 7424 7148 9769 949 6541 
3035 1679 375 6015 3063 6983 3279 7491 9665 8379 449 7505 6305 2551 8059 1135 1591 5395 2210 3093 8118 300 5002 8592 6170 9518 6948 966 4206 8052 1086 4384 2416 8310 8637 160 5274 5234 5778 894 6516 7714 9304 7178 8538 5804 8077 3044 4604 2612 6956 
3095 1799 2099 2687 4259 2039 5295 723 5763 9015 869 2139 4347 9545 1481 4075 4171 4771 8383 1702 8160 2622 6778 7538 5280 7086 6408 2274 7782 4776 1464 2577 6945 2268 8582 7770 6222 1438 1797 1858 6393 6214 952 9136 788 104 8288 2528 4549 6800 3824 
3203 9563 8963 4835 3555 4599 4563 1539 5607 5007 9857 3315 6833 6761 7399 6235 319 6475 3376 2546 5406 8721 3826 8938 1118 141 7386 4720 1210 9782 8574 7062 4356 7152 3838 8174 3482 7338 8356 8674 5842 5176 7706 6000 80 560 2689 3440 6517 2288 2180 
8519 5531 5375 695 5327 3291 9855 9767 1601 7937 4241 2705 8729 7939 1207 9523 2335 1696 9122 3942 5284 3780 3626 9516 2097 9674 126 3580 288 7776 7686 4572 189 426 64 262 6202 6338 1434 2458 1758 2402 6332 5384 4261 2977 9176 596 7885 
1151 9815 5567 8039 9003 9171 5367 8943 4313 3485 341 4169 3437 4099 6583 5323 271 4404 1987 6482 4522 7953 5070 8373 6718 3558 2368 6069 8488 374 3256 7593 934 8904 5682 7586 3018 4276 4281 9537 8678 5265 276 7893 3308 1933 1556 2221 8300 6745 
7571 4043 9975 2319 1355 3983 1079 4971 4011 5655 5105 6725 1769 7553 8275 9331 4219 3715 856 2086 4690 873 5073 8346 7626 4994 5457 6285 5886 9026 9024 4612 7168 9174 8090 3928 8568 9297 3216 4488 7792 3658 2246 2864 392 1801 637 1945 3152 6716 
4187 1115 4703 1187 8735 6107 5379 3135 9411 2055 7589 9759 7481 4013 773 4807 235 3859 4674 4507 5152 2604 9741 4689 7020 3120 7666 1200 5662 3573 1814 7594 2896 4264 9400 645 6346 2740 7608 9760 3654 2500 2505 4504 5156 1532 2125 6164 428 9260 4333 
8075 3479 4715 9971 7379 5915 2763 8583 639 6197 4337 1493 6701 7855 1747 8131 3835 4579 7986 9612 7838 2670 784 9926 8757 5806 9468 3962 9786 3357 7864 1238 8074 2570 1246 238 6837 4701 2508 5968 78 938 6318 285 7741 1724 7796 4129 4472 2053 2245 
131 8411 5363 4391 3623 7895 5559 819 9351 2609 7037 6089 3257 2755 9703 8935 4207 2263 5709 3026 1737 2290 1440 9928 9470 7056 7954 486 232 1886 5868 2782 628 4648 7000 2074 7680 6280 9018 6090 5092 6609 8997 7548 1881 4993 7916 4436 2785 6457 769 7928 
3503 4607 9179 8507 6531 5835 7131 9519 9339 5429 7661 4639 2611 967 9595 2995 1291 3163 36 5034 8284 390 4677 3426 1120 9597 8169 914 9840 8094 4654 8354 882 9232 304 1810 6218 2256 710 6866 8961 7668 7078 9733 6176 7261 2953 1928 8977 8533 
371 2015 887 4667 4235 503 4287 8163 3267 6437 3629 5813 4085 6713 4135 4387 7783 9895 5704 4401 3069 6568 2916 129 5920 9162 976 9396 537 6081 678 2685 138 8318 1102 5625 7370 3609 213 3036 6886 7449 282 6589 5492 8000 9661 3733 1016 5816 
2411 1223 7983 3467 2823 9387 7683 6173 3605 2885 4457 3701 3199 3847 583 9187 5110 5148 3628 4926 8166 7858 8301 4382 7658 2920 5808 9501 9213 729 9502 5652 414 7164 6669 142 7018 8685 2146 7654 3988 2397 5401 9620 6116 3889 6524 1429 5792 
8435 3227 7667 2123 699 4707 1191 7275 905 2693 2717 8839 199 535 1039 7531 3463 2814 4514 90 4644 172 597 1164 8078 3062 7936 6254 4310 8896 3060 5574 7170 8122 1968 3621 7398 1077 8440 1954 4176 6309 3636 140 1645 4621 6037 1916 1345 4244 
2135 1859 311 7691 6167 3875 5931 2775 9257 7541 3401 7179 9317 257 2249 8407 8527 1075 9129 5410 3624 5916 8714 3429 5373 9950 7234 6926 8858 9722 1845 9290 9706 7026 5298 9201 6909 3768 1898 1842 417 6652 8198 9864 278 4477 721 6445 32 3872 8696 3380 
5855 6611 4527 2079 419 2967 7731 6159 4481 939 3113 245 9785 2333 3343 8083 3271 1999 7984 3374 5614 5402 6234 1738 5150 7022 9196 3849 1494 6904 2258 358 5794 7154 1002 1936 352 4298 3750 2330 9222 2472 9982 8690 7501 1969 3968 541 8185 2113 6044 
3383 3647 6743 1175 9539 8631 5307 5055 1935 8753 3233 2981 89 7649 3283 3151 9955 3703 3319 6379 2748 4293 8928 7310 870 7344 6645 3662 5853 6076 7870 350 4362 7162 110 8058 7250 3160 6698 540 8870 4965 9333 5740 3488 2252 7724 7417 7033 8989 265 
5951 3803 5807 6383 3443 5015 7803 543 1587 8249 353 149 1397 8381 6029 7615 6931 895 9614 21 2078 558 2070 7094 4402 5898 3142 9298 928 2236 4576 3564 7754 4852 5865 6366 7362 6633 6972 9362 8826 8422 8556 1982 5144 9505 4328 673 3757 3224 320 
9263 3827 5351 5735 491 7211 4467 6891 2199 867 4589 2345 771 3737 7493 4937 5635 6199 5563 6211 8155 9871 7082 9818 528 8064 4990 626 7869 9402 561 5796 5988 1518 3274 4272 1902 9700 9072 8594 6962 674 7332 6522 2109 3334 777 9916 1550 7008 3718 520 5745 5954 6596 1633 5809 157 2420 5360 9577 4784 9560 7244 
6623 8195 9575 9047 9059 7559 3567 4131 9099 4443 2153 7551 4805 545 9689 5707 8681 5791 1099 9175 9091 8469 4408 1332 1425 2373 5253 7296 8170 3972 5302 5788 9285 4030 3105 9436 1946 6441 936 6261 1713 8008 502 3916 5358 5666 2332 9110 5488 3250 8482 8872 526 6358 1014 1870 8281 3140 548 7249 4801 4700 6560 9104 9044 1681 
8351 1247 671 7907 4211 4923 6543 5663 4239 7899 5199 1923 2429 7517 5357 5609 7087 9931 2141 739 4087 6007 8244 590 2760 4389 1444 2718 2841 4984 8776 2634 7578 5858 2884 741 3825 4068 8014 3856 3238 6628 3458 6950 4726 3602 9412 326 5350 7416 2222 5460 3118 6180 4036 8101 9373 2965 728 7592 6536 1088 5461 9217 9740 
5231 923 9431 3339 9899 7023 8223 4815 8007 9473 8931 1503 8525 9929 4205 5717 5393 7181 8179 3391 2359 7435 9462 4312 657 8458 1402 321 8340 1221 6498 6286 9482 4053 2688 6220 6276 7806 7617 2272 4908 3294 5224 8676 2598 4198 616 6676 4774 7924 448 7038 7330 3386 6481 7364 7220 9716 7736 7153 20 4705 1129 3985 
2555 9155 215 2783 9995 8919 2511 6435 5919 6375 3077 5391 1301 6389 9593 3079 6221 6643 991 5923 67 3378 5154 1248 322 849 1401 3494 4682 1089 8784 5814 4606 8634 2676 7762 9642 6096 4938 8824 6982 2124 4498 3914 8034 3862 681 7146 9748 5080 8010 4346 6876 1478 1182 458 1117 7460 9205 8089 5293 349 7748 7189 2084 8725 
5891 1463 3899 2855 8051 9347 4911 7875 351 3675 5979 5849 7397 9725 5117 5693 835 5107 151 5971 6727 3028 1701 8738 84 5754 4725 3454 4722 6070 1084 9406 9144 4314 7956 446 933 6520 7470 8980 4608 7708 4910 1430 5997 1317 5464 4062 6150 5496 8542 1353 5716 5184 3061 7405 7856 5509 7028 3392 8192 8576 1045 7604 
8843 4727 23 7139 6483 7167 7395 3831 5021 6003 8849 3533 4133 4877 581 2453 7747 8167 6967 979 8143 3408 2616 3276 9000 7218 314 538 1938 6066 8530 2906 5998 1804 3166 1514 6790 6426 7402 3922 3324 7756 662 2937 1606 6028 712 7650 7329 112 5722 7468 5590 810 506 3300 2653 584 229 7297 3788 4880 2048 7532 9920 8384 
9887 8255 3107 2027 7115 5723 8715 1383 387 315 9627 8633 9245 7133 8801 2849 7867 631 4459 4603 1375 5347 790 7828 7750 5872 1250 594 178 5370 6996 4778 4270 8282 3576 3326 432 108 8652 9076 7610 4804 4074 8709 1474 4914 6900 6438 6288 9890 6462 6808 7046 1620 6702 9596 5149 9800 9296 2408 1489 9980 5521 1105 2869 
2159 3191 3167 3239 5139 9579 7839 1911 5679 7097 3903 7085 9605 929 5729 4675 9247 883 7015 6343 1939 7051 5428 9489 8286 4286 5661 7226 366 3933 1764 9846 5412 482 9178 9954 249 2220 5306 7120 5322 7126 6362 3038 7534 6430 4122 3046 544 6549 6352 4790 1368 7057 8816 2276 2804 8744 7412 9805 9776 9133 2336 
8459 179 6935 2859 5519 3015 6843 8367 3759 3255 255 7025 1071 1817 4493 6595 9667 8779 7519 6799 2275 3381 1334 8294 5889 7742 4192 8712 2630 1224 7408 2438 9606 2646 5690 3582 3969 7944 8850 8602 910 6562 2644 4756 3040 9318 9544 5854 686 8146 1348 4510 6378 7422 7452 5642 1741 4064 9949 8336 5252 7465 8197 1496 49 1861 
3023 2495 1535 8711 7323 1239 9447 9977 5643 2813 8019 8225 9425 4061 3005 6809 4783 5575 8587 307 1564 9943 470 7540 9252 2548 9780 2166 602 633 5820 6237 5866 2016 3144 3828 3098 924 2596 1790 5976 7396 4912 9429 8446 333 9708 2270 6885 9906 6580 7809 2254 398 2392 1729 2413 620 5504 5137 409 188 7076 5000 1873 
1607 1319 4151 7955 7499 4163 2531 2427 4491 8315 8297 2537 1013 3845 9185 2155 2323 2071 343 3979 6271 4670 403 1342 4920 576 5606 6228 4718 4090 1074 422 8366 792 4749 72 6244 9206 666 7125 4546 554 954 8445 8494 6518 2032 2481 244 9146 7888 2042 6386 2848 9744 9452 3980 1885 4520 1321 2732 5773 4225 2216 3721 
6203 4859 8987 9719 1563 8691 5615 6207 7719 9075 9617 6425 4037 6977 1325 8323 3475 619 9967 6991 2527 9120 3784 5282 2950 9924 8493 324 904 9588 4473 7684 5829 864 7264 6256 3146 1794 148 2934 9892 7030 3738 9972 9054 866 9898 8 880 7336 1264 6376 1108 9628 4042 9306 9253 6092 9025 7232 8828 7009 6685 3109 9020 9301 
911 5411 5003 1803 2175 7079 299 9819 2727 6519 8237 7061 2777 4755 989 9197 4109 2107 1675 3619 2731 8419 9618 7826 3688 4857 6014 8316 4810 1170 9190 3976 8114 2642 9228 6506 6690 1798 8438 3228 4545 3270 5241 618 5622 6902 1386 8218 8085 9861 8982 7794 3708 5328 1176 6968 5696 3848 6212 5288 2660 7753 1621 1993 92 
3047 2183 2975 3287 2735 9203 2571 2487 3995 5727 1565 747 1949 6365 2729 5669 2539 4519 1819 2035 1363 8836 8745 2614 4318 9724 5608 7308 1449 186 8322 6934 2241 5658 256 5901 8658 3534 9153 4866 646 5278 7032 9177 6988 5620 1576 9016 1778 8606 1674 9837 6270 1354 3682 5228 2684 1508 7393 1465 3265 9536 644 5737 1357 
1619 2447 4247 1907 4499 2339 8363 1647 567 2283 4637 5667 459 3149 8177 3905 7469 1891 8191 2467 9451 4642 2721 1744 8302 8514 4260 9405 7622 4418 609 2106 9957 984 2038 5325 5973 4680 6 3748 546 7914 5160 5848 2698 6273 8130 4610 4126 7958 5124 5006 6321 1926 466 1424 5588 1093 8365 1213 5341 8221 2036 1297 1921 
1091 7403 3423 8591 5087 6507 4623 879 4191 1613 2189 1469 1757 7335 4553 43 8431 1735 7111 9343 2148 8047 3024 2088 9378 5550 2774 2068 4594 106 6502 2446 8004 4624 7389 1650 6928 9210 5688 1461 1846 5138 2724 5082 5856 1590 2556 8202 7905 6204 2976 3864 2496 4104 8257 9817 7213 9548 5924 6284 8936 5533 1136 3896 
4307 2435 9299 6615 9483 1107 8027 9231 8055 5691 593 8501 6653 8489 809 8153 2801 1243 4819 1507 5743 4668 4924 312 3126 2436 3194 2076 4593 6970 9988 4000 9564 4246 9424 1648 6196 8628 5308 7036 5676 7128 8682 7810 4140 4878 6141 9112 5196 5712 9074 1152 6033 1017 5008 2665 9781 9637 8252 5120 8564 5708 2593 5329 4748 
9215 6959 2835 323 8483 5675 2583 6035 9987 4203 7349 2513 6281 1961 641 65 3305 9799 1495 2203 3439 2818 1338 2942 9249 4294 4802 9590 9646 9738 5421 8062 8486 297 4168 2538 8782 3218 8030 8829 8126 4089 4102 430 2349 1780 8226 3350 2518 6024 6045 2049 9885 8397 8382 1546 313 2677 7945 2012 3416 709 4237 896 8756 5084 
5435 7043 2591 4175 9123 1487 4719 7143 6773 7443 7203 399 1385 3507 5765 6377 6353 2971 1303 9211 3907 6067 7821 3286 7830 780 9934 5632 2866 1966 6016 8272 3196 6198 3526 3292 7581 8793 6958 4946 4536 8236 4185 2640 8894 7134 9090 2726 5934 3645 6348 4917 6802 5906 4350 5010 8876 9961 973 8996 4376 9409 9956 3865 6865 5113 
3395 7859 6707 7095 3455 7655 1875 9927 5043 7263 8573 9867 6185 665 9773 2815 2083 187 9379 4435 3259 9103 2160 7834 4526 8424 4737 1653 798 7749 3134 1774 1953 9604 1654 2958 3614 6830 1818 5066 444 4590 5446 2722 4972 4302 4918 8474 1005 1834 3153 5222 1594 8414 4884 5592 8158 9469 6728 9872 7388 8641 6392 6505 1640 68 6584 
5147 2303 5939 9695 9923 2279 507 2507 4059 6579 651 425 6257 1709 761 6737 749 5887 1111 6655 6835 6751 1569 4530 2762 9598 5409 8434 7346 9554 556 8308 3960 5454 4044 9414 9060 6294 2346 2790 7044 6126 7042 4800 4578 3333 3298 6478 7786 8050 4870 6528 1048 3710 268 7642 2545 2456 9476 6224 3661 8437 1880 7729 1273 7633 
1811 9011 971 7067 9879 9419 3051 1815 2007 5487 2379 7841 1001 5213 9233 5897 2525 1843 1087 1651 4747 1399 2158 1965 1125 2904 9170 8642 3470 7942 3950 8902 5798 9850 3694 886 5246 3396 3402 2030 1128 8038 2306 2892 4768 926 3550 8410 3606 206 1146 9832 9346 8208 4656 8148 1356 9968 7088 2569 2888 5108 5317 4441 1760 9037 2816 
143 4775 3407 1847 5031 1467 1595 7971 1515 9795 5247 17 3595 4985 5513 4829 2057 427 4039 9439 2455 2251 5106 4900 6826 3786 132 9382 7582 3201 1222 2186 8102 4308 2193 156 5362 9790 1914 2460 3450 4440 3266 6350 1857 4077 9669 3600 2229 5962 26 2796 1186 4348 4032 1272 2360 4112 9632 5485 1201 980 6680 8540 8953 5972 
9131 8423 5111 7727 1439 8775 2343 5475 4431 711 6063 2703 3017 7071 1793 5381 5465 2671 5143 5287 9007 4615 7951 9775 9271 6489 3498 5366 2434 7096 7962 4366 7624 8268 3566 3106 962 8006 6504 7132 3802 2932 6312 3362 4977 8394 1138 1714 254 4156 1582 5186 1776 9312 7108 5674 5121 402 7190 6004 9750 1920 8449 380 752 2744 4777 9277 2564 6848 2929 5209 4837 2504 5024 8797 
9743 4475 8795 7511 7283 4019 6999 1851 5211 6087 7503 8475 4421 3641 8705 7193 317 521 3019 7579 7687 2695 9367 5179 88 4854 8718 4257 9978 600 8812 2278 3078 8080 4050 1284 7521 8088 8133 1428 2334 7041 1350 6662 1308 5685 334 7446 5166 4152 4966 1070 4764 4010 3778 8562 948 1365 2878 9886 9652 6744 2378 8672 4136 4681 4249 6188 5617 7520 6236 5468 8233 4220 3241 2845 1369 
4547 6971 1415 9471 2771 7583 903 4047 8799 3785 5463 6135 4925 7625 701 9365 9509 3677 6571 2683 4051 5275 7147 5599 2169 4394 410 6708 4989 9214 2673 1198 8098 5508 5880 1800 7401 2110 7192 3237 306 7242 348 7210 7920 1134 6250 8186 5046 7138 9086 1012 4492 274 1384 7186 5268 3370 7194 5338 3321 9350 9524 649 1813 680 9157 8972 2533 6961 6829 1052 5576 1904 8840 7016 
7991 4403 9467 6803 9755 3027 4635 407 6951 9183 6039 6675 7229 2031 8333 6857 5129 8477 5981 8743 8455 3115 9883 5239 955 5037 7990 2668 5884 6844 9154 1972 3693 6418 2572 4086 8968 7474 3330 5826 3670 4142 6130 501 3232 8134 4560 2478 2052 2520 706 1672 1262 8502 6246 684 8664 6106 4125 1610 5505 7678 6754 9753 2120 589 5096 7040 848 4561 6085 3092 4741 8240 4213 8701 4009 2552 
7019 7007 6371 8855 8171 1775 5771 135 3 2091 6699 4743 7853 1109 5933 7949 677 5741 1807 8815 4867 1831 8827 1555 825 3057 4533 7075 8856 6714 2130 70 9705 5510 3522 4773 2824 5966 5445 1617 5520 2362 5210 6018 4666 9364 8830 8206 5026 7144 3894 3150 2464 7533 4936 2056 958 9946 3242 7281 2805 1278 1720 4352 6944 9925 8600 5396 9145 7585 5336 4808 2192 5312 9325 8557 1981 
6779 599 1895 4079 7523 7239 5543 8247 4575 3551 7251 8091 3569 9485 8679 9953 2597 7049 2215 8551 4627 1951 8359 5731 4638 858 5074 8426 8520 2964 9522 5565 498 8056 6666 1270 8349 3842 6129 4954 204 2793 3897 3912 7106 5462 1578 3525 9900 7692 3460 9902 8124 6530 1678 1830 5344 7188 9266 4704 9046 3994 1680 4904 6565 9001 4448 6409 9272 2341 3817 3932 3680 5581 9109 1196 1112 
4535 1475 8903 7287 2711 2907 8331 6939 947 2739 2979 6147 2177 495 2405 7733 617 6175 8755 8635 727 355 115 7294 8256 8262 8510 2412 3978 6094 1452 6952 2745 7804 4365 8964 6634 8986 9513 3837 9410 9048 1944 3156 1521 9849 2484 3244 5458 6981 1066 8914 1826 6302 9654 6134 2526 8140 5378 518 5646 5266 9142 5756 2924 3584 6752 6140 9565 2588 8773 6776 3632 4592 7616 8852 512 
8975 515 1967 3707 875 7415 2811 3863 9951 303 1527 8741 6641 173 4073 6245 797 7277 3559 1447 8491 8203 5131 3883 1562 7723 2757 8433 4602 2325 5493 7014 7102 8092 9386 9316 4468 4306 7790 1432 542 9844 3766 6369 834 8082 5049 670 4876 4058 2868 6138 5522 6838 8476 1054 4834 3706 2452 3393 5649 6700 6160 4496 9512 169 3565 1892 1033 4424 5408 3596 7957 5324 2600 4885 7676 
8579 7679 7619 1199 5423 827 4311 7755 2883 9903 3159 3663 9701 8151 509 5369 7695 2201 9749 1925 4483 3751 2095 55 3412 8266 6554 122 2680 6768 2265 1036 8182 2020 4066 1326 4178 3570 5524 4236 7970 9321 1294 3861 2338 7341 8650 6681 4658 3170 5200 7176 6382 4550 3705 8805 8022 7048 813 8942 2566 9352 7472 3188 6109 4568 8341 325 7489 6644 1609 4400 4873 3452 3212 757 
1631 2423 5315 6771 3959 3963 8867 3747 7587 7985 4383 125 7647 533 2297 6929 7721 9163 2225 4423 7337 8623 6871 4636 3430 3586 8662 588 6573 1498 9894 726 2064 9986 5784 5270 6964 6678 5860 1090 2746 8584 1948 6621 5397 5602 7334 62 6105 7282 3724 4752 3640 2112 4146 9098 4742 9270 7557 4890 273 522 7309 2000 4849 7369 1688 9224 4292 6937 3745 8732 9853 2516 5060 5185 
8663 191 2831 8343 123 7227 5859 785 3891 9591 243 9737 857 4227 2391 5261 6041 1589 5345 3823 2575 281 4663 8599 7290 8736 5544 9372 4425 8332 310 7574 8526 1497 7566 868 8770 2638 2414 8220 3686 4186 7689 5068 4377 6774 4714 8358 806 5208 4596 6746 9897 9450 2522 3698 450 3322 5668 4442 1704 7886 7788 4797 5118 2209 5917 344 6889 865 2828 7868 8569 6656 6673 9764 2372 9445 8720 
7355 1019 4463 3927 7547 5687 1271 1311 7643 9303 4731 8043 8669 4781 7169 2645 8585 6005 4411 1315 2179 1903 2719 6883 9622 5030 2582 4230 7802 5932 2632 2428 8304 1838 9189 1910 5950 2469 5534 4617 7874 8544 1068 585 2142 7342 6450 1756 5042 9453 9081 1144 4626 6538 6052 4322 4056 3366 9814 5205 6766 9093 9828 4405 2917 3524 7357 884 145 2317 3289 6104 1328 5593 1753 1177 1009 
1979 2951 3719 6887 8447 5987 9035 8387 6051 3999 7289 2895 5907 1347 4721 689 1373 7973 6065 1255 5455 4543 1711 7711 5119 2613 2997 9009 2242 1742 7298 3424 6796 8750 8522 180 8810 6936 2424 8224 1454 261 2938 24 642 9216 1150 3830 7320 4094 5598 3465 8037 7636 342 5738 5580 768 4041 4888 2138 5202 8416 9310 8012 2077 7849 3181 3829 1909 2624 1501 8401 1849 3812 8605 2780 7429 
3347 5867 7595 3119 3671 4095 6635 5751 4803 4455 2945 8837 2223 4601 737 9437 9569 77 7543 6427 9607 703 7447 8479 474 477 852 7029 12 630 5292 3520 610 1836 6072 1322 4466 1970 7965 570 2172 2788 5076 6189 3249 2028 7560 7053 5818 492 9354 5128 1786 9662 7605 6861 3720 1482 669 9134 9273 754 4332 3776 6512 817 3116 3656 9656 5845 4820 8581 5900 3853 7921 9644 7496 
9683 9455 6215 8495 2387 227 5591 2991 339 8415 9543 4355 4649 1313 8189 5489 1937 7529 2309 2515 6127 7219 9319 8803 7845 861 9736 1600 4188 9702 5964 9550 1310 424 736 5442 3268 6798 9672 294 5088 7238 3904 5385 429 8610 5136 2430 3318 772 9393 438 5834 1666 6298 3770 1377 6550 4216 1548 5760 7524 6760 9788 3421 944 7352 8072 776 7832 3296 4057 44 4537 1808 11 505 
7307 107 9959 4419 7439 1143 1419 5991 1011 1251 8645 4551 5225 4853 4397 7601 8141 5957 3101 8671 3355 2371 5467 2289 8746 1694 2586 9546 7569 2908 3502 9802 7258 1974 5844 2985 7382 6225 6429 1824 4344 5733 6226 1906 4018 8572 1214 2802 5220 748 664 1912 7644 6828 6038 2358 1008 1362 6240 4118 5838 804 7908 8948 2905 4585 7345 9884 133 2312 6925 565 5180 9829 7580 5125 8588 
8123 4319 39 8667 5279 6335 4091 1023 3327 6747 5175 1805 845 185 7613 3521 485 8393 3725 7063 9655 6523 4027 31 9124 2608 4528 7934 8920 8892 3348 7356 441 4684 5078 9422 6910 5484 7564 3226 3012 2776 1104 3816 6814 5244 9057 2874 66 9448 5337 1149 9237 6513 3758 4282 696 5162 5094 302 5536 5130 5673 2822 3049 8113 8293 2833 9932 793 5857 1268 6973 8761 5732 8276 1153 3764 
8819 9095 8375 5019 8655 3039 9807 9939 3771 2367 6723 5619 473 5837 6233 1781 233 4277 953 8923 4265 5779 7159 9295 6307 3414 8250 177 7833 1450 7360 8778 8326 2925 5476 6840 1122 940 1950 8512 8654 2980 7482 3730 4812 6792 5262 9058 7485 5817 130 5896 1286 5776 7966 3993 6388 8560 5542 5726 8670 8726 8962 6010 1684 9392 9481 1292 3469 2065 9385 2305 5437 6980 2228 4969 937 3649 3272 
5027 707 4523 4223 8399 1611 755 3603 2295 1407 7301 7107 3377 6485 9641 9173 2357 1433 9989 8515 2167 9391 5299 8695 7639 2808 2752 1728 9508 4986 8066 2174 5822 9693 2102 117 8878 7380 6230 6390 2562 382 7236 5085 7274 9602 8025 1586 9434 4116 3648 7326 4746 7974 6268 3870 8698 770 9369 4274 9300 5832 2376 2457 4388 9517 2396 6769 4736 9421 6073 6913 6985 4280 1 8264 9896 6488 
9983 4907 7391 5747 3635 8627 7011 7127 9147 3519 8871 1287 7745 5453 6965 5573 6077 6329 3713 6497 8971 2443 1759 1183 4375 2150 9307 1773 8296 7492 4020 1644 2364 1978 8178 3444 252 1194 2992 9856 564 3964 3021 1473 6370 6078 1761 5174 8656 9096 3974 3384 6304 8620 1502 3436 5526 4120 7074 6165 4324 3432 7726 2565 9241 7124 692 7093 7844 4004 7880 3692 1669 3560 4177 3164 6157 5984 
167 2219 7883 4511 8603 9527 9635 7419 1871 7959 759 111 7479 1263 8369 2789 4193 8441 8561 6269 8071 7135 3247 5479 811 5647 789 8320 9254 9066 4386 6780 4744 3220 1488 582 6978 1202 6558 6670 5212 676 700 8613 6854 7158 8230 4562 9446 8049 2517 4485 9052 1101 2010 3714 3700 6674 2592 3854 165 5098 9358 7185 746 2696 9488 5300 5612 8348 668 3536 6452 9908 7969 5348 1220 6325 7760 
3935 6059 431 1667 6659 8571 5255 6923 4763 6987 87 6339 6401 7013 3855 5237 9293 713 3581 1471 7627 919 6859 6763 1279 3410 2944 1413 2445 9718 2421 4438 3970 2104 9784 3189 1218 9813 6086 7372 2990 7404 8550 3446 3222 2318 7486 6249 3542 4262 4248 5170 9952 2494 9626 52 9132 9220 2800 4502 6525 6100 753 7672 9457 8929 4892 3121 829 877 3517 1592 73 7777 6368 9572 7004 5432 
4415 863 6563 6591 155 8211 2235 9843 3183 6879 3843 4827 3243 6557 365 1553 6821 3761 9893 4315 7027 175 9403 9691 4555 8023 7842 6566 9165 4300 7941 3594 5452 250 2712 2442 1240 1137 7006 4154 5694 3888 2734 8601 6040 4080 1782 9336 634 8032 9208 5940 9624 9804 7978 6144 1572 9910 4078 8018 7730 5190 3314 6156 8766 4921 4381 1784 7316 1597 212 3481 1256 9433 4304 5089 2521 5552 5005 
4955 6647 9671 9911 4331 8067 263 8283 207 7947 6795 2847 6719 6627 9461 5753 1409 53 3953 5909 3403 5851 5683 1015 7195 5038 1245 2553 5438 3398 3180 2661 972 2970 8181 4296 3290 1197 3664 6477 8946 4758 705 970 4864 3794 4840 1629 2594 4872 3117 1044 8586 7926 6466 6693 2470 2702 6813 8616 1276 5392 7202 1860 4928 841 7664 6781 8485 9985 5977 8809 4369 5852 5041 1844 1777 6733 
2627 1343 2619 4055 1283 7535 6875 1139 8451 2163 2691 1403 5399 7343 1455 5799 41 3111 6267 3929 8453 1047 8549 1649 3389 4997 3125 437 4531 163 7303 9151 595 2659 5863 6607 4183 8899 1663 7255 4975 6597 3354 9930 4269 4378 9694 4476 7494 5301 4754 981 226 8706 912 3462 2806 1917 8374 230 2974 3306 1754 6444 6578 6730 7632 5334 4070 3010 2308 9778 1536 340 4798 3642 6494 1768 1876 5097 3616 8666 7392 6630 6030 192 3657 3110 7428 1062 6540 4233 2140 8565 6334 6102 3678 7872 5122 6148 6158 1622 2008 5114 5506 4113 8802 4830 8833 9344 5684 3625 2996 5912 404 6277 2468 553 121 601 524 2768 6493 4988 6901 2984 7105 8353 8869 2132 4489 3913 7273 8821 1477 4033 6152 8048 6884 
47 2915 8723 539 4883 4991 6587 8103 7715 5123 1947 9731 5787 8567 3495 2927 5355 6569 4503 2631 6495 4097 891 6509 5633 1983 7361 9305 9521 3173 6019 5023 5165 3091 1387 2827 5839 7591 7603 1459 6703 9246 4646 826 7862 2181 7354 158 7262 902 5530 6984 7737 3660 4444 8910 9438 328 1618 6514 3876 9492 8973 2778 7092 3364 6436 9576 8598 3753 876 5498 5774 222 5310 508 4128 6614 8505 1848 5680 2476 7278 636 6650 9948 4082 4084 6868 2700 1058 6542 1230 2488 5260 6328 6600 8956 2054 5584 6734 1706 5913 1360 1372 7444 8152 3373 8886 2281 7606 3205 7825 4340 9589 9553 5053 5557 6949 289 9061 932 4508 7652 4952 6896 416 2737 1825 1100 2108 2029 6097 3037 9236 7940 4657 7568 3505 4789 
6575 8291 3527 6263 6275 6311 4559 2363 1559 2315 3087 2403 959 3593 9267 7035 5103 6927 8607 1577 3341 8391 8355 8657 2477 8693 4913 7433 5921 8945 4973 8119 3787 9041 5201 8215 6847 3643 511 6055 1435 9547 1051 8454 5767 2860 2085 1398 2534 4980 3273 6252 196 6474 6638 8164 136 7365 7473 7394 1792 7764 3472 6297 4092 1206 2558 2961 7670 8529 8817 7353 4060 4134 6882 3045 4538 1626 5016 6009 3178 7922 1526 2738 1266 8874 7550 1762 5188 734 5532 6874 7528 9634 1078 1282 7648 2733 5670 3442 6206 8421 2253 1538 6154 7197 8608 2404 1689 9918 1882 9630 1868 2492 8890 1405 4676 5216 5840 4460 8749 7621 2989 8360 8924 901 5473 5768 5192 4868 6469 3229 9080 61 7801 3752 368 8408 6620 8617 7441 6301 2377 3805 
3599 7427 3071 6695 4583 9335 4751 7347 8811 6299 4839 1671 9375 2715 9087 275 675 8895 8261 9915 6323 9881 4301 4469 7565 6053 5873 9557 4769 4325 7291 4591 5035 9017 4891 2479 8959 5527 247 3509 9 7207 9126 6852 4258 6998 8338 9069 3820 369 8686 4098 9430 6456 9976 1216 3484 6422 2126 1624 3478 5062 9712 1130 2589 3112 6873 9345 9609 9498 2328 1098 5486 5781 2352 986 4017 3540 6672 9765 1574 1658 2490 9014 7898 9534 6201 5730 3546 3108 6732 6354 4740 612 1874 2728 8400 3772 1588 4341 5746 4144 8214 9106 264 6756 3990 2844 504 8612 756 6397 7454 8730 1249 5480 1184 3176 5605 8888 2324 4165 8024 985 97 7381 7657 8684 1237 4081 9361 4609 5077 8005 8084 4052 1657 2137 4501 8312 4105 3709 7280 
7295 6431 4595 5831 1919 2639 5063 995 843 4947 2667 2063 183 8463 8187 1991 7359 4371 2931 6593 2837 2069 1205 197 7421 6915 4949 2993 9127 8045 5309 1721 9475 8263 2947 8239 211 2887 4879 6391 6535 6247 643 8104 782 9966 1740 1893 5374 8313 8028 372 9578 8966 1293 4862 8334 9294 1506 4780 5638 9148 5956 8754 1490 9454 3138 2178 2337 7514 9758 4694 4932 5560 5990 4564 4956 3948 3388 4334 442 4710 5388 9338 3612 1522 7894 9108 4974 4137 2398 9342 3760 6424 8906 1346 9114 4893 6316 9754 8386 1690 2493 4506 7884 5910 9528 9038 9876 514 3921 8806 7068 4669 2385 4525 3781 2390 9500 7537 4645 1304 4256 4316 2240 164 8173 6217 3464 8648 6637 6860 3601 1285 2300 488 25 4153 8209 8677 1717 6049 2497 277 
5447 1007 9191 4007 5547 2939 2207 9287 4691 527 6863 9839 6183 5871 3419 2439 7611 9687 5441 1431 1889 9891 3951 5091 5583 3293 3221 2489 9449 4433 4001 2933 1037 103 3427 2767 4963 1579 3487 2239 331 7387 2299 1519 5095 3919 7982 3588 4738 4653 1840 6777 6278 246 7590 4708 3009 1788 4581 6574 906 8702 5482 118 4132 7166 5294 5318 5800 6582 5553 6360 7058 7245 4238 3345 3184 9234 732 1510 4048 1290 4130 6994 3754 5349 1540 2820 1557 1382 714 3264 9808 69 717 7653 7442 1370 1156 8944 7734 9225 1718 6330 9094 5762 8692 7878 814 4038 8541 9868 1018 6048 8168 3310 440 1686 2040 3740 2161 1580 8065 8420 8785 3553 7208 920 956 193 7225 2185 1309 3685 6416 2672 961 1028 2353 9584 3836 1549 6632 8636 9349 6145 9056 2701 
1583 3947 7847 2987 4379 9255 1623 5223 7475 4779 9779 3195 4863 4367 7671 1359 9063 5343 9423 8883 1035 519 6807 4625 3065 8789 2573 5825 1661 569 8765 7445 293 7819 2623 5551 1627 6691 1219 8503 9811 487 8767 9571 7818 4632 6446 16 1314 2754 9238 2834 8570 3336 9570 4428 3489 2542 3136 1528 1228 8604 4598 3501 5140 4430 5248 9150 5902 6640 2474 6290 6862 621 82 2692 7968 7646 4958 8760 1900 7246 6602 9969 8193 9994 1114 1593 7638 9078 4838 5502 750 2830 405 8412 9766 8958 2136 1542 6658 6612 5330 266 6333 2394 7700 4970 2294 6322 6324 2014 7456 7077 4028 3508 85 4628 1441 8917 9692 5012 5569 3284 8216 577 925 4021 4160 5233 3032 733 9709 4616 8900 3512 2024 6121 7321 1064 8041 9877 4117 6697 7172 
4427 2243 8219 6287 8771 9647 8939 8951 9207 4539 35 5603 3207 4899 2621 6735 2751 8117 9135 8619 6219 1767 4359 2657 2237 7673 9713 3329 7145 305 3881 1997 8299 2117 907 3571 8659 4843 5083 9859 9235 9079 4495 5359 6139 2812 6112 6816 2128 3530 1941 3022 3945 2578 4096 7221 393 4782 5376 8632 3882 2176 1533 6729 549 9328 9194 4464 2973 6190 6274 5786 7233 74 2901 5946 7425 4240 3742 1389 8328 454 9442 5352 8238 2890 8330 8940 7104 9324 888 81 5090 2361 6832 5678 1056 1660 4180 3168 8016 2846 9532 8478 778 3729 3114 8724 6696 8884 4106 5258 54 7430 1374 2706 6300 2605 7722 7688 8228 6817 4760 152 3920 284 632 1796 9068 9685 2773 6500 6608 5413 6433 7333 1789 1141 9757 2017 9704 2473 8768 2005 1700 3313 3541 9913 
8675 2867 8783 6551 9515 1379 8199 7223 999 7487 815 8295 2399 627 3819 171 9659 7383 8487 9567 579 5271 1337 5945 1131 1155 3197 3797 5777 9089 6209 2499 9281 9221 1169 9137 8647 8033 2191 7351 3139 461 7759 667 223 5263 8464 8875 5250 8578 6592 3562 801 6660 5020 8790 1614 2344 22 5494 3741 1082 818 7266 1612 6501 4194 3148 8596 9678 7110 3537 4622 8442 5790 7214 220 3346 4696 9418 2450 412 8640 8184 3808 6453 8638 9166 2026 5742 8877 7588 7516 8026 4065 4266 774 4212 5764 9045 8954 1366 2710 3898 336 3504 8728 8614 7462 3736 4353 2145 1010 2206 9914 8882 6153 7285 2709 3302 5101 853 13 5264 9212 9673 5629 7196 4796 9008 9152 4753 7484 3248 3428 6421 3217 4765 8660 4268 3704 6385 1573 1172 5276 6349 805 8036 7597 
383 6419 8531 4931 8879 7631 731 5099 5267 9143 3911 3531 1599 3275 591 2787 9435 5967 7431 8543 3099 8105 3311 9111 8213 7325 6413 2331 3867 6545 137 7217 6893 6749 9329 7099 4793 3161 127 8885 3607 5227 3967 6043 2791 8342 7812 4831 7998 2838 4858 7270 6402 1380 7510 574 8194 6942 1730 6626 5546 6801 7224 7488 8190 580 708 5772 4762 5022 7476 8061 7660 9021 7972 8764 3165 202 3312 4570 2530 1158 8212 3909 4214 2198 1552 5769 7010 6510 7882 9084 4552 4222 6648 2794 2872 6364 1185 1344 5596 7437 6336 6526 4934 3866 9226 5582 9088 7634 2853 2013 1986 4792 4788 9302 4342 3813 2617 7720 1472 781 4981 3253 2840 356 464 3445 5365 373 656 3577 7681 6553 1520 9416 7448 4640 8905 5965 9164 6181 2485 2329 5761 8377 3361 812 5564 
6455 5459 8327 8759 5507 9551 2567 563 4179 831 2655 8135 9023 2103 9399 7311 4529 4875 9555 6449 3699 6785 6617 2129 4865 9581 9377 6665 5045 9941 8597 1289 9679 7121 6149 8575 367 5407 1975 7039 4121 8983 8863 6979 8073 1024 5610 5928 7852 9494 370 838 9682 4478 3124 9717 3568 3666 4202 8937 3958 4470 5548 2628 885 6414 5232 8994 6468 7005 5626 7860 7946 6918 5750 828 578 3902 4692 7269 3096 9585 6384 8128 6993 3696 4629 8242 2880 2466 1480 9366 1708 4953 3954 7552 9444 6720 5382 945 7204 1358 5529 5640 4012 5770 5229 9036 946 1922 6310 2116 2798 1990 2877 6753 1984 9309 7716 3025 3806 2004 9613 4712 5281 5936 2761 1436 3548 4580 9092 308 181 8396 7964 7052 3013 3008 7477 4772 9944 9248 4652 5953 7117 6805 4940 3169 2401 5876 6344 
5579 5783 2327 2891 9083 2375 4031 3263 4739 1547 2459 6411 7827 467 6231 3351 1791 3425 4275 8979 1179 4935 605 8823 1637 9209 5789 3941 787 2093 4 4373 1699 7781 7327 4505 9619 2911 1123 6487 2393 2563 4447 931 6367 7996 2606 4392 3552 4437 2182 3918 8368 6938 5810 5944 9288 3765 4474 6576 3957 418 2218 9645 878 846 5238 9993 1000 6432 3982 6292 9964 7012 614 2462 5994 3002 7701 3756 5172 6906 6122 5942 7738 1854 9390 4574 1288 8697 6738 4072 9762 762 7198 2954 1833 1630 7206 9770 5470 1584 9657 4150 1180 2850 5908 5332 3646 4110 5718 1302 9922 2248 8880 7784 9121 4500 4513 2749 7725 4285 1393 2857 1280 3337 3368 2233 9841 8132 8269 7861 8653 5353 2509 4844 8780 2269 1837 5161 4141 1940 1381 9085 3385 5833 8480 
2843 7103 2111 7943 4487 4199 2747 3371 587 1575 4799 6639 8403 1331 779 5523 3879 6075 1995 5331 2549 833 5141 8201 7001 5861 6533 329 2561 8081 9965 6881 8129 4157 9269 1339 3545 9739 847 7423 1003 7457 2743 2935 9031 4147 9631 5335 4896 2922 9160 2946 2750 4770 2342 4461 9792 3016 7774 2697 5178 1140 694 346 7512 4992 622 8762 1608 9822 3592 5748 3518 3924 8548 6858 1470 2952 566 4329 7704 6654 5018 8145 4234 7902 8498 4948 5314 8772 8700 7140 6870 6042 5181 7694 5970 4108 8418 5050 8800 2226 1726 6748 8710 6762 6657 3172 9858 6162 660 9530 808 8680 7458 7981 1004 1878 9938 1021 7081 8096 9032 2437 1124 9332 3193 3068 5545 9289 4573 1765 1772 3800 3613 6440 3697 6572 4172 5660 3992 9380 1057 200 5456 9625 6529 9865 
5555 6407 4643 8339 4439 8259 7299 4283 95 5495 2651 83 2231 5627 287 4887 975 6363 4983 4035 377 8921 4323 8727 2451 3723 3053 9005 7757 1673 1853 1541 4901 3185 7999 6341 7709 2261 1567 4927 8851 1231 607 451 1795 5071 9847 2959 6463 6331 4678 7630 2832 1894 8814 8922 5724 4354 8362 2772 4190 3338 4254 4836 3474 1888 7490 434 6684 9334 2994 1236 9064 2678 4462 150 5974 8554 5218 1390 624 2133 6898 9388 225 9050 8970 9168 9586 6804 7780 1850 7300 8781 1269 7584 7150 6878 4845 5644 9441 6758 8733 8630 2061 4228 5398 7917 8392 6585 5650 2001 1485 758 950 4662 5836 2149 8952 3717 3674 462 8154 1232 2002 4393 469 836 8528 4417 8845 9728 625 913 9440 109 2972 2168 1484 7165 3332 2900 9073 8665 1897 5377 205 8492 6649 5257 9649 6757 2096 3728 
3431 1211 8303 7763 7607 1655 5339 6095 575 9371 3851 2963 899 7995 7155 3471 3735 1779 1275 9677 1719 9039 9051 101 8031 917 2441 4049 7313 9065 3449 6953 6941 1277 9833 5621 9113 269 2347 859 7795 3067 7315 1963 3989 7975 4349 391 7483 7314 5616 9816 7854 144 3418 1524 9664 2842 3190 742 8292 9600 9636 7406 6194 1318 496 4210 3822 6892 1462 974 2682 2982 8172 9798 7116 3496 3650 2694 9180 4374 7612 6124 4842 6213 4224 9960 2277 5230 4446 8808 8992 7912 208 5961 7728 6856 9830 6460 6210 8626 2448 4894 4509 3892 7910 1476 1162 2498 6726 1785 7149 2006 6002 5664 5721 7993 4968 7813 2809 1693 6932 3260 7021 9721 6229 3493 3200 3073 2101 116 5600 6661 5821 1189 3949 3157 3572 445 2461 5677 6205 2821 3457 8180 5444 9745 6613 272 
3083 6179 2819 8243 7967 6899 7863 1751 6399 1971 2547 3387 8099 5427 5159 1827 423 8955 963 5259 5549 7923 7865 2115 6831 7241 629 8347 279 1361 1457 3893 5189 9979 3211 6677 7243 8537 3451 3043 5755 9223 2875 6547 8834 114 4732 105 9552 2736 5986 5566 6182 3186 8898 9825 2666 5450 3604 6717 9580 7410 5466 4209 5952 5142 1656 2786 3230 2190 2304 7900 8853 9714 3597 4716 4665 218 7526 8862 3796 4814 9690 4221 8500 8200 4766 969 1558 3744 7866 3480 2034 5728 5086 6610 4218 6806 9909 6184 4960 5904 890 2524 3868 6098 5736 3513 4320 270 2386 8044 1142 7698 8798 3441 7837 744 37 5193 1998 4897 1388 2941 4309 9140 8893 4544 3020 8156 740 9824 5449 2204 3884 1604 6428 697 5420 2480 8120 5389 4345 2444 6668 1400 7525 9529 5864 1412 
8003 3539 1643 8747 4823 159 6503 1739 4407 71 2127 363 6123 6359 6603 663 9315 3807 7707 147 555 2463 1145 8813 6759 1241 5969 8909 1913 4817 9101 5321 9259 8609 3379 7831 9463 8227 6439 4003 7675 547 1783 4951 1566 2208 4634 4588 3490 5637 9698 190 376 2862 844 9280 9592 4174 381 8649 6410 4886 4809 8974 4360 8217 874 354 4456 6177 4600 8097 8868 1512 484 1094 6960 5758 5850 5326 3798 4114 6058 9218 897 1662 1072 8820 7113 7478 2121 4022 4138 2410 4326 640 9117 5133 3174 942 7464 9326 6742 396 4173 3514 766 33 1722 5766 9357 1989 3804 2196 9866 7209 3309 3277 2380 1996 1417 5425 9404 8509 2720 1165 2365 2893 1820 992 421 3961 7628 4976 3908 6920 6337 5528 8624 3500 9836 3944 1664 1208 8108 8413 7909 6601 5540 
7871 8111 5879 9623 6567 1391 395 6083 8115 59 1511 5883 3131 7563 195 7463 8687 9159 4515 6243 8175 5739 1167 3459 1625 3965 7157 6099 4541 3749 4181 2957 4577 3833 8009 5333 6775 3055 4229 6787 5419 5059 8707 6823 2407 3331 4063 4915 3763 6412 2910 8865 8260 6921 702 378 1190 5541 3262 5361 6598 5630 7368 3466 7230 7881 8404 6012 8848 8748 1034 5890 3618 154 6340 6586 6954 7137 2510 3004 237 2486 3702 1132 3492 4869 9650 4034 8546 4449 2532 3652 8990 7182 309 4942 9878 7122 2601 9658 892 242 7710 5734 9102 4008 2560 8378 9942 1924 1864 8532 6146 2050 7918 2244 286 7440 2502 3681 1872 7718 5960 4729 8713 529 5516 1460 4597 5780 6476 9680 1081 8329 6008 8708 6253 7237 3097 8324 8629 241 3716 6241 1976 6788 7988 968 6272 3637 7177 
7235 3575 2 1883 5903 6447 6143 551 9803 5571 2067 5195 4395 3147 2415 447 3627 1215 1959 8139 5415 7817 5115 6845 2081 2969 3041 1901 9497 5477 3917 389 5597 9533 7843 5443 1603 5503 4855 5215 4243 3590 7963 6400 862 3679 8794 9360 3556 2320 1668 7366 7322 7857 3072 8076 3926 5054 8668 8086 1416 9504 8484 3554 9348 794 1032 7418 4242 406 5577 5472 5217 510 1065 2062 3129 4554 5044 6846 3832 357 3732 1306 9882 2529 1226 9633 1828 2037 4882 5169 2250 2886 3762 8136 4368 8688 1992 7596 345 525 9012 9852 5126 6314 4822 898 8950 1866 1260 7461 4633 2382 3409 9921 6992 5029 8737 4724 9128 8204 6061 236 3356 2156 8984 3997 2576 7892 5048 2936 4093 8497 8965 2264 433 5173 4124 7376 6908 9860 6265 457 8881 
8651 1571 2195 983 9851 9395 3075 1295 6815 9735 6171 4587 1083 5283 7935 2267 3587 1227 7659 795 4023 1973 5885 7371 2909 8429 6113 8405 2863 5069 8057 977 6451 7231 2381 379 3869 8719 6187 1147 6091 3739 3367 5047 4327 6739 6770 2157 9282 9033 1038 8290 182 3094 5949 7932 6930 1468 1458 5930 964 6238 3844 2784 5654 606 3934 5061 1106 9684 3154 2022 4161 5518 7426 1670 3340 4750 7384 4250 7614 3852 5364 6916 6208 7101 7785 5380 1113 5594 6465 682 6940 4278 4245 6606 4226 513 338 58 9854 9370 7598 3726 7200 7797 7054 1046 7641 6186 5841 5313 8566 9538 1053 6534 7112 1988 1862 6120 9464 7340 2960 361 3589 248 6709 4148 3349 3668 452 2852 4232 7513 5065 6404 3325 1568 1069 9229 2060 5197 6025 9368 7789 8912 6260 9752 2293 
8267 3791 3563 6947 9071 9323 7799 4295 743 5183 1523 1203 6227 2211 1443 8427 7055 1691 3711 9507 4695 5895 4215 9027 3557 2213 6903 63 2825 2009 4565 6797 6989 3665 5801 3031 19 5585 1879 2023 5995 3235 679 691 763 1543 1867 8911 5158 2011 8854 730 9676 6172 7562 4458 8661 9192 3198 4170 9958 7350 562 2913 4497 2266 1642 6784 4182 5474 5226 120 7050 5846 6688 8188 9768 2652 3100 1042 7906 5757 2512 8949 916 9398 3966 516 9874 1486 2854 8472 1050 693 3610 5320 5538 4618 3225 2986 3873 6264 8590 6974 4706 8481 453 9756 8142 9870 8889 6604 4540 3369 8822 5013 9873 6705 494 4336 2506 4556 6741 6356 7436 1333 5869 2581 2713 9320 5929 608 4717 9284 5689 2540 2636 5036 2948 4088 9049 8792 217 4453 5204 6032 8389 3320 8444 337 6001 7328 
6599 2579 4787 5439 9503 659 7739 119 3683 8835 6911 8319 6963 3939 531 2535 2019 3003 9783 9747 5811 7467 6689 1479 2247 7769 9401 4145 1097 2585 5561 3617 9905 6161 5645 1639 9353 8251 7889 9643 3799 7663 3775 7915 3811 468 2383 9732 3076 360 8838 5109 490 1977 6946 98 9862 1766 3846 9794 7518 2966 7228 5554 2313 3358 3840 1802 9981 6556 3162 3342 1942 5416 8901 4548 796 1896 9796 3141 4557 5146 4006 8229 5992 6034 4698 1980 1161 2454 408 9230 9118 5236 4846 4158 7696 2978 1716 6508 4816 214 2046 2826 3984 4149 1178 7930 3734 3177 4660 6537 1545 5390 5112 1682 48 0 4828 8461 5701 9992 1957 8161 6200 476 3877 4532 6997 5881 2089 481 4045 7765 7508 8864 9428 2756 8516 8960 5828 5725 5221 6068 7645 8017 1628 3080 7669 7820 
851 1451 9587 8807 9791 1727 6827 4343 1043 251 6423 8523 8547 5171 435 5403 615 9291 7527 9327 3029 3323 6303 5715 4961 8777 2271 7887 4685 7877 2417 4697 7961 7913 8107 1423 7901 8873 8287 871 4711 3223 2983 6259 2491 4339 2899 2707 5191 8731 7836 2662 7773 394 9242 8280 2962 7766 198 2232 8553 3930 5145 6966 8788 1312 2134 8490 3561 688 8913 1530 5812 184 2988 7732 9082 7118 3777 4806 3801 2230 9384 9322 8409 4005 8232 550 3746 4978 4944 4490 5040 1154 672 6912 4614 5958 2406 4162 7272 8625 6242 8976 7798 5714 8390 3316 6622 2870 2044 2296 9912 6326 4794 1305 2602 1281 2205 7434 8157 4856 8046 3860 8245 3937 7160 9356 8857 7772 9397 9116 572 9601 1748 6080 1364 3056 6248 3145 4688 9013 4184 6577 4069 2797 517 5641 8468 7100 397 5497 
9479 5795 6119 8915 5387 5843 3783 7931 8967 9119 2151 6195 8511 6111 9603 5775 4767 1067 7779 4167 1731 1491 2321 8069 4083 1445 8717 7455 1085 9845 3773 8417 8991 9629 3691 3461 1615 9917 9487 8791 4723 6079 6619 571 9415 9742 2851 3030 3261 9525 816 2686 9062 5870 4950 6810 7066 3456 1410 5304 7570 3910 7682 7876 7713 6166 1298 1581 7536 7034 5512 6636 8196 6820 3510 2928 2730 5697 9838 4558 6342 8769 3394 9772 436 8988 4941 8818 1554 8985 7450 9801 5589 3672 9774 3438 8622 1233 1110 8234 1994 9105 6036 6706 9340 57 5914 4826 456 1448 760 6750 50 6544 1561 8734 3476 1832 1148 9188 3085 9848 4484 5653 4208 385 253 128 2072 2384 2641 5132 5996 613 8432 1261 7897 8029 4412 4076 7400 7808 4825 332 3433 7069 