72
4475 5399 3375 1463 3311 3263 4899 5103 2547 6515 4695 1217 6507 5201 7865 4433 485 2489 1519 6103 7471 2983 571 5782 7506 5013 7502 993 7018 7008 6930 3362 1413 4562 4348 3138 7003 2466 909 6448 5460 1670 7920 4944 6618 4452 7612 3174 606 6434 7006 944 1993 2648 3517 3841 
4451 647 2123 5375 5391 3395 1347 5787 1479 6735 593 7083 5801 5573 4673 7793 1433 235 7099 5863 199 3204 3223 6766 888 5671 7941 4648 3006 5589 1564 5808 5998 561 2832 7404 1864 6288 1852 6408 6626 4320 2856 1000 1353 6682 6684 1942 610 5305 1842 5924 6241 7498 841 128 
7979 7115 2627 6143 2943 7067 2295 5207 3111 2811 2823 503 1481 7397 6819 6533 5033 3475 557 2287 1987 7087 499 2443 679 5923 5558 5898 2754 6398 878 6652 1066 5838 2229 3726 814 2098 4089 7824 4862 7716 4234 4870 2253 1922 4461 316 6849 5412 5060 7016 6896 2600 7256 
1583 1127 6335 1655 7475 2499 5871 3075 4383 4407 3423 2979 7985 5667 7891 3809 6487 2765 799 5635 2275 6746 3463 3535 5584 4404 7358 6876 6178 7230 4512 5788 5014 6804 5580 7110 7726 1636 5 134 36 2001 4646 2690 3520 3792 1518 7754 7690 6186 162 5161 1705 2713 7518 6826 3380 6368 
3491 7607 7859 2891 7599 551 6759 1215 4889 3339 7095 7443 4697 4159 2273 5959 703 5659 6379 547 559 7663 5812 6096 1542 7984 7114 1538 6636 5202 6262 5466 6936 6602 6418 7830 5658 3036 1038 7474 1694 7190 7773 3460 429 1108 2628 7461 2666 3418 1873 500 685 3685 
7379 2711 1799 2687 7727 2907 3711 5451 339 3723 6267 7745 7877 2561 2513 4529 7675 1303 3703 2395 2491 1783 7644 2431 4338 5008 7980 7226 7362 3746 7296 3294 2890 7926 5892 2937 4272 1780 230 1030 2662 554 3110 6378 2474 3202 600 3280 6397 1717 1333 6032 6505 
4859 7271 5471 5231 6575 6719 2075 2783 5955 2919 7781 7337 2681 495 1289 917 6653 487 5275 1435 4459 1831 7968 2383 1546 3741 444 5616 6486 7812 7728 4233 594 7698 7818 1778 7438 1998 1470 1960 618 7377 46 5325 3933 4838 1584 570 7948 7202 5925 3226 5414 6069 920 930 2701 4921 3409 
4787 6239 359 6287 2463 5763 6339 1623 6495 1923 6113 6677 7193 5429 1817 677 3773 7723 6451 6823 2791 3206 4017 3486 2454 3381 6753 5781 2580 7734 4350 5772 7077 5632 7622 3981 7740 7942 3386 3570 1276 5386 5646 4260 52 4804 6897 6586 5922 6337 974 2005 3770 6308 1753 
4667 7427 2603 1367 7731 4227 7827 759 663 6411 27 4829 3257 2309 6053 3389 497 6391 1279 6847 1915 2575 607 4564 6787 3523 5556 5174 2220 4008 7228 6828 3062 5064 7104 3744 7630 730 3484 6520 5446 5532 1216 1473 1818 7354 4902 2166 1648 2050 7000 5053 2192 2792 7525 7736 
23 7079 1859 5447 5895 6615 3863 7803 3783 2799 965 5523 3761 1037 149 1051 2515 4603 2371 1903 5626 4666 894 4569 7447 890 5426 1500 2230 7504 3054 6765 4094 3736 5445 4209 1350 5930 446 6768 1269 6364 1126 2913 2074 4629 1178 3426 2996 6998 3266 5365 2900 7788 6301 
4823 527 6707 1167 2831 2087 7527 6111 3975 7157 7301 3977 941 6101 2777 197 823 1699 223 6655 3511 4154 7986 5868 7759 7558 4797 6630 7284 5128 4314 45 870 1034 622 4905 7846 6838 1233 6166 6734 5642 6382 4750 30 3434 1374 5949 2588 5725 4393 2174 1369 6049 5900 
1151 6395 2999 1851 4463 5867 6015 3137 1887 7853 2271 7747 2285 1913 667 1291 5551 715 6331 391 5133 5928 2582 6040 3290 7951 7293 6216 2301 2356 6924 1036 906 5344 336 2661 4746 3096 6566 6194 2412 2086 370 6445 6553 7412 2540 5413 
7631 4211 2159 911 7343 7535 6923 2735 7647 3815 5531 2727 7875 5427 4337 3737 6917 413 5345 5203 4951 2107 2119 3403 3859 3444 2448 4560 4353 7654 722 4308 729 2656 6946 400 1870 4860 4218 4221 5628 3564 4845 1024 3958 4538 7053 5436 2906 6340 6592 1854 7188 2902 6238 7134 6273 2154 1405 4688 7405 7124 7861 4621 6680 6524 
1079 4799 4235 7487 6539 2351 5915 7299 867 735 7191 1973 7505 5129 2057 821 4495 5791 1675 3199 1819 3453 4879 5191 2450 3976 7233 4960 4590 5182 448 1502 5330 3153 2392 228 3592 4792 2361 4065 2318 866 6736 1302 3753 7221 6540 4401 1644 7116 789 1046 5208 2162 1744 6420 5554 1424 3320 1585 5456 1148 829 601 3265 
6815 3911 2931 7775 2 2555 7011 1403 879 2187 5907 7013 2439 7805 3641 1673 7613 5657 6415 5983 4111 115 2779 5176 955 7356 3208 3738 1708 1120 1278 2928 4941 6886 6650 4586 986 5976 792 4634 5342 7318 5685 1586 1682 7368 7774 1362 4884 3302 7806 4384 568 1173 3550 4920 5860 7909 1201 2677 6848 2545 4076 5600 7112 
3935 5591 4091 7055 1947 1391 5823 1635 5019 4167 5751 641 4611 2283 1709 7049 2215 1135 5311 6437 7051 6007 6739 7974 5582 7113 984 2358 6870 3045 5560 7272 6830 7922 6810 1516 3148 1348 6976 2210 2330 2738 6834 1354 616 6230 5493 357 406 1270 5301 1821 3882 1908 2472 3429 1394 3282 2329 3049 2768 4808 1840 6320 2840 5917 
5903 6407 4955 7559 1451 1407 6927 423 4287 7707 4551 4299 3159 5487 5859 6521 5273 2659 2429 5921 977 7579 2083 5707 4363 6837 885 6511 7036 5464 1234 5774 3978 6882 2362 4478 1228 5992 3664 2104 7850 1142 5450 1018 5638 6934 5130 1146 4150 6130 7048 3878 964 6278 4374 6710 950 7981 3992 5360 1845 4849 392 3368 2372 3769 
7571 5619 6683 2855 2147 1847 4703 575 5931 4347 2691 1251 5655 1815 365 3101 5633 5119 2227 5995 511 1327 5911 4135 5874 7234 1574 2748 2462 1482 4318 5565 4146 7540 6033 460 4821 3789 513 2750 5326 5745 7918 3292 3598 1188 7542 2866 1653 1474 4918 2844 3594 5688 7452 1914 3916 1810 7340 6104 5641 5852 1165 7801 2629 1837 
1979 5243 2111 2231 3419 671 263 6903 4827 327 5693 2909 3519 4553 3725 7517 2911 5371 4399 619 3295 2203 7970 7001 4942 2589 7890 4162 7730 6484 988 6290 7581 2354 5314 7374 3825 614 4430 3765 3142 5442 736 3658 3244 5490 1122 2244 3297 2193 1917 3186 4278 1662 6334 4926 3858 1513 3272 7045 2161 3577 3997 4189 4484 
1943 3839 7655 3467 5759 5855 7347 6459 7503 6063 425 5813 2621 6857 4841 6845 5861 713 883 751 6559 1111 5263 4014 3360 664 7646 6798 5728 2218 7014 1246 5968 7510 1272 6590 724 1828 7596 3730 1062 7029 4269 2464 6366 48 4486 4694 6698 5541 2250 6526 1012 7872 5920 1548 3156 4676 3061 2516 4801 6265 4136 3164 
1067 815 1379 5111 4835 2927 2127 2643 1191 7277 4733 5945 293 555 7205 3401 7651 7423 5467 7063 691 2479 5872 5562 6760 7154 6642 6742 2590 6346 4890 6388 7605 7548 3470 290 3333 1869 4545 7317 5350 798 4242 1872 7924 3033 5304 5884 3818 150 3306 3508 6268 64 1552 7700 7417 733 7657 1093 7964 6421 140 
251 6947 7355 6431 4139 2019 6219 4623 111 315 7863 7889 4685 2453 1925 1483 7097 6703 6535 415 7411 1891 768 6172 6880 4334 1860 6640 3040 2992 5140 7182 669 4934 3474 1210 3369 6549 3780 7178 7960 3393 6028 6228 1468 7470 612 744 3838 2142 153 4617 694 1758 6289 3745 404 1957 4549 1832 3673 925 
4943 587 515 4907 1679 1631 6863 2375 6195 1875 6315 1241 533 5225 2405 401 7085 2789 7027 2899 3943 6367 6955 787 5004 3382 1414 4158 7582 42 6792 4716 1274 7600 7562 6477 1236 6126 4410 5613 1408 6352 748 1984 1250 5080 4830 398 753 7330 1386 7408 1938 7689 2073 6498 7954 1172 3565 524 3920 6193 3085 4580 5768 
2267 2723 6671 2171 6347 5639 3567 959 4335 7383 6257 3795 2487 3233 4109 2093 5489 5599 2177 7231 6475 919 6715 1536 778 6972 5205 2292 1128 2740 4252 4012 1522 7929 638 4114 7350 7557 2536 5196 5654 7414 3654 7696 3312 3258 2853 330 3118 1830 3710 4402 3178 7530 3798 169 6541 6349 2552 260 7784 884 4004 
4655 971 215 6203 1719 6975 4215 7071 3347 6135 459 5475 927 4277 5271 209 3053 1997 353 4373 5549 689 2683 6799 739 1879 4051 4639 4375 3450 7978 6148 6439 4660 5978 2997 3986 979 6 1958 6292 4080 1668 7650 2034 5116 5649 2604 7725 2326 4408 3786 1874 2746 5302 2724 2484 2136 182 6952 4324 4432 3345 2430 2910 6782 2762 4005 3698 976 5916 1268 4244 992 4021 2029 1928 6529 2041 3704 6133 
4967 4103 1235 2051 299 6527 5795 2819 6603 7467 2331 2199 2895 4995 5825 4241 3507 1193 5837 65 6005 2417 4663 1999 1781 6883 1459 6667 6427 91 7821 3482 6994 4965 7930 5328 5870 7468 1266 4593 3146 5038 6982 670 4476 4714 3252 3909 326 5630 6866 2246 1738 6226 4785 502 7161 3058 3952 4701 6616 24 1989 3969 1620 3962 1886 6458 3844 7561 560 3008 5449 6793 5240 5701 7376 241 5144 361 
731 3131 2759 3899 3947 2747 6299 4559 1259 7683 303 4119 6687 2067 7349 5285 2787 4145 521 7111 1157 7627 6019 4411 2743 7615 2251 3334 6754 2179 6271 7746 6490 6034 3490 2217 4932 7426 4494 4732 4332 1632 662 1824 7300 3069 6218 7674 6729 1716 7862 4250 7965 3004 1202 5844 6282 136 372 6705 2508 7084 7150 3496 4284 7200 5796 2376 5421 6385 1700 4964 5101 6625 853 3553 4448 3776 2497 6817 
1139 3371 4511 4343 3827 1131 579 4607 999 6699 7899 6183 3699 1983 6099 6233 3989 6893 6089 1769 3677 6965 5071 6679 5611 5491 127 5814 6258 2944 2452 5778 774 4566 5074 5877 4822 6474 7834 1674 7401 6100 7701 5062 5400 2872 4740 6144 6928 2680 2260 4557 5988 696 4185 4090 6280 5109 3880 2562 2140 1936 4992 1310 7140 2082 394 5238 3849 6513 776 5408 356 6824 3668 3529 6781 7453 11 4364 
7367 4151 1523 891 4023 4935 7107 5051 5555 7155 5223 7635 6243 2391 819 6941 1649 2885 629 29 3881 1567 5971 2719 4627 3595 4423 6261 1747 2938 5817 232 6390 4706 4238 5073 2880 7702 2745 5734 6878 2616 4542 33 3316 324 510 5661 5034 5952 6450 1980 5932 1060 4130 6634 7413 5220 1113 7686 3604 6189 5002 5481 6422 1806 3218 74 6877 7388 3104 4916 6697 4736 6517 2264 3980 4592 6056 
4775 3059 3327 5879 1703 623 5351 1991 7871 5739 3039 2163 1839 6867 4853 5547 2537 5441 1025 5045 7409 2345 1829 1351 4723 1735 4759 5347 4615 7822 4312 6489 4075 770 1240 5997 6648 2868 5054 6472 4638 2090 2390 6868 7809 3586 3072 6154 4641 2194 6770 3052 7574 6285 1341 6060 2022 4504 5834 3498 4062 4810 1156 2638 2248 7250 564 6058 7946 3973 1568 3037 4532 2120 5864 2785 7028 3584 848 2233 
6263 7931 1031 2027 4055 2567 4439 6323 5811 7671 983 1335 5727 269 5043 7575 5093 7961 1625 1431 3161 5501 5875 3823 859 7123 4747 1687 4161 7648 7989 6604 178 3141 2757 1010 5606 454 5902 2841 4108 3466 298 4414 5106 2716 3050 5318 4346 746 5794 1794 5829 4982 522 657 2006 4756 820 4202 3350 6552 5097 2202 3630 6214 5020 3702 7444 5893 572 4813 4753 7021 7520 6788 1580 7201 949 6476 
7151 7787 5123 6467 1055 2207 1119 15 5595 3639 3939 1107 7119 17 4097 6341 3305 3821 377 749 1757 4339 1087 355 4567 2191 331 3415 7591 5618 4092 172 168 6658 6885 5126 2460 6446 402 2886 4137 6124 7910 2284 350 5678 1497 3310 2214 6864 498 1377 7572 376 1650 2092 6362 2320 7842 520 7896 834 382 6501 4766 5674 6786 6050 7440 2696 7208 7268 164 1748 7897 3493 4993 7129 385 3896 
7991 2843 2963 2459 1115 7391 347 5535 1095 5435 1995 6275 4539 3183 5765 3041 5681 7169 2657 4949 185 4613 5815 7171 811 2995 4327 3127 3446 2457 6986 6298 4102 2584 1116 3132 5878 7990 4864 6014 7022 6220 7078 5832 462 1576 6400 4726 7566 6813 4990 129 945 5534 4708 1638 6696 6518 2109 6370 2614 4288 2788 6465 7950 5721 309 6108 6822 632 289 6721 7400 5737 4160 4280 4297 4777 7568 6704 
4163 5783 5543 7331 5175 3611 4307 407 6795 6383 4575 4107 6855 399 4803 2333 881 7181 2825 4805 3857 1685 2455 1447 605 2095 6319 3883 898 2767 6482 5433 458 7290 6102 4086 7288 6588 796 5462 3982 1526 6638 2088 5145 6561 7306 7718 5652 2397 142 7398 938 7538 1074 549 2200 4516 7346 4762 4466 2380 4382 7642 106 4116 2697 5025 5862 2036 1117 5564 6188 4141 620 4261 1256 5473 1544 709 
3215 1967 7307 3359 1283 1199 4275 203 4251 1527 6915 7817 939 1035 4265 2225 6413 3185 1181 1397 6377 2647 5779 5431 403 283 7147 2347 7795 4662 4658 6762 6758 1410 5901 2470 1506 5634 900 1572 5070 1692 5836 4584 4696 6394 1218 592 6741 4413 2610 2882 5370 6030 3552 5022 6662 2817 5970 1358 4282 6432 242 3600 6846 6950 3546 573 3408 728 1573 5389 5348 2576 788 6068 416 7664 2077 6596 
179 4979 7463 5603 3647 7187 7511 1059 7227 7551 6039 51 5405 1439 255 2753 7649 5729 1445 3197 2081 89 3763 5095 2011 7387 259 7495 5527 640 5625 7012 6984 1850 6098 6120 6988 7425 3618 3136 4500 7017 345 1974 4738 4186 7305 1144 1972 674 2538 7096 7372 3322 4446 1594 3468 825 6156 5294 2370 3930 7334 342 310 4300 1365 3646 5498 7693 505 6692 4796 7040 5960 5552 2228 7808 6325 7796 
2591 1739 5807 3155 3047 7523 767 4203 6971 83 1647 5463 4143 1263 4419 7059 123 4229 4169 1793 5357 437 7325 2741 3413 2299 6175 4507 5839 2167 1375 6595 139 6283 1130 5818 2736 645 7569 3652 7828 5428 2834 6720 3984 7166 333 16 5162 5682 3480 5030 7428 7768 7932 1966 4761 1209 3760 112 6018 2854 4698 7662 3897 1660 3402 6708 4742 100 902 6564 7264 4450 7578 6778 6945 2400 5530 256 2712 3492 6957 2198 7706 7254 2692 6206 7712 5216 4882 517 4633 4940 5437 3836 2605 3709 4285 3073 6536 3176 7064 3421 4357 
5075 2879 4199 2303 7547 755 3887 3003 4815 5711 7923 291 7103 4323 6291 3291 4493 6963 5117 7829 6905 2897 4541 1601 1985 6999 2611 3979 1963 31 2731 2323 1387 1137 4656 5586 1570 3775 1254 6297 876 5894 6832 5010 3886 1089 21 1264 288 4406 1641 3321 1654 7858 4416 5296 1624 6234 5853 6336 5964 6522 2698 3816 7310 970 7240 1426 1714 501 1614 2976 5918 3494 5704 3676 7164 6912 634 410 7490 1550 1438 3346 4874 1884 5936 1688 7921 5929 6013 5492 4465 6469 3889 5689 7172 6913 781 2564 1088 5257 
7823 7847 4187 1563 1223 7715 6311 2435 107 7199 231 4563 2223 2679 7955 5675 6207 2415 1155 3269 4397 449 7217 329 281 7721 6751 5947 2335 4087 3787 5455 4807 3607 1134 4488 2930 7106 6045 5776 3144 6393 660 4101 6722 5784 2328 5676 3438 5142 2388 5470 3314 7173 478 6808 540 7218 5790 2542 192 3756 1814 2974 4456 3249 1420 5546 6942 4776 2025 7546 2040 4509 802 1528 6354 5232 5700 2181 424 2414 4996 4528 76 5886 2442 982 5520 3812 1292 7177 3656 2857 5509 452 2816 5881 4256 7477 7940 4165 3044 3193 6997 
3671 5567 1331 2975 4871 371 935 3999 3363 4503 1803 6663 7743 699 63 2571 2297 3855 7841 5777 5993 737 2189 3089 1219 2477 5525 1207 2059 6187 6547 6163 6139 1603 6750 3326 5172 6105 4958 6410 3732 5986 5542 5338 1014 7552 904 2685 532 2037 1677 5094 7473 3724 7938 1926 4770 2850 3782 5170 1008 7030 5486 7636 5610 4754 2061 5385 4994 514 7608 2013 3028 4922 1101 4449 7242 1582 4454 2242 2529 1822 604 3504 1617 1762 3810 7210 3824 6284 1592 3661 7244 5516 5593 2096 3865 5077 1196 92 2509 6493 4069 1177 
6995 6359 7703 3959 3119 5267 4547 5079 6351 1239 3435 3539 7167 7131 1671 4875 2021 3077 7697 6293 6651 929 7659 4421 4939 7363 6821 595 3175 6859 3355 6631 6211 2803 7360 2419 79 1562 6153 7893 2858 7545 4989 7884 2894 6628 1788 5614 405 4329 4718 4438 1590 492 1728 534 7266 3662 3957 7152 5032 2622 3002 1642 4038 4228 5358 6012 1390 2398 542 1704 1764 374 5822 4670 558 6906 278 2158 4686 5086 6072 7758 1398 718 7488 3412 3488 7105 80 5785 997 25 4321 2828 7976 1945 2965 145 608 7844 6205 3224 
3383 2951 1175 2543 4391 6731 5583 2663 5211 4679 7851 1931 1419 4743 3591 5585 6833 1061 3219 7373 6197 4565 7133 3497 3293 6209 3689 4735 7375 1015 2551 2263 187 7519 892 2239 4096 3213 3134 1786 5006 453 2946 4788 2998 2325 2532 1698 450 3990 2958 1792 5090 6129 7082 7632 1930 1425 3614 7870 650 312 2110 2196 216 4149 2014 6138 126 4164 4050 2710 3060 5910 1774 6664 3556 4610 438 6506 7492 1766 2438 2049 6909 6932 4496 3768 793 5833 6392 308 5965 2348 20 1813 7160 3260 253 3596 1801 3524 
7295 4007 7235 3443 3107 1307 6563 2031 3651 4719 4083 4923 903 7179 4937 75 7565 3807 6375 1301 3785 2849 509 2981 3797 7939 6931 2539 5299 7963 4351 2923 6744 3328 7626 1540 4152 734 5134 4480 4650 2106 6732 3621 7694 7838 1221 806 4270 4290 6198 1706 7840 2262 7656 5394 3105 6244 7634 5098 1978 3672 7881 3318 6094 5568 4998 26 1005 6670 1174 5594 3946 1773 1630 7258 6310 837 3530 960 854 6510 6686 102 6048 2234 332 6973 272 4064 3296 5096 5761 4045 2000 409 7136 1496 6109 6457 565 1508 
3179 7031 1503 4727 4751 5027 7643 1607 1011 6251 2523 3147 3279 1359 6443 615 6087 3569 2873 1049 5369 6843 905 6065 1589 2249 3379 545 5143 6127 7531 3487 5035 5887 6691 2671 1138 2934 2950 7732 1406 237 7560 4653 3974 474 5337 1262 3242 7418 6814 6222 5272 2758 1684 7854 6676 816 7192 3609 7390 732 5770 1962 550 2349 2794 2781 7466 3837 2402 5940 2694 3022 4632 240 2352 490 7666 2433 6274 714 2130 4206 3645 3422 4072 6850 5284 5422 6092 229 7369 6121 1345 5293 649 704 6661 4952 1052 6889 4033 61 4369 1393 
4919 5987 443 5831 4523 7835 3063 7583 2835 2955 395 507 3759 1121 6579 4217 3399 3557 4289 7433 809 2729 3029 6557 257 4771 583 2623 7183 1627 5575 4675 6254 6967 4665 7366 6657 466 6597 7908 6645 6777 3370 6940 705 5518 3014 3994 1992 3750 4602 3534 1404 54 4574 5244 996 5726 297 6062 7536 2722 2205 5942 3396 7482 5650 4056 3066 5026 6672 1314 5104 1252 1044 586 3384 7132 3802 5914 414 4360 2076 1750 2548 916 369 6733 2936 1124 4232 4712 6344 3949 2492 2485 181 3097 2684 1304 1657 2396 7489 
5339 3143 6935 1007 467 1535 4911 6095 2423 4491 7539 7431 1299 5127 2559 2247 2511 7755 6617 6125 2969 4193 341 833 4301 4315 6763 7507 7879 3187 5743 379 1159 6499 1555 3324 7620 5424 4966 3910 1977 4869 7353 4214 4058 1065 7836 7430 4906 2842 1858 5656 2952 2642 4422 5058 4773 6556 3754 5846 1032 7026 6726 3602 346 5706 7638 6730 2688 2338 4134 1862 6494 1306 7197 2265 4293 7494 4554 858 2382 146 3890 2820 717 2416 4028 5708 3777 1141 6224 3440 265 7556 2617 5192 121 6116 4508 4640 7681 5521 44 
5183 5315 3503 5007 743 6695 5735 2315 4379 3315 3747 39 3051 5055 6519 2739 7203 7625 2597 1911 387 3893 7947 4049 77 4637 1855 3655 451 3091 7135 4843 7315 163 897 3847 5810 2208 2870 1510 2226 5469 7122 6700 5122 794 6993 3057 7598 5686 7180 5230 3256 2878 196 6794 5248 7410 5690 4824 741 5356 2169 6537 3834 1944 3436 7888 118 1713 486 2080 3074 3160 3348 4132 226 2126 2160 5865 2728 4236 957 1396 2634 3772 1756 3500 284 7069 5720 7465 5252 3721 680 5888 4249 1189 2060 2377 6500 2408 2821 
6755 3755 7967 3995 7751 5363 1907 7971 923 7263 5247 6107 2319 1863 2655 6555 4599 1637 1013 4181 7421 4577 2705 4757 1277 5767 4687 5443 1807 5851 1267 3283 7771 2071 6170 1132 6256 4644 4317 177 588 3766 5390 7722 7118 2030 873 7770 334 1982 7162 4254 1994 1281 6598 2018 5037 4752 6396 3298 7900 3304 4540 2490 2428 7344 2925 5478 5508 3538 2556 676 1848 1490 7848 2184 5241 4464 1106 5826 2426 2170 3165 7761 6508 6585 4194 476 6080 7316 1208 3469 6217 5024 2204 5156 3817 5353 2845 4928 3829 5041 6200 3536 
275 3563 539 143 311 1751 635 2903 323 7935 5235 1919 893 2007 4709 3843 6723 747 1287 6989 1001 2129 1313 4409 3281 4517 1457 3701 2441 4877 3211 2887 6619 1651 439 55 3031 6523 5622 103 4336 7624 7776 7738 6480 698 4212 294 6612 2606 1212 813 1986 678 1150 304 1294 5376 2056 7308 5494 6184 7168 426 2520 4518 5200 7257 6110 4294 3278 4082 4946 4389 5482 7668 3804 3338 2778 5866 6024 148 5136 7480 578 6784 2980 66 5890 3588 482 6093 2476 70 1893 108 3634 2272 489 7522 3222 6757 6752 4645 6409 368 1789 4513 5384 1237 7928 469 7153 7633 4681 421 6085 4388 3025 6073 2125 7748 6841 3692 
4019 7259 1103 6491 4259 6587 2355 4847 5387 639 4659 5279 5283 3915 7959 5439 3303 2945 363 3065 6809 4661 473 4121 6461 6725 5381 5909 2935 7351 6785 3007 1243 6295 389 4699 6091 1339 6055 7509 6177 2302 5736 886 882 1058 2190 0 3300 4728 3784 7962 2008 5316 1084 3010 430 546 2282 5452 4044 5028 852 3124 340 2478 518 354 5373 4240 4858 3940 7680 1878 6958 2700 4386 1902 1533 912 6666 2800 220 4122 830 2274 5374 7857 3189 3690 472 6622 1929 2796 4782 3850 6436 393 7645 384 4356 2984 2209 4477 3200 7717 5629 4040 2888 4784 716 7189 5264 7988 2144 6152 1153 7220 1364 7057 4969 3356 4892 
7283 7739 7691 5147 455 47 3447 4415 4779 7623 4079 7763 4013 6771 2055 375 6075 5177 4839 4769 1599 3387 4505 2957 3965 2321 2813 137 845 6425 4279 3461 3221 871 7555 7903 6067 1099 3427 7365 1509 5118 2932 1078 2961 4893 7010 3309 3477 5368 266 141 4642 3801 4458 3262 6468 4020 7584 3081 5990 5102 2164 1946 7852 1816 2340 5364 4836 3633 3234 4780 3406 4473 6633 105 244 1282 1666 5378 7713 4042 246 2632 7677 1826 6496 4809 3960 204 2436 3682 2898 2122 6694 6910 7456 2085 3808 7856 2670 457 2300 3481 5197 7537 7033 3289 2852 6296 116 4429 2636 2384 5485 7760 3116 4381 6949 2401 3884 3248 2413 7513 
6551 1415 6167 3479 5699 1539 1343 6011 2211 947 4731 5927 5195 1959 1023 7323 627 563 4913 2501 4061 4071 2045 7685 1517 4925 5753 6979 4601 1553 4963 4855 2035 2131 7927 1591 2815 3727 7737 6168 4498 456 5994 994 6036 6681 6654 2224 7070 5896 4326 4262 1048 2102 4790 2865 7322 7912 6874 1326 4908 7416 7198 2618 3934 2042 5157 1605 2686 3714 7382 5286 910 6438 6669 5210 7762 6962 2790 7614 6270 3528 4298 7485 7102 3168 4725 1498 3232 3336 4174 6117 2052 7149 4125 5710 2124 348 3194 2236 2496 7446 296 5125 4213 5425 589 6176 2624 6140 7393 673 1825 5269 7508 1921 1045 3620 4441 3169 7496 7249 2437 2864 
5627 4067 6803 2915 1355 2411 1871 3599 5507 6171 3803 1731 7839 3627 351 7047 519 6977 5393 3603 7491 5069 2079 4793 5789 3771 6077 2633 4997 3139 271 125 4231 7987 3967 569 991 5107 6919 6583 2949 4886 646 7972 268 18 4222 5398 1026 2010 1725 2534 7378 7034 3945 4462 270 5637 7606 861 5598 1678 4026 2814 1696 3876 530 1898 5224 1092 3576 2577 4778 4106 7778 6844 4074 5904 4178 1658 7576 7392 7020 1198 4377 5740 2566 2277 4526 2784 1456 3590 6574 6964 2409 81 2058 3513 6424 4032 4153 6502 6136 3133 6829 985 5336 7429 224 3680 4981 1069 3901 2288 1981 937 7873 2708 7261 6236 5480 757 97 3277 4856 
1547 1475 6179 6227 7223 6191 6479 419 6543 7287 1935 7499 1311 1203 2861 2771 2991 7719 4359 3209 6353 783 4455 5981 5919 1265 857 2801 7819 1723 2573 3019 295 3521 4867 3547 1231 4039 1495 3679 4497 1785 5121 3376 3734 1149 636 7749 3622 4900 7260 6550 654 3964 4470 7072 3018 5112 254 6702 7042 4812 754 7098 3700 6802 1910 321 1288 3112 5958 7302 3694 2350 2434 2676 318 5512 1492 3506 6201 2836 4722 4302 4176 2418 7386 4854 7516 6374 6690 3108 3616 7792 210 2630 2668 5908 3861 2673 5856 5773 1838 5984 721 3270 529 6769 5804 3613 7849 4016 6764 7609 956 7892 1412 2593 2065 6373 1597 3853 1885 7789 
1727 4223 5291 1427 4631 4247 4647 1295 4883 3483 1467 3983 7779 591 2619 1707 1443 2403 7601 2343 1683 6749 6017 7541 5465 2105 6881 6473 5179 1385 1639 6943 5083 2959 1027 3115 943 5047 1663 4999 4492 5503 3378 2889 4570 6150 538 4938 7894 5124 1726 2678 801 5310 6112 5604 5361 3254 7341 282 4437 1834 4084 3542 1934 2386 5488 582 7866 5474 5716 4168 408 826 4636 5673 2118 258 3388 1749 6902 6429 3624 2342 7660 6712 3390 7833 2404 2742 358 686 3674 1110 4612 261 2830 2517 3532 7586 6302 712 7794 637 3273 5977 4585 1969 1669 4225 2089 7309 4573 860 6632 5089 3800 5012 3404 373 2084 2756 2569 205 4669 3716 
3455 3071 479 2243 6047 171 4355 4443 1775 4427 191 7371 1835 5415 6279 4863 5355 7973 1383 183 3929 5645 1827 245 233 1865 665 6581 775 4915 7603 475 1195 4291 5563 2047 7243 319 3619 5755 5178 1759 7437 7274 6414 4485 5198 4510 6926 700 2860 4245 7464 702 7176 28 4144 537 4546 3580 4046 5085 3516 3122 2602 1752 942 1360 6114 4200 3276 6070 849 2114 98 225 3261 2978 4978 6852 1434 3628 2637 5714 1812 1380 5082 3813 262 5664 2068 2544 765 3084 6820 5194 3540 1754 1477 6326 2238 7621 3752 2989 805 7933 3241 5317 1225 49 3757 1681 5732 4717 1784 1520 2689 6433 913 2341 5576 6548 1028 
5015 863 1811 1499 651 4331 167 4115 4971 95 5679 4887 5979 6159 5835 5333 3255 6783 1853 5703 5141 6051 1085 7529 5717 1841 3593 4219 221 5705 3571 4457 3931 6643 4255 4555 6043 3955 1867 5620 5402 6990 2695 7500 7092 4344 2649 6796 6606 1125 2838 6348 6402 3720 5601 7044 34 1096 6856 2646 3670 3988 6544 7332 276 6714 2304 286 1286 4264 6264 186 5320 1881 7138 3640 7905 3873 3088 6516 6057 1449 3762 2565 3098 6898 6158 4474 7236 3465 3518 5218 6960 3854 6266 156 1418 7512 5416 152 4370 7521 4309 1136 6589 7532 1849 4472 2732 1249 4988 4412 6728 5756 4664 2245 3464 512 1441 7141 3092 1609 2312 4873 
1019 1247 7319 4295 839 4763 5963 6027 695 1083 3191 3471 5091 2139 3 3099 6363 2667 4527 7361 5873 5031 5237 5453 6629 6593 101 1543 6713 7159 1471 4831 6775 4987 1147 2155 3499 1183 3691 2942 170 7814 3150 5169 6772 868 5786 2020 1514 5842 1790 4684 4522 7420 5146 4816 412 1905 4624 4692 1102 1534 2620 3606 6914 5362 1356 5764 2734 4188 780 914 6774 2966 58 2268 3086 6528 7238 760 3478 62 3924 6717 3400 5406 6890 6360 2346 2026 7756 6888 2774 4126 1461 1442 2176 5418 6169 1628 6812 3361 2881 932 1861 4460 4729 6272 4520 4400 2653 4129 4909 6968 6361 5624 1988 3541 3505 5744 6608 4172 
4715 5975 2507 7919 995 7175 2327 5967 1691 3555 791 7239 2151 5307 2967 987 7091 173 1899 219 5537 2427 3653 6401 7037 2153 2763 5477 3953 3451 2693 5215 6223 2875 6235 7039 5251 4543 9 6307 4387 3330 2212 7570 8 7692 1346 2752 4948 396 4330 5458 5152 648 7956 4394 1876 3070 1152 7869 6530 7278 4888 1970 1737 3718 706 2062 4950 4806 4128 3172 274 7618 3357 1866 6621 684 249 6246 1422 5548 7524 3585 2078 4190 1618 3432 5529 3921 4914 5076 4257 6074 1308 1320 2054 2373 7146 3582 3922 3774 2664 4561 4957 3373 2869 968 37 3968 5461 6164 4945 493 7165 4112 2197 1952 3332 481 1484 3548 248 7352 7232 5497 
6839 1091 5999 3659 5063 3083 59 5891 7563 2255 5559 6399 5151 7335 5991 3543 135 6951 2307 2091 147 3365 5321 5309 1205 5933 1325 4133 7279 7975 6835 4903 535 2839 4447 343 6571 2143 1255 4303 4794 1782 234 3374 5164 5308 3288 6146 3568 2625 1194 4598 874 750 5382 6453 1080 525 4608 7294 4182 1164 1588 417 5850 4536 7882 1296 6462 3722 5694 6076 921 1990 2172 2133 4848 1622 4972 6038 2818 1094 4306 790 2574 3126 166 2310 6816 165 5702 2568 3970 4876 1554 4881 4198 2421 4878 2510 236 6825 3733 7628 1976 7916 4604 5341 1340 4556 5953 2533 4201 1940 5636 3229 4568 5132 2149 6001 3805 7616 800 
2867 2219 7943 5219 5747 5423 3635 2531 3203 2639 5579 2399 771 5511 4155 5943 963 2607 243 827 2291 3963 1179 531 7767 6567 4683 6879 7215 2847 3879 6423 5897 99 5631 4635 279 761 4901 567 4817 3125 3629 2261 1779 6161 2117 2921 2863 7015 317 7783 4471 4483 6509 1975 6031 4267 6199 6811 7327 7195 5239 4783 2407 2851 7255 6252 5181 726 6646 7298 2296 2586 5766 1041 2988 576 5889 1344 7186 4029 4468 7953 7800 40 6078 1298 6165 3364 5349 3170 4276 3657 6894 2313 5517 7982 6196 6162 5961 322 7898 2286 2962 6190 3354 5160 5800 1162 918 1732 7324 436 12 7 4420 6862 4581 818 5226 1324 1284 6202 6357 4204 3830 1182 1432 3681 7406 5100 1896 2134 2964 6554 10 2530 154 434 2626 1290 1170 6369 3526 4104 7594 6970 6118 3852 300 3626 693 1665 4006 5880 1612 1809 2918 158 7797 5502 3856 3030 4674 6688 5042 3445 3225 3198 1932 2500 5500 4968 981 360 5050 978 7798 5312 5557 6884 3417 3188 752 2216 3608 4292 661 3145 836 464 1640 5605 6805 6740 5029 3572 1232 1352 5149 4057 5653 2252 6620 7081 596 5245 812 5372 6853 4868 1388 7304 3589 5540 5569 5209 301 1897 3397 5713 3740 200 625 3337 692 1868 2665 
5171 3011 6983 3971 2471 5327 3243 7403 4707 6911 707 7415 6119 6987 3579 4535 4767 5295 5663 2715 2871 5139 2447 447 3987 4263 1515 3515 1505 2631 3819 773 5081 4469 4001 7007 7289 7937 3581 6797 2837 3905 2645 2009 461 6185 305 1337 895 6389 5261 701 4711 7061 4591 7493 2503 2467 3533 7075 3991 1711 3151 3667 2971 4519 1927 3163 7949 4010 1843 1485 7653 174 6478 1504 6748 1722 5448 5762 2644 5982 5956 4266 7670 2554 202 6978 7370 1701 7617 2682 1260 6614 4622 3820 470 5016 856 4826 1017 3352 6542 5962 5110 5158 2148 6088 5454 3442 5697 5404 4506 1090 7528 1646 1401 2598 3950 574 6858 2002 5292 5278 1690 7384 2846 3021 6314 6000 7174 6286 3562 6021 6180 5280 4572 2793 1656 4524 3612 3578 4442 5805 2798 2985 1440 6948 6321 5578 6242 3912 3441 2706 82 626 758 850 1610 7056 6142 4672 5001 4786 4924 6514 1312 1180 5750 5798 928 5718 2766 3180 2822 2445 7802 386 160 933 6428 7002 3693 3205 1772 1740 3778 7729 3944 2221 6008 656 1472 6649 7549 7741 7117 4405 2353 2389 3056 1 3253 4705 5137 5792 7765 7184 1633 1729 2365 3764 5845 1856 277 5696 7280 6613 7333 6800 1244 7237 6313 3109 3637 3697 85 1712 3236 6776 4628 644 3308 
659 3023 4595 5687 7247 5255 5939 2135 1319 2579 2063 3431 1595 2675 4959 723 131 7983 2595 855 6591 4811 1323 3267 1455 2387 435 1659 5165 6447 6711 4131 831 5969 6173 4781 6605 4671 3675 7241 6773 3713 1421 6137 869 975 2165 5057 4349 3617 3331 2669 6365 967 5587 5395 3739 2023 2563 6403 7843 5323 5803 4207 3895 6871 1315 3835 3439 2635 7742 4341 465 6174 5430 1797 7032 6454 4605 7764 3240 2094 273 4140 5644 4310 6790 5724 1238 1140 6338 3928 1602 3502 580 3642 3573 4582 2258 5514 5680 3230 7782 3966 5056 5166 3012 4354 2652 3748 6312 5506 1158 762 3076 7046 504 2558 738 2493 2206 2308 808 7958 7270 1072 5410 4068 4296 3866 302 3926 5184 3712 832 4626 6918 4689 7074 4060 2116 285 2344 5250 1305 7588 6300 2726 7476 5692 6006 7497 4041 1378 1761 2044 624 5950 1626 1918 1342 1488 5577 4548 6492 5524 2366 3285 6210 4366 4444 6456 3090 2760 72 206 3424 5188 6576 86 1558 4358 4077 5526 5072 4489 6580 5262 1185 7501 3956 7004 5989 4124 1616 7868 865 488 1676 2276 5533 3428 2953 5996 3128 5420 7957 4052 4501 1844 1693 6716 4184 2017 3848 5528 5444 5084 3020 6512 3433 2725 428 1453 313 7585 5821 584 7945 2108 4117 5612 6836 440 73 
3251 5615 239 5951 1211 4739 7907 5771 7163 4931 1763 4043 6899 4311 287 5003 6831 3227 2259 4983 3903 3731 5775 7883 5039 7419 2703 5367 1371 2883 7407 4649 653 1949 795 7109 6029 1469 4985 725 5021 1097 2525 5105 5741 6435 3917 3833 2947 2993 6317 6281 1123 4361 7303 3067 5539 1063 3055 463 5515 3259 3751 5669 7915 5719 631 3103 835 3343 2827 3391 4098 3214 3250 4936 2458 2097 3489 1464 4730 3597 5793 5746 2290 3561 2469 5938 7934 2004 7156 5334 4768 6192 1578 6678 652 4425 4953 6854 5068 7212 4898 3246 7750 3948 5954 5066 4974 2901 5742 4798 6249 4749 4521 6225 948 2994 7050 2316 6004 6016 6660 2188 2016 201 432 1686 4894 4142 2714 3129 3904 218 3046 3114 484 1154 5760 2640 2128 2550 6718 6064 6538 7874 2280 3874 1104 5484 940 3525 6322 6328 7065 1462 1382 4852 1900 1629 7710 3794 2572 6966 3093 2805 5190 362 6460 3870 3342 1450 4530 4550 2046 3514 7252 5236 2769 6204 1912 1742 1846 1430 958 84 4378 536 3325 5617 7790 7442 7148 3068 7009 5108 6145 3860 7196 4832 1064 1556 7297 6248 5972 4897 2180 1465 6356 4544 4100 3781 2281 2528 2809 2048 908 2473 380 4765 577 7213 3457 2905 4609 7753 5180 1892 2425 4196 4220 980 5905 1765 2269 4616 3217 3452 
3335 899 4895 4991 4691 5159 887 4271 3275 6791 6215 267 6083 6747 7595 5643 3207 3663 7023 4791 5621 6059 7455 2751 807 2451 6627 3527 3891 3351 2115 3411 5379 3459 5847 1275 2033 4431 2475 4961 915 687 1733 4721 7901 6701 7229 1961 4253 7469 7145 6497 4325 3845 4027 1493 7589 3247 6991 6355 6115 4063 2359 4147 5227 3715 1939 3307 7483 4123 7711 6907 4531 1569 1615 5114 2908 4594 1214 7336 1070 6756 681 1566 4246 6981 6609 4818 590 5824 2038 2512 4654 4398 2596 4380 3120 381 2954 2146 5596 7222 1672 7936 6570 4846 378 5366 4066 4322 4744 6160 5730 4668 4552 1226 6892 7286 2896 508 585 552 7094 1965 5061 804 50 1454 5392 4840 2848 4248 3894 1293 5253 1416 3544 5088 5354 2314 2810 4534 3024 2702 5830 190 3796 4030 6276 4614 7282 828 3405 6318 7458 6240 840 1366 3238 1802 4426 4197 2526 6578 6316 2718 4677 4630 842 2704 5256 1446 1770 5748 388 5712 6010 6504 6309 3216 3430 5260 1392 6002 2449 5757 3344 7357 7676 4872 3212 7436 769 1820 3476 5869 2720 5228 7472 613 1213 4345 3872 3080 2737 7460 7273 7837 4885 3932 4304 2168 1604 5816 5120 5221 4700 212 5324 4453 2660 1621 6229 2672 109 7952 1933 5941 3937 6685 1448 2977 1160 3181 6020 188 
1511 1571 5843 6131 7439 7019 7127 6887 1643 1715 3287 1271 3791 3683 7211 4479 4587 2987 6071 4851 3171 3135 6231 3735 3615 2495 4395 4947 6327 3377 4047 5259 1577 3087 7667 6003 5213 3687 5499 87 3665 5561 7553 5187 7025 3437 1529 1145 2201 3353 6869 5849 161 7769 1613 4037 1889 1697 1411 7291 43 5287 3559 3871 3271 3319 2527 4195 1531 7639 7267 151 642 2654 3454 7886 4962 5985 6342 5206 7564 5566 7068 5154 1581 621 1200 4226 7158 6861 352 1680 4814 3666 7128 7876 3016 3082 6674 3549 4954 1521 7314 7120 7914 3394 1206 672 1022 6818 2808 3717 4758 2613 4774 5538 1086 7554 1050 1257 3106 3669 5848 6558 7086 7038 7678 189 280 7194 7342 4173 3048 2914 6568 7214 208 7593 3358 2522 2601 2266 2546 93 2112 2553 4034 3728 1689 1428 7454 6921 3996 7320 1458 4002 3100 2152 2570 4372 566 2594 2064 1197 2824 5018 5553 3264 782 3340 7389 7005 5217 6693 3696 7810 4078 2674 5913 5242 2232 688 966 7144 5000 4170 5214 3286 2504 1402 6745 480 3840 6637 2941 3908 901 6097 7597 5005 13 7424 133 7285 2185 6644 5288 6937 3284 3385 4537 4081 896 6560 1652 6488 4177 1664 2024 4597 4760 433 7321 1357 1297 2240 4525 2876 4724 6061 7688 2521 5281 157 5545 2360 7832 2456 6044 
2939 1955 3587 6611 2003 3743 6147 7139 6959 3707 6023 3035 4175 4583 683 6255 2519 2099 7815 7143 5115 1787 4095 3123 6503 4179 611 3951 7911 1541 1133 1755 7451 1721 4755 159 1409 581 951 5609 41 7457 1805 3531 2775 5417 7313 1361 4865 6665 7385 4891 1661 1901 1579 19 7735 5011 7445 4243 1745 6343 427 1951 5359 3235 3907 7459 3583 1423 4927 7816 2874 3210 7108 5388 4216 5602 2322 14 3000 1702 1720 6600 4558 3462 2498 2100 7720 4110 7101 682 7276 3742 5306 3154 7526 7550 3610 5608 1118 922 3196 2802 1098 5298 5274 6938 2812 7170 1608 4180 5440 4980 1956 6470 3078 7245 2298 6026 3558 2486 4514 2306 5340 38 1444 7402 4842 2862 3042 4286 3906 7878 6358 7906 786 3398 936 1798 2121 2488 1718 2514 3706 2578 6573 1906 1920 1389 5352 6532 7216 5802 7486 3888 2709 1329 442 96 4418 3705 2524 1606 7062 6132 4690 4600 252 1494 5820 6900 7246 6304 7137 5044 1452 2422 6840 7206 3814 5505 214 2406 4070 5709 4533 3182 1437 710 5670 1880 1537 7450 972 5046 4268 7100 6481 5113 5504 2461 6980 1904 1009 7652 1220 4328 6673 6332 3152 1016 1076 4741 176 7592 553 2744 6572 2432 7640 1645 337 5396 104 5588 2972 7484 6440 4340 5017 2917 3032 1105 5828 2761 56 6901 5660 3140 1549 4880 
6155 4031 6599 2039 3575 7043 2859 2651 6623 4571 6767 1667 7275 7811 3767 5483 3867 6875 4059 155 6743 6851 6123 1043 5691 3779 3329 7799 6387 6483 2535 6891 1565 2279 3195 7515 7733 4481 2465 3017 6545 7073 5597 1395 2379 7265 7913 2717 5623 3173 4 6041 603 6151 7121 6449 5407 655 2587 6953 6607 4651 5647 4003 2599 5731 4819 307 907 1363 247 7435 1039 4435 7224 7629 6594 3448 1399 2940 7845 2394 138 6294 4737 2337 3501 1042 6386 5980 2028 3574 2222 3237 4704 2560 3566 2770 4502 6384 7024 2990 5944 4984 6724 1466 946 3228 7766 1230 666 477 292 2289 2884 5457 5974 7125 4702 4392 1954 998 2968 1334 516 122 6562 4682 1833 496 184 264 1524 1020 1190 3638 3184 4048 3268 4224 7590 7478 846 6442 5572 2505 5570 3914 3826 441 6582 7058 3034 969 7462 6330 6789 4912 2920 130 4857 4678 2378 7708 5662 2506 1888 1322 2892 60 5040 366 6954 1384 6054 5290 422 390 3420 7248 4000 628 6324 1186 2241 2764 6081 1746 926 690 5666 1460 4657 5581 2070 4088 7225 1561 5276 6037 4333 7904 4861 7573 397 1261 6212 6025 2948 2833 7448 1081 320 193 4105 5677 6992 1796 7093 7076 961 7820 2132 6908 2012 7364 6404 6277 1808 2804 5300 1381 2480 740 1909 6944 3560 5672 2173 764 5749 
779 4319 5087 3851 2339 4011 1619 599 1883 5135 5067 4127 2483 851 2195 4643 3015 7035 7251 471 6419 7695 3231 4619 7479 1823 4239 1791 3449 2235 1695 1169 5883 4025 4371 4205 2585 2609 7587 3317 3485 1349 7673 4085 4015 195 3149 7481 53 4625 6305 3941 5885 3425 3341 7577 2393 3043 3367 5695 1171 5683 727 5131 4073 7807 763 367 523 931 5383 1486 7207 3799 4018 6106 847 3972 562 5592 3472 5332 5138 3201 6624 2877 5212 3366 2494 4210 528 4274 1077 7281 7269 1258 1166 5078 6405 7533 598 468 7422 862 5738 3064 7432 5966 7780 198 3009 3554 1530 1372 5148 4833 7394 1950 1006 1710 1368 124 7672 3898 4434 1857 5313 7610 5092 5472 1248 6086 2970 6406 3790 7326 5193 6066 7744 5397 5282 2368 2254 5476 2502 609 5150 120 1890 1953 6381 838 2772 5229 6534 7534 2786 3828 314 3162 2182 4390 4166 3678 2440 6916 1192 2922 213 5289 6466 1242 6134 6441 1317 7658 5668 3510 2138 6426 3190 2782 7714 6213 3846 3862 3537 952 6333 889 1129 5173 7969 88 3686 7772 2929 1557 7088 877 4352 5329 6601 1021 7777 7345 2317 6668 4789 6416 3512 3416 7825 7880 7580 4273 1532 2324 1736 668 3632 4904 6872 5036 2257 3349 2924 2612 7052 6956 2053 2113 3793 3961 3913 5185 6656 1184 6128 4376 1112 
5411 6035 7895 3239 5819 3923 6779 7679 3623 5459 6635 803 5331 1575 4467 119 35 3095 1559 2699 1227 6639 2795 207 3495 5715 5495 5799 7611 2933 6149 1611 6531 5343 3027 6827 5571 1551 675 483 4973 6761 6221 711 989 3869 3113 7925 6485 4745 6569 7637 175 113 6737 2069 617 643 7567 2369 2381 1003 3509 211 3079 7661 4795 7543 2311 6895 7687 3631 5935 2707 777 7977 4156 132 5419 1512 4956 4342 1476 4834 1002 7396 2294 7602 6610 1300 238 6022 6974 1204 6444 2608 1370 5806 6042 597 5536 3650 3648 6922 1068 880 7434 57 7752 4850 7641 5937 5769 6350 2446 4024 3102 4896 4365 6237 1029 7142 2904 2658 6706 742 4680 2145 7682 180 250 1161 5409 6546 5698 2650 5973 7864 110 5882 6082 7826 6090 1924 2721 7080 7126 3942 7944 5270 338 1338 4305 7089 3456 6141 7380 7060 3918 4970 3708 2157 2066 4368 556 844 1600 7066 1054 3026 4606 69 5496 306 5266 6904 5186 4440 5234 2916 6250 3192 633 3166 3220 924 7684 4192 2829 5265 5752 6253 364 1400 4118 4362 1836 6584 2912 3842 2293 3788 7724 4933 32 1033 697 1273 3392 3644 5065 5204 3121 3013 4825 5401 3877 4237 1916 2072 6920 1760 817 349 2137 541 4436 2557 3601 1436 6565 1489 5468 2780 6709 7381 5857 6464 1964 7705 4652 7441 2444 
4487 5651 5303 4283 3323 4499 3551 5099 1187 875 2583 5607 1071 3719 7359 6807 3299 7887 3695 3407 2183 491 6939 1163 1143 3167 3831 6675 4191 5009 6471 411 2357 3245 1587 5199 4589 4313 2213 3005 1937 5513 543 3473 7253 3749 1373 1877 7709 5957 7791 2175 5335 797 2237 1507 3605 1075 5167 2755 7339 6269 5189 785 3643 4171 7699 6727 4183 4975 5059 7219 6079 5023 6463 5590 4482 3811 4986 990 6801 4281 810 962 720 1968 4022 3758 2592 7917 7966 3177 506 4734 6417 5434 7860 4828 1332 6738 5934 2332 3900 5346 2385 7329 5733 6345 5222 3954 3993 3936 4620 6046 7185 6122 7130 5438 1168 756 1734 7312 420 2410 6806 2424 5510 5052 630 5268 7209 1245 4053 4258 3892 5722 4230 194 658 6084 328 4113 1882 2730 4578 2481 3636 2150 3998 114 7338 6430 7204 7262 822 6873 5550 6306 3938 4054 3414 4802 418 4120 5858 5906 1596 2270 1053 6372 4977 5277 4929 4618 3117 934 117 5758 3684 6052 766 708 6969 3274 5544 2518 2374 7514 3158 3806 1941 2278 7813 7449 5809 3522 90 4093 6985 5258 1777 872 445 1501 7885 325 7604 7328 2641 3649 3001 5168 3313 6380 344 4844 824 4208 1525 6925 4148 68 1724 4748 4820 2305 4424 1004 1280 1285 548 1417 2156 2773 5797 5665 4772 6452 6961 4316 1309 973 5876 
5519 2363 2615 3875 6647 383 5163 431 2015 4403 7619 5723 6371 6455 71 227 4367 1487 335 3927 5403 2807 1971 1895 5319 719 2043 6659 1047 2103 7311 7395 4515 1491 6303 1743 1767 843 1073 4035 6929 4445 2367 5297 4157 5153 4385 5249 2549 6641 1229 3545 1109 6245 2141 1253 6329 6689 6259 4099 953 5827 7757 7399 5899 5155 7855 7831 1795 67 5479 7867 4579 6247 1560 3919 1478 1480 4490 1222 772 1771 1545 4428 1996 7348 864 6412 4866 1634 3372 6525 1082 2186 4588 1776 4910 1330 5841 3729 7041 5322 1730 2956 3660 6933 526 4764 1056 3094 7786 22 7785 3885 94 2032 2334 6232 1804 4713 4396 1176 1593 1948 3868 3822 7665 7054 2256 2364 494 7902 7804 4710 5380 2806 3038 3902 3864 4800 4720 4036 544 4917 6208 1800 5640 2541 6376 602 144 222 1224 4596 2973 2926 4576 4138 5246 5574 2776 1598 3130 954 2178 2482 5854 5946 7090 6996 1336 2733 5049 4930 3832 5522 3458 3410 7704 5754 6780 6842 2986 78 5254 1318 1894 5926 784 2982 6009 2826 1100 6182 3688 5948 7292 1768 1114 2581 2960 4009 2420 7544 5840 2749 1376 1057 745 1316 5684 3985 5432 4976 3301 6157 4693 4837 5912 7669 6865 2101 2336 5780 3925 5377 6860 5048 4417 6181 2893 6260 3625 2797 1321 217 2468 1040 1328 5233 1429 5648 3157 1741 6577 