72
8639 3359 12515 11903 7787 15107 16919 12383 13559 13235 8675 11207 4335 10523 11855 9479 759 14175 2283 17883 16527 12519 17559 15711 7703 12891 4863 7791 12699 15149 3699 8309 13001 4925 14909 12185 953 617 10937 6197 2479 7769 12979 10795 5791 17011 12775 16903 15391 9405 1653 4399 9270 3703 11037 166 11860 8395 4531 15583 5114 11530 762 5914 9453 13722 1396 16303 14978 7848 12955 9094 4022 1020 11582 4274 14622 2472 1374 17898 10534 15672 12513 5440 15060 86 5793 14076 11568 13696 17424 11926 2224 8290 15540 6264 10384 16888 16956 6681 4438 16110 15082 7706 9562 5776 7262 11658 7680 12684 10137 7686 16068 2754 1594 1178 17846 4729 13320 13514 12265 16376 17449 6536 11005 7501 6373 
13103 14543 14783 4835 15407 15011 14363 13391 17519 14087 15071 12563 8159 11483 6239 9155 4475 6147 16851 3867 6495 12447 1767 75 13779 4611 1239 16839 4733 6831 8489 9665 1289 1997 16841 6893 7997 8059 12533 4085 14873 10711 12617 3067 5095 15163 11023 12019 1375 4651 8623 7699 3559 643 17719 7608 17575 16978 16689 9598 15470 7548 8674 1938 9578 1867 9300 14697 4922 4252 6314 17114 3264 7482 4924 11577 9078 5118 14916 2718 16934 11830 1078 3578 16060 16046 17824 15458 7965 2890 6226 16480 2338 1521 5536 13000 17050 4722 13558 3606 16233 2508 3880 17301 4120 16298 9228 3453 13440 11308 1186 16748 14720 16300 3788 14480 17636 8060 17854 4674 13268 9980 6248 7664 10388 
8303 6215 7823 12935 13211 12995 4847 3335 7331 12551 14147 1379 3779 1595 1275 1787 7947 2883 17259 17463 9363 2799 9375 14609 2235 9999 3845 14093 2801 17117 5717 14657 9377 12941 15701 15365 8311 11309 3511 3367 703 6691 12535 6655 3547 9739 16159 2563 11779 226 4258 14008 11038 6595 6885 2889 7178 216 14440 1758 828 6276 16118 13528 12232 12814 7080 3922 14830 12970 3273 13312 1564 9442 14698 15736 16680 5570 16974 12094 17930 15526 3326 2674 17002 7954 11520 374 504 2673 3402 652 11130 12564 10210 4322 5722 5508 6976 3118 5942 9030 13776 10266 17572 13608 1926 12760 8620 4678 11150 13120 14881 5602 6732 12608 4353 11761 15368 1616 14792 752 4256 14269 
215 7979 11363 9131 13415 8867 10643 5111 14615 1811 1271 1899 279 13583 315 13755 9107 3527 8151 17091 1815 1179 11321 13073 12291 5213 7995 15579 8897 77 15185 17021 1073 6857 8021 6437 7565 10519 9619 5071 9487 3955 10375 14599 5863 8767 9006 15811 15220 11311 6746 1644 434 9810 6919 4953 1953 16310 931 12237 6102 9753 14218 4380 9808 5109 13714 4221 1882 8769 11930 141 1478 3789 13374 11082 10302 8596 432 7185 16528 6326 6806 10850 5961 525 10723 15088 12648 7716 10680 15484 14934 5898 8898 9480 8070 12146 14656 10702 13392 3964 13042 5709 9312 16670 9018 11444 396 870 4165 13628 5454 11864 9032 4081 9349 13516 4664 9313 3493 
10655 14963 12395 1571 16091 15035 13247 2591 1355 8315 11247 195 14747 12663 5679 17895 4323 1971 14055 15515 17271 3255 3243 5105 15221 7635 16985 8609 3917 8513 6185 13769 7349 5009 17105 7555 2309 6763 7111 15307 6859 14311 16039 1339 12679 12228 6886 5635 13806 4845 756 6882 2134 7082 14834 442 10920 4066 4351 4254 14318 4950 15026 8298 11590 13113 17262 17474 17842 16564 3918 14322 15729 17044 10353 2366 2654 12986 16062 17184 7882 8978 3430 14889 6354 11856 5954 11572 16962 12754 9822 10000 3774 5913 16994 10065 4176 15300 17136 13852 15057 5968 3940 642 10860 6914 1130 12529 5382 5012 10616 4364 16357 6577 16729 913 10256 4100 
11447 9983 7247 8279 11087 335 2499 6747 9263 16691 8039 11951 2511 17607 6191 4931 10275 6171 17667 12435 13049 4311 9713 8475 3737 16001 1229 12377 15557 5033 9701 1673 17935 10673 16673 16387 9451 8371 11995 13843 14323 11131 499 16675 3187 4903 11562 847 11368 15410 15033 871 15732 5421 722 14914 17112 15874 7533 7552 15974 14836 17769 13447 6350 1126 6657 1770 3748 13713 7782 16742 1578 3666 2385 10440 4108 8052 15286 2056 3208 2702 5886 13725 17622 16966 586 14290 12165 814 13056 4216 4694 11510 14376 16006 5424 11596 17085 486 5085 5662 4654 970 2560 9954 2764 12445 3229 11313 15897 7137 10916 16484 805 6829 15788 2612 13484 
7607 2507 203 179 4571 5651 15023 16271 14327 16067 8171 13139 17603 6159 16323 7419 831 3567 11715 735 9099 4035 1287 651 6221 16637 15113 15077 16577 5957 11645 13601 893 3691 16687 11587 12103 13651 5131 15295 17275 17107 4999 8143 15703 2107 2695 5275 7279 11928 2767 6643 7534 16942 2431 2347 760 6105 14694 10848 4062 17326 9986 14568 9186 12014 17334 9502 9570 17906 12729 13534 17217 9804 1560 15110 3338 8598 2658 17394 90 11086 1944 8188 2916 3288 17388 14200 5194 6994 11181 7646 4320 15562 15962 2755 6856 6508 10317 1746 8426 2774 5242 3262 16862 10598 3316 7324 10720 7282 1869 16508 17041 12872 17696 9860 17881 6397 6229 3625 16273 
227 5339 2147 2387 10535 2639 14075 16751 5747 4439 3923 5643 5723 16283 5711 10875 6963 5475 14271 17579 11019 6483 17427 5513 2129 389 10599 15507 15173 12005 10793 665 4781 8753 17177 2575 4483 10219 7277 799 14167 14683 9043 3295 2191 12595 7207 2839 11558 8666 1574 5358 15868 12086 2155 4272 13706 10874 8721 10881 5527 7610 9897 6304 14958 8313 7476 2952 15957 14130 12096 7416 17188 9076 11202 15466 13946 9302 14904 15238 13716 13134 7374 14736 15426 8662 4696 11734 15780 2018 17730 7942 14186 15354 16920 10276 15592 17886 3350 2145 13826 4960 16586 5601 1014 7502 6378 7272 966 14840 3265 14862 15442 14950 14245 10052 5458 2545 4328 9781 4393 15889 
11459 8951 8663 6551 6131 8259 5219 219 15119 17567 8015 8739 12191 6515 6695 3503 10607 10143 10983 8435 639 8249 531 12749 2607 8427 2273 13877 5847 16337 6521 2189 4649 6079 9883 115 6847 3751 9763 4003 17179 5695 12230 5306 7771 3499 4954 15818 6096 3043 8846 13502 10569 8638 17802 17258 1696 14308 12084 8628 441 2128 14286 9522 16798 13094 11556 2124 4384 13158 13236 10836 8340 14224 7485 3436 5416 14238 688 1822 726 94 9122 5301 11841 477 12990 16461 2712 16566 7778 7944 3258 8422 3348 12578 13262 1533 6372 850 8010 6254 8288 2426 1477 3896 14492 3452 16393 7532 6392 11096 12644 12781 
11399 8111 10211 1943 995 3863 3759 6035 14771 11891 16619 1643 6743 8091 11799 4743 1635 14439 1707 8607 17045 7409 14573 9135 6927 2187 413 821 13817 7109 17765 5705 6653 10495 7183 9799 11083 13735 1783 15967 4687 9943 16291 1648 6931 9264 15381 9415 2166 2500 4382 17472 15738 5971 8853 16065 10566 8194 9525 4030 11974 9000 5332 14542 4926 1768 838 12561 13464 9084 6360 8850 5334 16378 10456 12448 2824 7946 2452 12744 7098 9770 14358 7754 2400 564 5244 1214 11106 8374 686 2706 13970 15201 514 8470 11760 14802 8066 16306 7674 14556 4142 10940 15512 17925 6961 15894 7566 11084 9944 6788 14653 5857 10537 17845 
8555 4511 7871 1439 1799 12947 10995 2979 10631 16535 3591 2003 13331 9807 4299 8247 4011 6735 17213 3195 12483 2427 4061 14105 1145 5909 3521 1853 17899 8909 10865 7255 14911 5849 17573 9007 3583 1819 5239 6247 1471 4459 10867 12234 160 10284 11232 13886 12115 15538 8935 998 5100 2826 1036 7420 11230 9984 3921 2988 2978 7401 16663 15412 15288 3742 5716 9597 11782 3621 4470 3916 11834 6814 7336 11229 8104 15966 10857 6972 2808 10174 2334 17122 6285 5805 4468 2026 7149 7822 1730 10036 3297 6466 17080 10806 11376 15106 12897 1414 6705 15016 6517 4154 7484 3925 15860 973 9877 15068 6368 15829 3644 6913 
7043 3767 13871 7595 13799 5303 2039 8255 15311 8211 2363 13427 15411 3027 3099 8595 7803 14415 9483 7731 4815 17199 3519 14907 8703 14417 11105 10265 2585 797 11141 7289 11381 7205 10109 4075 43 943 5251 14443 8983 15691 895 1627 12367 2311 12456 8227 7182 10562 9184 12021 9870 11932 15825 14913 11865 13104 15034 11155 14128 12192 12810 2700 10996 4432 1766 10972 6849 11570 14925 16066 6880 3093 1941 14710 15946 5565 16749 10646 8186 14974 2080 3768 14505 40 11337 7752 9778 12566 2178 17512 1248 13960 6324 12585 1386 11362 13986 3832 10734 6237 3012 634 9957 2752 12541 3492 5950 2556 11545 13672 5269 16033 16276 2845 14893 13933 4016 7172 
14135 4139 14759 7667 16799 14591 1523 10175 1931 11123 3959 923 9935 2111 14867 16463 16907 2175 5139 1383 16683 6075 1467 4959 3231 13311 8895 4013 12579 12641 11489 14057 6269 16913 6029 1049 533 5753 15833 6401 12701 7625 11479 9499 14971 7615 4987 16063 6307 4123 6979 12460 6379 12691 2506 13890 1034 5104 12357 7408 5128 9406 17934 8718 10092 13726 7614 7402 14716 10876 11964 7786 11524 7758 17914 15166 1072 1516 16317 2908 5400 3744 11076 17030 6792 5110 16138 5412 13552 11398 3004 3076 290 4072 5037 13058 9564 516 6321 2928 14478 11862 13666 5074 5798 10810 11440 15014 5446 13982 15597 1788 8762 14488 8214 15916 17554 4454 3282 12034 17452 10936 15006 6868 1584 11122 4808 15438 15956 3205 241 409 7304 14264 14900 1237 344 7069 13544 10885 11576 368 16628 11905 8420 
17591 4955 7991 12743 3059 2903 12215 3815 15443 11351 9875 17195 1067 14619 9491 3827 13199 4907 15591 2727 3435 16767 15771 1875 16169 17957 6759 6891 8153 14307 15329 11261 11717 9113 15797 4985 17477 8477 12581 13013 11455 1147 13879 10315 7867 1519 9871 6487 13183 13015 15883 12871 4300 5851 10245 10286 12787 3753 17961 16144 3406 9268 9730 8724 9492 13161 14580 7366 8980 2032 1270 7478 14982 17358 186 12010 2961 17628 5820 13166 2382 15285 14208 996 11109 14794 88 11724 3420 13002 6909 496 12940 5016 4857 10344 16458 8124 8814 17109 3294 9220 12856 8682 11710 2205 5082 6258 6552 8438 9934 6456 10054 1989 11484 10077 16576 15669 5682 3573 5872 2208 5320 2430 12349 2308 17029 13208 15608 8641 2329 11833 13472 1196 9728 17413 4124 10417 1405 15356 7441 8617 11113 
3479 11039 12167 10067 11987 3095 5843 16763 7907 8207 7239 8195 635 4967 1823 519 17859 12495 7923 1679 15303 10115 16059 15447 2535 10311 4253 6507 3555 17681 7287 4097 8717 17693 6293 1001 14717 10253 14861 7913 10975 13831 6547 7051 16783 15031 1267 5539 14203 8011 13423 4675 5310 158 5988 6898 16279 5304 13500 13046 1608 8544 11968 2258 14006 13318 10852 13720 11388 2481 17260 5784 8038 1958 17212 11884 8658 16626 11220 5152 14918 6530 16485 12204 6609 1358 8498 17944 14529 4166 9693 14745 10774 6981 974 792 15852 698 17796 8178 14416 8944 3734 14181 10794 7298 2880 7218 1740 17138 14594 2086 17788 6532 2356 2286 1538 594 7038 17690 3182 16186 10605 2589 15842 3890 12705 14392 2757 9289 3044 61 445 6740 9824 9344 1681 14888 17377 13489 661 4765 14065 7412 9488 15577 
15863 16487 16259 275 7067 131 14507 11963 6539 5687 9419 14651 6179 15003 851 2439 11027 2699 2223 13479 14295 2055 16551 10013 3303 11609 3101 13599 3939 3113 7107 9257 8885 3377 10337 17633 14261 13121 7505 3293 3223 14707 5911 9775 11347 16747 4579 4159 5371 7567 4183 13615 6511 15226 15726 16382 10294 10978 4281 9526 11241 17836 14976 5314 16252 13732 11034 7362 15298 10300 9518 16377 4329 10010 17973 6892 6658 10900 16965 11526 6840 12718 2714 14148 15542 5122 6306 10336 11692 6078 6690 9568 2054 14226 3772 17514 8532 3324 3370 328 17006 14097 324 13872 14090 3160 15794 15321 3234 9702 7002 4245 16924 6978 13740 17386 13977 2608 532 654 5781 6825 12694 4005 13612 7477 950 8397 7184 908 8905 3325 7220 11689 13352 5041 7717 17869 17293 769 17125 14780 16537 13321 4712 
2255 7187 17555 1487 8135 4739 7619 431 11171 12203 15431 5099 9707 11795 8859 6999 13335 1887 339 14151 13373 8883 2655 11499 11943 10827 2249 8921 1779 9197 15677 4217 6077 17453 10421 14645 16073 14321 11527 15509 8563 7889 3931 12499 15871 4267 7543 6091 7591 4495 6871 4039 5779 7358 4298 4944 16884 15742 15242 3340 4284 17954 1226 9892 12018 3754 1773 13642 16245 2052 17186 6100 9720 4269 96 13050 16930 11846 5121 3622 93 1278 4702 13303 8685 2793 17190 7989 15796 9472 13378 17614 2902 12930 14824 5210 2277 9993 7730 16389 11258 13478 6225 9794 266 6410 12472 9609 16578 7666 430 5772 12468 14506 16634 14712 7806 621 7428 7593 12484 13426 2068 17248 10786 14146 6908 14946 2750 16489 14569 1357 1045 6728 13621 9469 1201 8348 1952 3301 14629 17749 1580 7376 8660 3200 
11231 9587 14531 11255 12131 11579 1967 4583 6959 6563 5399 1535 2135 6479 1791 7211 9963 2391 17235 13743 9495 3015 2127 7311 411 3147 15831 1671 4937 13241 10901 3929 15807 7733 15821 3065 1241 7541 14309 4063 7697 16351 12127 10303 8933 15653 9211 17191 1027 8839 2160 17407 17875 7365 9516 1038 14458 1260 14906 1896 13802 14454 15522 10396 12942 11124 17121 15820 12852 16800 6112 2274 7876 14826 11988 2664 10296 11318 3426 17786 4986 8656 7024 11402 658 6110 1490 16968 8746 15070 16314 273 1420 6902 15250 10706 5685 14481 5217 8760 11925 8536 8058 16752 1802 11134 16456 8910 5502 5745 8541 17818 12062 2364 7116 15330 11073 5470 17292 15153 7828 5241 7270 16594 11158 4381 933 10213 17797 12296 8648 2360 11845 9337 11564 16093 7153 12944 673 5528 80 7340 8684 3013 
1583 3839 4631 13055 16787 15419 16595 9839 17343 9087 17411 2783 15455 11979 10683 10083 3807 14427 12975 5091 8823 9303 10551 2067 4923 11547 8321 13829 4745 10037 3329 16433 13565 6713 10889 15233 8693 1781 13145 3403 8335 4339 1003 7423 5743 17203 15571 3979 16519 1015 10591 787 5287 15477 17901 15534 4113 609 6753 4114 13884 14082 4929 8805 6408 108 13562 11397 940 12556 5714 11030 7762 690 6844 8594 7558 10166 10182 17806 8726 5193 6960 12573 6417 14728 3782 2272 1024 182 1950 14289 9768 12646 4989 2202 14438 4658 10114 2090 6138 3874 417 1804 1670 3360 13686 14 14042 12544 9698 7742 6990 12866 986 15886 8812 17158 16620 2488 5174 12309 13300 15645 1586 920 10716 9769 14012 1352 17305 1860 13688 12116 11660 2089 9421 1866 13033 9229 11144 4957 4484 12697 
4391 9803 4811 15359 5891 1211 17867 16715 10511 9599 16967 13395 12599 5307 15243 15203 11583 17307 16503 10839 6723 13775 3459 7647 6809 291 17751 11643 771 14669 13767 7623 13805 6233 13997 89 10409 9869 13325 15751 2693 1169 4001 12031 7039 7099 13315 10447 15931 16015 5203 12619 9175 9607 13471 4302 5047 12458 9010 10968 15866 15030 5266 1006 9582 8553 12090 13638 5134 22 10120 826 3780 16893 16390 14040 17950 13252 15350 9182 2133 1122 12714 13257 1968 45 1552 110 14520 11685 11428 16845 9528 14049 16788 9288 3238 5062 3422 11736 13137 12478 9888 5076 15482 12988 10442 28 9338 8601 4134 12477 10144 8416 10618 17454 4230 3153 10980 636 357 894 13790 4586 4773 14024 8988 7510 16165 13298 15258 15061 16952 1825 12565 14149 11797 16016 2900 13273 740 4472 728 10268 4748 1861 
6887 2951 9191 2723 10403 17831 3743 3119 1427 16775 10679 1751 6263 4799 327 16395 8759 7875 8499 2435 17111 4095 16815 15075 15903 2643 6783 1623 4683 10349 1361 8237 8369 4961 5129 5465 16457 3773 16399 7879 5045 1975 1747 15475 751 3775 11299 15547 10951 13135 7267 10603 1582 12462 17974 600 7360 13530 11224 17320 5994 4065 10454 8344 1002 14570 14784 10102 818 16780 17322 9282 14178 16638 4893 14616 15681 11534 9494 17810 526 5800 12446 1390 6136 4557 2958 8138 42 10692 10274 15885 12645 10750 15357 11706 11421 16498 8589 5080 8782 16722 7596 7348 16240 5698 9612 17738 12273 3170 13629 16108 10374 11494 12802 13966 12702 15038 4378 10596 3150 12633 13677 11654 14878 8793 15673 2653 109 3361 1837 13909 8990 5929 5840 8809 1988 2965 8965 1028 4585 2816 11312 
10571 3287 17339 12311 13535 13643 8747 10691 16319 8723 11219 5559 14003 3267 10755 191 9179 27 1551 14811 423 8379 15423 1527 13671 10515 13851 7721 17055 8223 4205 17645 17103 11405 41 14969 3821 1745 653 965 4457 12811 2227 4493 4901 11863 12667 1315 10555 8911 6199 6571 8791 3259 1402 14133 17214 17482 6900 13506 13054 1792 8546 5025 9002 16646 6804 15142 8686 1394 13368 3346 15870 9346 693 12198 15420 7953 15177 7286 15516 2409 5426 8742 1116 11838 10389 9297 5826 12402 13470 16774 10490 6458 6744 1257 16440 17880 4886 1680 5680 14050 9218 13644 13598 2038 2598 17700 274 17040 4418 12549 1322 13785 4810 6714 5370 8448 11985 10024 13492 3682 7450 15198 7405 628 2748 4880 3068 17677 440 6721 9800 12157 11732 301 13712 2204 853 16928 14072 10364 4669 16136 
455 13919 8651 2675 14495 14111 14855 16187 14243 6287 1839 15723 4719 855 10559 3683 15063 2895 4203 6279 1107 9759 17127 5163 5235 14525 4355 5021 10277 7481 12363 17825 5669 11273 16757 3533 7193 2045 14885 9161 5059 5777 103 16027 14383 8515 11563 9331 15451 9631 6943 1135 13591 10290 1032 1398 15122 165 12201 4110 8190 17638 14526 4920 5362 14010 12552 5990 7654 17476 10458 4840 2985 7617 9873 10240 190 7096 2892 14086 10929 8464 12210 7738 6936 12444 7113 10180 15062 1682 2466 180 10334 5256 1876 15232 9592 5290 14500 2062 8766 2710 2904 12158 13658 13341 10480 4906 13622 10198 13130 3657 2094 8454 2361 9138 16197 2332 5608 11026 5966 16120 7234 6554 15766 5838 7256 8696 15853 15272 9049 16988 6217 12745 12952 6044 5612 17557 6625 14624 8245 1052 8689 7273 1657 
15131 10931 5159 1331 10583 2015 1647 15467 14579 16139 10619 15635 8915 16163 7371 9855 375 7355 6315 13539 9327 2703 9147 15495 5379 351 1613 14475 16253 3221 269 8345 5177 13289 17571 14501 6833 14597 835 9199 9667 4243 13567 7123 16651 463 10747 11827 15199 12859 1087 6475 1063 12969 9139 6758 15246 2611 17208 7648 5830 16804 5229 9729 12861 1774 5414 1636 1816 1264 6842 1814 2198 14842 5718 8892 702 9894 12354 3026 2820 15610 1162 3477 288 9190 606 105 4050 16632 8301 14709 14688 15550 13761 11548 8796 16482 2482 5806 11704 2906 408 12546 11426 9990 9238 13882 1366 6646 13654 13550 3090 14034 13917 2973 4785 7236 15902 16824 11304 10233 1725 12368 16536 5017 2780 3344 8156 2365 9793 13549 15661 9776 14593 13813 6637 14288 1129 10376 17533 13513 
17363 17939 16247 5423 10763 6275 5267 7727 11807 3623 17903 16143 17135 13667 14343 17331 4607 17207 3831 2651 5187 7407 9987 1923 13251 7895 8763 5667 4419 10851 2679 7227 1157 6605 10085 15387 1637 1097 11729 7961 13937 7073 2777 3881 2117 763 11537 53 1625 7265 10927 5887 3727 15823 13723 4435 2371 14503 6319 17887 2551 7291 10721 4699 14947 15408 1000 11238 17966 7394 15028 11436 7612 12554 15826 720 8550 6964 10524 12122 7114 13954 1872 102 14610 5218 837 8460 15066 17685 8106 16790 5906 3582 6664 7986 9772 16209 16318 15213 14164 9090 9026 12170 12537 2802 11678 7960 5260 1440 13653 1194 14882 5566 5541 7582 10281 1444 13017 8196 1786 11518 7386 2666 1173 15798 16514 2138 14738 8050 4708 15460 10188 11020 9258 7198 3186 9652 17130 4102 3705 9430 9630 9388 13494 15832 16198 858 2064 8966 6561 11673 4188 10833 5944 2125 3248 3016 9272 5665 1561 3308 764 4693 6001 15740 11941 12800 5144 8041 17540 15320 3565 16549 7897 4640 14552 7993 4028 11305 11132 
6779 8735 9575 467 17387 3227 9563 23 5291 1703 12179 1259 16127 10695 15887 10731 17967 5151 13071 17163 7235 15759 2631 8711 6791 15371 4431 6291 3915 5499 14621 8669 9569 8465 951 15401 2151 11775 1481 5813 6629 14801 4757 15929 17429 15713 16613 10157 4181 4303 5731 1795 5191 17635 3497 883 6727 1687 6031 16375 4195 10135 12883 4946 3163 4294 3631 9398 7653 4104 12558 8421 14980 5882 17970 10564 13524 210 14448 4058 8606 12106 17910 12381 14757 16334 15162 10462 12640 12384 3432 1632 8061 10044 13773 12326 5788 8926 4809 13953 16338 14313 976 5246 7732 10698 1046 15322 16740 17162 16380 8172 3394 17682 8512 14674 10690 14018 7720 3470 2898 8772 506 16438 11194 16288 3930 17268 7821 6022 13690 6988 13338 14061 16512 7380 9550 15316 5622 16106 922 13994 11050 10068 15694 11766 2070 9834 8230 2682 3525 16082 3702 14860 6070 2394 13329 6277 5288 16282 8977 8557 1873 644 620 17180 5960 12596 11936 11072 11773 385 2492 7004 2641 10309 7885 11641 224 10004 12217 1057 5449 
2831 5063 2627 12467 2939 11339 12971 12287 3383 7415 13431 9887 4103 4827 17891 12455 10943 6807 9435 17255 9167 16923 16475 11115 11487 915 2367 17007 12051 11103 9663 16335 15377 29 17621 5859 4587 4491 13481 2537 5501 14871 293 9653 7841 2237 10745 4157 9271 14359 13807 8347 14239 16759 9295 13387 3343 14839 2119 10195 17071 8875 13195 11287 16267 9919 162 14004 13108 16228 8310 12088 16053 8854 12412 17318 16744 14578 16596 8730 17524 14284 12538 17962 11400 16936 9866 10332 12016 6522 17328 1776 16140 6270 106 12046 4894 1452 3474 11078 17338 7662 12972 8736 2642 13170 6670 11176 11544 10185 3204 9177 2278 12396 17502 13269 14366 10168 12130 7122 9470 15546 1234 14469 1548 16024 11182 10548 5932 17302 1236 5350 15453 2914 6846 3568 16034 11769 9142 9028 6502 6290 10228 13008 3676 696 15384 9170 6717 2841 10956 16714 11649 3856 10413 6928 3414 17853 7268 9721 16658 4561 11449 13993 7760 16424 4208 16849 16052 13429 12200 5725 8317 13376 7556 2605 16705 8377 6104 781 8540 11876 1177 
10391 12815 8051 3851 1691 16391 8375 14459 6167 11771 3899 6455 16223 3467 5547 10595 9783 13107 12119 507 7935 1631 17619 4707 4851 6905 5247 12147 2355 3627 6363 12771 663 17441 5609 14511 1757 1913 16385 4241 12281 9065 13265 4817 17201 15535 5491 13133 583 8419 11429 3211 16939 17311 9247 6367 12343 1255 13159 15211 8167 17851 6787 17481 7915 15720 830 4257 15982 17038 12141 14973 9004 8184 5148 5422 3972 9813 16446 5548 17913 1053 14770 9074 468 1965 13174 4024 5894 5090 9489 17904 4570 1197 17046 15158 7578 8270 11448 13390 2410 14346 5190 10842 5786 5102 11992 9976 16846 1434 8976 6602 9249 816 14154 7860 12936 7521 1198 422 15318 7257 8558 9506 10022 17510 11738 9700 825 5814 13173 5206 4086 9638 15784 10485 11142 1210 1674 6190 7626 12000 6782 4598 17274 612 9914 5836 3450 11757 3310 4158 12114 11896 6649 4508 14144 9332 6133 13448 1472 8653 4892 7352 14485 11881 12721 4064 16009 9457 3181 2485 10724 4909 6193 6332 3620 8785 14468 
7343 14699 17843 9299 4247 8411 11591 3215 1451 2267 14955 2027 4763 15059 8831 12023 17835 4787 13679 8903 2259 2295 15239 2847 5727 5895 11475 14763 939 1577 3411 1143 6711 15195 2381 15089 17247 6183 833 17175 3785 13961 13025 17297 13673 1709 15209 16373 11849 9953 6929 1133 12199 1291 175 8803 13531 6139 2203 1879 10855 7795 187 1219 10974 5383 1351 14875 12962 1761 5418 12238 14450 10994 4742 12642 2013 7554 17830 4990 6808 8314 444 604 6794 10872 8566 8913 10622 9330 6894 7180 11322 9588 16050 4564 16636 13164 8712 446 566 16372 13156 14304 1302 7514 12340 6684 17332 657 14614 297 4246 17870 12346 754 16642 10382 10449 1886 17582 2445 12172 250 15333 11256 522 3054 12528 6494 16348 4012 12886 15208 7622 11854 2290 4766 11490 10125 13869 13248 3564 1102 7893 16158 13576 5728 4514 4084 6952 12502 6924 2154 5710 1588 2542 2336 12121 1376 11912 7957 13436 17684 416 17216 6409 13040 14036 17641 3572 2696 12925 3188 3428 6817 4868 6188 4897 3037 8804 625 
143 9095 11975 3143 7583 17087 395 13511 683 1367 14435 1319 3983 8847 16739 16655 243 16043 13047 4619 8055 11387 17943 6555 12279 13551 6351 15999 14115 11295 1083 3819 51 13061 3833 10661 12965 16925 8573 16685 161 113 977 11549 773 15739 16517 13193 14419 163 2803 11107 3355 2035 17083 775 679 14995 9931 17131 12703 10560 10970 8995 15730 13308 8330 6762 8844 11001 189 14890 1966 15873 4842 1288 2470 7878 12196 16690 6798 11344 700 576 5208 13168 5577 3442 17001 7780 14350 14445 7065 9244 7176 5532 5666 9974 13102 4452 12352 7546 16926 15554 7396 11676 15206 10074 9818 3456 1166 5342 6142 4725 15230 7118 14342 3266 1070 2140 14486 12434 6580 2746 7850 174 14762 15132 14337 502 17342 11949 5316 7294 16404 2229 10798 4466 16872 10149 13366 14740 3592 15309 3738 17182 11280 7174 7240 13142 3998 1182 4350 2401 4424 14816 7724 7280 14209 7772 265 3781 2420 10609 15380 6421 16897 7705 9428 1981 17288 6920 404 11053 10597 10160 13021 10928 
4235 10475 12419 17735 9911 3911 4379 12851 239 12923 8627 16971 263 14267 12063 6851 95 17703 83 14463 13319 7643 13503 8231 1803 5919 13151 9447 2165 761 4791 7577 9809 14859 9915 4395 14369 12125 4661 3725 14081 6065 6761 8117 4193 5311 9017 6883 8551 10567 1831 4759 1387 929 7027 16339 5323 12943 9523 14887 9835 5011 15259 15129 12295 14625 2004 14584 8306 1756 15724 15417 6750 6549 10749 13106 15655 9520 2505 5553 11589 14968 17630 4206 8985 11608 1074 12390 15024 3390 3034 10216 13718 14502 13078 9180 8334 454 15342 1960 16174 17618 10366 2822 12178 11424 11222 4260 6048 2034 7370 11452 17805 13384 1308 16533 10528 12100 11940 412 8412 6364 5688 13569 16312 14222 12926 15348 2337 9906 16802 15422 394 1348 9876 4032 2529 17566 17546 12818 1810 3714 2728 1488 2486 16982 17740 4634 13146 11661 8494 14032 17774 13026 2342 13501 12308 8036 11917 9709 1261 17960 8144 4045 17509 12853 9697 4448 4052 7976 14936 613 3901 15901 4832 15824 5161 3056 8821 2192 
16211 9083 5447 6611 13835 10667 11327 1619 8423 7883 10307 9635 15563 10283 14279 5015 5603 1715 4319 10527 363 1503 2019 6663 15675 9843 1911 12351 15639 9219 17919 4467 1587 3039 9159 16361 7695 15231 8273 4647 12797 5657 9221 1817 3305 10613 4697 8429 12017 1483 2345 6473 16855 15991 9823 16123 17767 13445 14047 17515 1171 7351 15631 8815 5947 10288 15218 14134 14841 14582 17218 11392 7618 11242 16488 8302 2829 9814 10461 10305 14354 1042 6050 1694 16254 15678 938 12022 3162 3213 11097 2008 14174 14378 13074 9082 15358 3290 7413 7302 4566 17602 16653 17613 13210 46 7406 11698 8608 15954 3924 9994 15513 16617 13944 2130 2020 6982 6693 12654 6974 5068 10156 684 16773 6780 4200 17736 748 16526 8676 129 10634 4077 16156 3006 9462 5493 4704 6504 2584 2073 15772 6342 3588 9624 8688 4089 840 12762 10782 8750 1662 2210 17866 11036 11672 402 4820 7333 13796 17972 788 4184 16837 14252 15668 12812 5137 9961 8588 10592 2857 15980 7880 4621 14257 8792 4141 5852 
2963 11003 17747 3395 5807 17987 8327 11927 7527 4055 3323 10415 1391 12011 5795 15911 14727 8283 435 9383 7755 899 15219 14519 15725 15843 8307 2315 5127 8139 14739 15269 15281 8129 5775 11033 16467 9533 14381 5585 7121 10313 14477 17971 13421 3103 16469 5861 14983 14179 2275 12355 14083 12919 5899 17563 8659 3007 11887 3571 7627 13987 5083 17287 7639 4296 14956 4569 1233 2926 12129 17841 4603 1762 7858 15478 14386 9486 8256 4410 13314 13893 7332 13526 2810 1878 13180 6550 3981 16898 2061 14349 14373 5721 8734 1454 1354 6300 7306 4701 12441 15210 7656 12105 6618 11822 2256 10257 11700 6334 15549 2745 5406 10341 16234 9694 14422 9458 420 6412 11458 10212 17230 8198 9998 8280 1342 16602 15304 14330 9058 11790 9364 8078 5034 4538 14102 15666 17074 4934 17289 11702 9414 15990 13624 12660 10660 8352 11046 3252 13590 6921 9350 10760 4580 7904 9325 6049 17516 7657 8888 4844 16753 10772 16196 11137 13981 16040 9476 16513 17396 7520 11972 6157 11768 12920 2209 15649 
7535 17963 1415 17231 15251 8243 3995 12227 14183 4127 6431 9075 15935 3011 10011 10059 11091 11931 11319 11607 9591 11163 10215 2159 11679 7491 15915 8355 14967 7707 13323 4949 4625 10685 6557 5631 5885 3495 6425 10709 11057 3509 12077 629 14741 8201 10363 9595 14767 5035 2765 1111 2359 4927 1303 16843 16627 11851 17419 10159 6439 13800 220 10293 1956 10878 14586 6282 12038 4390 518 138 3362 4884 14220 11858 8577 4026 11820 15537 1840 8570 14026 5224 12160 5542 7338 1818 17589 14306 14370 6606 9174 7812 2798 15278 1125 9278 12138 6210 4106 3554 13730 11818 8556 15958 7144 2196 12394 8806 11944 414 7852 12009 9276 4228 8296 16130 616 9802 8128 16929 9129 8642 1365 3854 7606 13746 6612 9064 2956 6688 8085 17556 9206 12902 14596 10638 7638 1338 6424 13278 6262 2620 10809 11758 7264 1929 10438 546 16545 14512 13640 5324 11898 4825 8497 1532 4213 793 4196 5953 11648 9368 14461 1688 15116 8581 10736 2636 6949 7844 4616 15140 9145 4189 14384 
8267 10235 6623 10295 17711 10775 5147 6119 11411 5331 1947 10139 6327 11543 10859 4163 13167 3855 1959 231 13023 11559 12195 8523 6375 10623 13263 4995 13575 6843 1565 7263 14559 16085 8561 3209 2033 11477 737 12615 10817 809 13973 10001 15953 12785 1423 13483 16277 8899 2609 7399 13507 6523 10627 3247 15787 3235 15775 13903 14635 403 3799 11364 936 12562 6878 6748 8733 11350 5998 10846 2498 7756 12804 8774 9484 8274 1518 582 3298 14920 8925 15945 12120 2918 16922 4332 16142 4730 3914 11866 17808 5642 706 2805 5088 2460 5517 15972 17340 2938 16678 16370 11682 6132 17385 11836 1509 1094 17466 1305 10653 7722 12156 3096 13154 4054 3838 1617 11178 15168 4860 7308 16908 3114 8458 15204 14760 4558 9112 16648 12816 6418 4689 13896 16704 8482 12297 2193 2522 5042 7802 10960 5973 230 15844 772 12222 14806 12244 15580 3796 6889 5569 928 7496 6884 692 12620 930 8101 6956 6325 13741 9188 1508 11413 2077 17420 17360 2689 10657 14168 6260 16640 7964 7321 10861 
16895 4175 7559 15347 6467 10739 1019 10355 515 10979 17243 12839 10223 11147 16583 16239 1431 13083 1935 3615 1611 16343 7467 4659 6111 17151 9879 7283 9125 783 2079 16445 17813 8751 10913 4385 125 2933 14765 7649 8333 17777 16649 16709 13577 17057 8009 12043 8155 1639 9895 14587 5633 4387 1039 6295 715 6187 16555 8695 619 3199 14863 11431 6403 4591 7675 15520 213 6754 9868 14985 13258 1029 15938 15378 16850 4386 16350 8368 11614 12350 5650 13728 15273 1942 4838 15590 16809 16598 9336 472 14884 3468 8904 5052 3766 11536 2478 2006 1936 14374 2656 12102 13077 7350 16054 5349 9254 17946 13641 3720 9690 14776 10614 3866 14385 10476 381 6206 13768 8946 9816 3214 3009 11136 11637 15010 11786 16305 17440 15598 5028 9204 3374 5938 6150 3549 17460 17544 6158 660 13778 8974 8445 1240 8236 16989 13458 17294 13144 13588 7672 11310 4912 6488 3412 9085 4568 10321 13832 164 1172 4069 5893 11725 13969 11108 5720 2137 8509 6596 2792 6608 8353 15193 2149 16328 13112 17245 
5363 10919 16451 2327 3407 17327 10103 16703 911 3671 3443 4307 4859 12503 11391 4275 5507 3575 803 723 11355 6675 8775 2907 12471 14043 5211 2571 12843 16959 11919 12623 15891 13983 3171 3363 10443 2921 14247 4779 1277 16899 16275 14585 5703 7049 485 3905 4505 9305 12221 2873 17261 2681 1721 9929 12869 9737 6689 16037 7003 5935 9055 4027 14011 11767 11153 3079 5923 5623 11059 4771 17755 259 151 8035 11047 4286 9874 2491 1576 1224 4846 2325 2670 6414 7356 10906 17832 9726 14620 2922 13242 12960 11260 729 14726 6278 16606 8126 10204 9777 3472 13372 13809 6009 5214 13566 13926 11817 5250 15424 12338 16782 16374 3330 2512 2200 13509 117 1276 13014 16224 7540 4480 17565 4262 10006 17356 12825 17110 6189 17642 10998 8882 6826 17877 8890 9840 16852 6160 14654 10060 8157 2550 7018 3974 11102 10780 7726 8877 2352 13150 7800 4498 17469 14634 13132 12362 17658 885 2818 5986 1389 9542 6066 17068 8538 2736 5044 11434 8040 9216 5922 4668 513 16876 15450 10958 11044 17594 429 11514 12868 4041 17205 2530 8434 10020 5946 4605 4526 10422 7134 8932 5754 15048 10237 15888 4394 16964 14060 3008 9200 16141 10837 5881 15164 14497 4220 8269 5384 4225 1849 10172 12824 13057 11118 15596 11701 1100 9925 8948 2444 13028 2180 2600 6476 9356 12145 6145 13844 11480 3284 7669 14869 14941 
11195 2999 6707 15983 11759 17819 8975 8183 17687 2879 14795 13811 8099 8295 3471 827 9975 13923 6863 5975 4359 9903 9339 15939 5223 6987 7799 6935 9243 711 14199 1047 1599 16667 11249 2859 10289 8691 17595 11427 1995 13205 10325 5477 6149 6389 8681 7397 1985 9497 13157 11069 3365 1843 5523 7229 1313 5393 13891 4685 8107 14755 607 4397 13171 2527 17035 7519 16771 2707 9283 1927 3871 11143 9235 9955 17491 9009 3694 2170 9396 15124 12808 6098 8646 16654 13626 84 15240 13096 2316 13336 15976 11246 10186 13564 3746 17908 3558 3110 2976 9712 14320 6544 16677 14692 5670 14169 194 16058 10845 9708 8286 6610 17610 11172 3070 2250 3756 5956 12398 13342 16344 5040 2362 11352 2260 17770 2469 6626 6513 15602 14038 802 6660 4425 11302 3466 16324 5234 4608 7342 14592 9378 16162 9717 6957 7869 13956 16104 14662 7101 9424 2781 5278 3386 9926 13878 2244 10377 5829 17506 4629 9710 7188 17014 15498 8436 910 2046 11476 10106 9546 7161 10486 10914 4314 6706 5589 13938 3868 7620 3508 7312 4377 352 2692 6261 8878 3146 16864 846 5700 3376 16266 5520 2758 4837 2346 17588 2060 5329 577 5276 6776 16124 15157 15349 1501 16388 5360 4549 16700 10165 12973 10513 15898 4232 5252 17089 361 16172 14929 3032 13453 3517 6644 8833 4441 14432 548 5540 3313 7693 9757 14372 
15743 599 10703 12863 14399 15755 9287 7763 11279 719 5735 9071 9579 5615 11627 5055 15503 14303 14423 8547 2771 13527 3399 3051 13239 7919 7631 10971 3663 8487 16131 14799 10815 1035 5067 1371 15627 3675 13875 197 12183 5943 7503 14357 10863 6113 7553 1697 14789 10769 11945 10781 11837 10015 8357 15905 727 13313 16447 7579 12689 9907 2383 3701 15139 17707 1699 991 7735 475 7747 11599 4795 16459 4855 10411 8827 11374 4306 1650 13888 13694 17956 6106 15525 136 13998 12964 17194 14078 2997 12214 9202 6770 832 11085 13504 8308 470 7958 6730 16132 2704 17710 15352 5154 10766 11206 2722 2817 9909 17794 1262 6540 5958 1850 4342 9304 10041 3770 16840 1286 15468 17790 16746 2942 11018 1692 6081 17102 2878 13284 15970 11066 3228 7020 5778 1566 13497 7932 9898 17092 670 17378 9938 17457 13377 5962 15292 1848 14246 9628 10917 1150 804 16414 11674 232 13996 15021 592 15489 10066 7978 2136 17126 3542 490 4036 2646 10474 16542 10030 16192 1534 10194 3088 2772 12734 8322 554 7584 17692 4612 9376 8025 13490 10962 16428 12784 7314 11148 5524 8073 7886 12108 16969 15890 1176 6572 3836 5413 1225 9104 8048 11101 13093 15133 16556 8396 5185 4988 6205 14276 11125 9277 5984 4309 12517 5605 421 2468 10700 2432 3637 10477 9596 5108 4609 17569 10669 9097 13537 541 1748 12236 
16727 3611 16175 2747 5231 5327 527 7391 14171 11843 11747 15047 7427 2843 13707 4803 8699 10799 2075 11523 6647 17907 983 11751 14703 11691 4007 5319 6135 15815 1491 16263 13995 6231 4599 5403 795 399 14655 14825 13467 7157 4445 2525 7781 10841 1925 7217 2573 16553 6413 5165 6089 14959 7793 439 497 11885 15091 4037 5551 12415 16243 7159 7063 5299 12091 15343 6715 7759 10579 7171 8947 12079 11659 12055 1603 3415 206 11938 6876 156 13533 14910 16972 14457 7056 16684 5328 8632 6890 1812 2796 17784 6546 7392 730 14724 15282 1446 10173 17586 10386 1458 13764 1106 10754 7368 14182 16248 1486 17798 4242 3873 16836 10686 4326 8208 4264 13485 14788 1188 16701 2874 15714 1854 14524 17986 6274 16716 3230 15244 9530 16308 6192 8865 4461 1732 11594 17942 16125 6018 11330 16 17100 17458 13260 10689 10248 10574 13353 4442 3598 3562 3576 14530 17013 10062 5758 16870 7900 4848 7594 1806 3837 10908 2806 14518 16538 15052 9360 1620 2694 10610 14338 4318 4462 17742 12274 14630 4552 5200 15508 12186 2606 8386 466 5848 14640 2866 1668 842 8625 10 6574 17860 11233 5982 7670 17600 13664 9140 8564 11696 7148 5600 2881 17581 7400 8209 5341 7513 16604 14744 15169 13249 4453 15505 11629 14096 10112 9164 709 14713 13160 2533 6697 8228 11996 608 6241 8264 12625 15433 1717 3121 
12431 17351 611 8783 15539 2603 11051 13295 6395 6311 3719 16511 16631 10883 15323 2991 4887 9743 2219 7151 1187 10835 9959 4767 14567 12371 12819 1395 13697 8583 6659 39 17295 15783 3639 1311 10791 6329 2415 16889 7911 11933 7253 2285 11681 7457 15593 3437 4433 1769 9773 5369 11501 3653 3413 15317 14513 1337 6245 2131 2751 11035 2935 6917 7651 15427 8275 3439 15559 2047 13555 17599 13327 17479 13231 17059 12465 14013 11937 2986 9273 16442 5330 13810 14589 5352 4029 6218 16890 8637 8670 7862 945 11316 3760 14690 6280 1500 7980 9614 4718 14368 15094 15858 5644 13482 8745 5094 10492 12976 9792 16478 16353 7660 4324 16137 7864 6486 64 11880 17265 8949 1476 6014 8325 8568 8592 3050 4046 1250 316 13989 4833 6518 12570 1738 13634 14832 9556 3106 2296 13818 6837 12874 12050 15618 5538 3177 16732 1830 16258 4682 7750 530 4494 10096 13848 8506 11170 6346 13914 14116 7190 15696 6962 4516 538 15914 3190 6940 9916 7908 13578 14214 410 4132 15588 4941 11248 9117 6222 9148 12854 7317 13574 11806 12474 11010 12844 3129 15838 17722 15388 13396 426 12078 10864 272 5630 16381 14077 11341 15020 16304 8257 16441 3080 13556 104 536 17324 17168 7141 14749 12985 15944 6008 14053 5348 3601 2737 9169 3133 17444 2629 13609 10777 14029 17077 944 6169 9829 12589 13189 16945 8989 
16103 3455 4031 311 9755 13067 13967 11063 347 3731 4751 14807 11687 17699 9215 16883 12059 11999 8643 12411 12303 17759 10323 15267 7131 5171 14367 1011 14235 6053 6219 16311 15147 14019 8031 16601 725 4721 16071 9677 17487 5153 17549 8285 17225 101 15749 7445 9293 2307 12845 9845 16733 14837 3581 13217 2201 11129 5597 14561 5995 1615 10903 6343 1459 2287 11947 17863 7927 17299 9643 14035 13999 4423 16315 4555 14143 15055 7495 15981 10111 11966 11934 9088 9538 9744 4248 12504 4744 8337 1954 1821 8716 9441 16170 11346 13701 9290 15274 5061 9444 8284 8866 11942 13620 5158 1845 10696 5484 17676 10710 15465 4982 3102 3064 17625 9686 10360 16912 14364 15160 11762 15544 2574 6034 304 11074 4118 1101 9310 17352 2436 4710 1908 6492 981 15753 4078 9477 2078 2586 1437 15326 11454 9466 2520 741 1924 4726 4546 3546 3678 3645 2412 350 6420 5277 16320 10368 10108 17664 3885 17016 6426 4164 646 494 276 16730 4122 5014 9964 12840 11697 4533 17534 5730 3610 5590 12436 3136 1546 15117 6718 154 17232 12154 7506 9966 5766 1672 14066 6400 4758 12482 11906 14260 6734 15892 6256 15865 6992 3397 14725 5209 8192 16801 13165 2108 7729 8197 3421 4237 7124 14317 10705 15457 15301 6289 12572 12656 7808 13 16621 10249 12661 17233 6656 349 12025 14509 16813 8233 12584 10100 15284 865 
14903 7055 4283 13691 13727 3491 10967 11423 6155 10343 16199 15735 8591 1859 1043 16007 5459 14975 16407 959 5259 7299 6719 17063 8667 4251 3987 7215 14079 111 1227 3159 471 3975 8633 4169 12591 15183 1071 12111 17715 15533 9989 16505 5297 9951 13637 16589 1877 16529 15461 9509 17189 12951 1589 16877 8189 4673 16901 5263 17717 1123 13003 9583 3391 17167 7135 2095 6043 16567 14851 3307 14263 11203 2419 11503 11875 5395 1110 1723 5313 17958 8349 8634 13920 11973 14829 1392 10526 11349 7516 10452 1970 17812 17350 610 5890 12124 17170 2289 4226 1274 16756 1900 1836 7410 14534 14025 10221 15090 2368 3292 3976 3244 5126 9286 17164 718 14421 7126 15429 8770 5176 7804 16038 16444 11472 126 12994 8370 9676 14205 1246 6526 4942 11190 5810 2044 14601 15108 16080 10050 5928 12669 2886 12208 393 2110 9201 6129 5488 861 6950 9348 2846 9924 5050 5748 15114 2668 6666 153 7032 14430 8938 8410 6638 5169 1370 4996 3636 16562 15058 10264 11098 7590 4440 15616 16434 2109 2649 17445 12182 3674 3597 8118 11382 14638 146 13344 11217 11868 8998 5496 3898 6793 2917 8402 17708 1945 11581 8713 9068 9985 16580 17432 14972 8900 8504 3488 3632 6025 15296 14456 9301 980 4117 1345 13940 493 9025 15481 7429 2024 14612 9625 1321 12068 15176 16657 16189 2305 15236 925 6733 
9275 5123 17507 15383 6755 15095 8927 17543 17615 3935 14535 8999 9851 4227 3887 47 8879 2495 2 3087 3311 7863 14583 123 13635 17183 17679 4371 10007 5835 12963 3707 3951 12999 13451 11969 8871 857 7671 7143 2343 2559 10397 4541 14237 6545 8597 2333 1517 1541 12569 13457 12557 473 5453 4997 12893 3629 9605 5081 17335 139 10327 15943 10063 6271 10039 391 10171 1399 13039 13675 1855 14647 17263 4111 9163 9151 4867 7378 6796 5992 6739 4250 8630 10338 10446 2402 13704 1306 9978 1934 2920 17193 11104 7398 2568 5884 17937 2254 5554 10326 1298 11574 3777 10992 17637 11298 2716 4266 1912 15462 12036 16806 6674 10644 11110 8133 4276 4806 300 1190 15430 8496 8922 7041 5145 13866 9970 8134 13006 2937 7022 17422 13246 12136 11994 574 666 130 9328 3033 7990 8970 914 4008 17124 17416 13924 15880 1346 9072 5469 12532 14138 12268 17176 15744 9136 17754 11250 6330 12756 11601 15674 9922 8002 3802 3894 2088 4998 8162 1008 14870 4641 7536 12921 6592 14670 10636 228 7293 3528 15184 6472 6165 15405 13941 16432 15921 12250 11506 21 10672 14274 13801 11121 1140 6800 1933 3337 14833 16225 7232 16777 14281 3548 1309 8432 5257 3692 2648 15541 13765 9296 16832 12152 5029 4777 2048 9248 16693 7592 3673 7165 9649 11804 4597 1993 10729 9037 2348 1928 15836 1585 
1655 4295 8855 5567 9467 8219 16427 11267 16871 7451 12719 2555 11663 10455 1031 5663 8795 4199 13883 16167 17811 1455 6491 8127 11331 16587 10035 747 11763 11343 5619 2501 15111 2993 13419 8187 843 16829 17897 329 3281 12473 1889 2969 15363 16769 6581 10625 11921 749 11741 14117 16181 4347 401 8441 13493 6869 12881 9787 523 11923 14455 823 10771 12007 8047 5959 3895 14023 14119 16075 4349 11911 5839 967 12040 7086 17834 9806 14752 15748 17902 7870 1642 14362 5258 13692 7776 16932 4888 1702 4750 14618 8728 11920 2884 5248 450 14160 3614 10930 14446 708 14344 5296 15960 9454 12450 8364 2882 10684 11094 5562 10202 6292 246 16608 13128 17412 7142 6220 5606 66 12525 4858 12981 12142 770 17076 1200 2742 3434 8906 674 9208 184 4374 13734 5686 15570 16386 177 3538 10425 3285 2650 8008 17304 1114 8244 249 36 9945 9141 1204 12400 4502 1512 2790 12033 11470 5974 14140 744 5172 3189 17686 16416 3372 9316 10372 5430 12370 5841 556 2186 664 978 3154 345 8860 10934 10785 3144 15624 3822 13080 17494 4686 13446 10502 1220 10718 10312 17185 7645 5713 15025 5401 10765 11257 12997 13561 3380 8605 5293 4261 7117 13220 11048 11185 13988 4340 1381 4652 7801 9109 6692 16532 3793 10501 15884 9913 14113 1184 11156 8221 12560 7765 6032 9013 
14939 14351 13043 2483 14555 6815 7943 9395 1403 7475 1283 14015 2207 13911 5471 1407 13887 419 15083 3047 15279 15399 13787 17319 13859 3219 17391 16911 9143 5867 12255 14835 11787 3651 5031 9519 5993 10155 11093 15605 3617 16421 10181 3665 3989 7385 6137 17789 3689 2849 9209 7145 11573 4613 11621 5741 8033 6509 4951 5273 4411 13339 10399 14107 16411 1555 2719 8503 6355 12523 10987 11635 3319 1531 10003 3655 13579 13855 13495 14820 7524 16951 11370 7891 13310 6312 580 5106 4020 10246 1502 6542 15165 17829 4336 4485 5514 17028 12506 3165 9774 16644 13060 16686 5640 3429 13682 534 11824 1764 5404 17520 6722 7382 1690 16146 17362 14253 70 12470 6650 4210 1510 9681 4656 13660 4362 16838 9250 4234 2374 11056 4698 801 882 13854 4372 16048 14892 9192 1422 16764 16668 15496 16622 822 1750 10234 1982 15640 13476 5462 2518 6141 17882 8586 9981 4728 6669 13862 6720 10406 6434 2106 12262 1893 14254 17872 1902 7834 7060 3384 5282 6477 17402 17410 4814 12838 4977 3358 6558 7288 1462 13846 8616 6252 12906 1862 10150 13906 14277 11505 14074 624 12672 14581 7790 7914 6584 4076 11521 1244 12205 7045 8384 15452 12409 1316 8636 16993 2924 2744 14701 10952 9253 5996 6068 3877 12464 7952 9601 16664 12860 13892 10496 8492 5060 15644 841 6716 9020 2384 14192 11617 11528 
12095 14411 4727 107 4151 3599 12671 8687 3035 5591 13763 3539 8507 16479 1575 12459 6299 9675 10023 9687 7715 3347 16359 12123 14919 12651 13359 13959 10959 5511 1251 7373 15963 13935 15687 9207 11871 14693 5715 5595 5079 7817 2513 14921 2909 6497 6281 3999 4565 16049 7767 713 6305 8671 11323 3149 3965 8141 11285 8705 5155 7975 15607 11815 127 4219 2815 6007 1999 13867 6823 17671 7855 4879 17539 10639 15126 12466 9298 9367 11366 9498 8346 5338 5026 10898 11566 17938 14626 14986 1946 16776 14922 9988 17256 9434 16257 17316 8146 8320 14098 4389 13162 10742 16500 100 14080 15280 1456 10840 9696 6214 7248 10790 7434 9478 10170 520 14409 1426 12722 9210 11690 4317 6310 17145 15568 369 7710 322 17650 15912 6969 12518 5438 4370 6012 14886 15998 11328 4082 120 5472 14680 9604 14190 1978 9682 7810 1012 2490 844 2850 10154 16020 17428 14554 16896 10612 13840 7210 11656 1438 734 17978 906 3168 1416 8136 3069 8114 1466 3942 11052 16286 12004 11062 2122 6240 2440 8928 11754 10437 14566 16842 2544 954 12252 17716 16546 3148 11914 3296 4162 10468 16364 14120 2977 85 9529 16045 11401 12980 13568 17329 505 3457 4465 7093 10148 10693 13069 12716 12373 4940 4760 10069 25 14665 17876 17480 10436 15097 8113 4681 15308 6061 16069 3805 10076 12601 12949 
4547 17219 9899 13091 8063 12347 16991 14051 8351 13571 6587 155 17639 1115 15779 5675 17675 11135 10359 14255 591 17367 16791 12707 16079 1419 13839 16307 16047 14007 147 10491 12959 17655 15521 3339 13587 255 867 9785 6519 6881 12305 1167 17309 13685 1863 16541 10301 13143 7853 15641 257 917 701 13901 5285 8789 17839 16949 9535 6967 15679 17911 2743 1891 13099 6667 13027 2647 9847 6415 5755 4051 7687 1807 11707 15511 8714 7435 9319 15130 14838 17928 7486 2014 1646 1120 6117 7650 1228 3750 15290 7866 16490 2982 4214 4716 11580 8740 2577 12042 14150 4740 134 10768 5674 17940 178 2016 4437 12070 6525 5896 10650 5340 10356 16008 528 16854 5030 876 5402 15718 705 3352 8481 9057 10497 17270 3550 10752 10558 7029 972 15334 3510 17220 9558 10017 5877 10046 6784 8174 1384 4622 6186 2894 16422 16182 17800 12534 13288 2442 1797 5868 14474 14538 13860 14470 11092 3180 11598 10812 13209 17526 366 4862 6866 5253 1252 16420 16834 8690 15189 10677 4864 806 8808 17284 2724 4450 16698 6582 14398 10884 3988 16830 12180 16860 4818 12189 6156 12582 5918 1208 11152 2236 16933 1964 11317 9181 5437 16076 5636 776 14161 3368 968 3464 4436 7076 12637 10688 11192 1868 15589 1328 3668 16472 9205 10369 16004 3812 7213 140 9937 14108 1592 5977 8401 12548 7789 14420 13496 
2795 10463 10367 9695 2403 887 9827 9995 14127 8807 14895 14283 6971 10823 9779 8987 11735 4167 12807 10151 9051 8075 647 9027 14667 7551 99 11703 12747 2091 1479 4215 3723 7095 1347 16145 13287 11211 8991 3747 16875 17775 5309 9735 3089 12425 12161 9269 1457 4527 5729 14453 7025 3029 11333 4769 16313 12605 17981 15917 5573 14273 3749 12929 3953 9521 11873 1061 15859 5945 8225 1231 5767 67 5671 595 17155 511 8863 2911 16543 2863 12763 4783 4711 15019 9355 15216 16111 15382 724 13044 16219 6970 9746 5354 2998 5298 16173 9474 11970 17049 16894 14541 1290 6489 11409 17498 5445 6858 12974 2172 10322 17793 5901 15228 11550 17762 10554 10401 7066 11922 4476 6316 10770 3388 15340 242 552 17150 10626 1054 1266 7962 16462 3405 16510 10926 9846 3178 14058 13430 14898 1281 11961 6772 2601 9837 8254 10034 7896 10990 16958 16878 16161 5853 2058 10482 16540 16728 4881 11361 4504 7168 7984 3962 298 16296 16032 17694 1142 4602 7026 13437 5476 5136 6120 16906 9642 6124 11908 13024 13274 5860 3462 15758 17154 878 4690 12624 10048 6786 11630 302 15657 5694 6069 717 13194 8486 3184 1470 15756 12614 3798 11666 6172 346 9040 6586 17133 15144 11008 5474 6201 1605 4812 12588 16212 82 6388 9146 17532 1630 12292 3498 17061 4588 14940 11965 17833 3416 16820 6805 2005 12332 14617 9433 10088 11408 16645 6349 13333 13964 14984 15601 817 16268 3092 3800 1904 2504 14228 13724 14000 13861 5936 3776 5132 5504 308 2372 17504 10628 7640 13777 1832 7009 9385 10064 5389 14425 836 5948 5521 10016 13232 13585 16772 5593 
9731 17807 17915 11471 287 11939 1547 2975 4979 11567 14927 5879 16095 6083 8543 9515 14447 9543 5207 15695 7679 14523 17279 1323 9195 5343 14547 2139 15327 483 6951 1095 16191 2195 15587 5823 4289 6447 4983 7361 11225 3879 2043 16455 17333 17475 6855 12497 16997 12101 2477 10973 16349 12725 2093 6005 3713 3869 1265 12331 11825 6377 1085 3341 3763 2251 16217 9137 17347 12751 4939 2323 14407 11335 4543 1447 9859 9067 17239 15103 8971 16051 3487 15907 5525 14191 3127 1572 8673 7711 15372 8414 6897 132 2404 7761 1284 4238 11265 4408 6942 11918 11430 5409 1504 6362 8798 17604 3024 1972 5188 13752 8462 2954 4236 12510 9982 16022 14928 6986 13152 12417 1782 5184 4341 8614 14361 508 15004 11064 9256 1158 7816 16614 10630 17644 2301 1980 462 4754 14402 17286 12982 6696 8982 13557 13498 598 1704 17560 386 6585 17505 3902 3058 14265 13980 13362 12616 15018 4761 1498 9420 8282 17484 6438 13766 6072 237 8834 9318 7077 9650 10122 14114 11164 8200 5478 13466 1180 10538 15904 11284 6384 15808 3986 2974 3628 900 5004 9886 9165 2416 16210 15364 17250 3886 1168 16984 11805 5378 3672 16180 2690 10665 9098 5846 4185 13086 12290 17574 12490 16990 5366 1660 8697 16221 3408 3948 5976 12765 7494 5448 6390 16950 6146 16940 7388 3920 633 17720 10993 4921 5888 9865 17366 7832 7676 10580 11420 17804 1969 181 4268 7424 17761 5780 17269 7297 17521 11336 10753 11989 14041 985 5312 11984 3704 313 8912 2521 10633 6680 17624 1921 6997 145 7825 14137 14408 901 15841 11540 7909 13225 9572 5372 20 
11243 7019 14831 10127 443 1463 15335 15875 323 7223 10895 6051 16331 1763 13991 15855 6947 5411 4559 6371 12539 17727 671 17435 12491 8043 2715 8415 4143 11259 12915 10767 6203 10635 8715 2453 7323 3531 12543 15555 10611 8645 9651 12015 1901 4671 4155 365 5933 15137 12905 17909 4481 11897 10229 8945 10073 17513 17093 3317 10373 15773 3197 2995 12833 14249 6331 211 8731 6751 8621 869 3451 8599 13087 9439 451 6163 11071 4507 9511 8083 1543 12151 9400 10255 4471 3019 9266 9754 214 4060 9246 2992 17964 9189 4948 14730 13101 474 6888 15600 13922 492 11088 15604 6498 16354 17042 14774 7734 3328 17814 3926 14340 3117 12574 5490 16204 4068 360 6628 12658 11090 15778 4548 8874 14016 17022 1794 2541 15566 8474 17198 34 7464 16086 15940 14106 15294 5940 4992 13070 6818 2966 1464 16605 14508 16010 17226 12592 16176 9060 1282 8109 5138 10550 13272 789 8838 13857 5013 14790 6046 10029 6088 4354 13610 4854 4444 11976 4830 12177 1744 480 4530 5850 14642 9734 2870 6645 12280 4192 4770 13536 4000 4002 12612 12766 6432 2298 5654 1428 11482 7166 14666 13266 17920 10314 5697 11462 5774 8956 2494 7701 16473 16326 12801 1380 13834 8014 16706 14510 15693 1629 1082 13449 4798 9784 4614 3014 15630 549 5450 2388 15441 10568 10832 1304 542 15469 6109 4021 3212 992 10040 10177 8917 10681 8593 3109 1285 14917 1340 17900 8677 5564 6937 6164 13657 9764 13129 13460 11204 6308 11977 5689 12032 17593 2413 9500 10573 4093 3584 13873 7364 8485 8312 17132 6236 14156 6620 8120 15500 12320 2749 6380 15253 
10247 13439 8963 4643 16403 12479 3431 4943 12683 16643 4223 1727 1991 8387 4523 7847 6503 11967 17211 5387 6407 13947 3155 603 14315 12987 11175 8271 3423 15159 4871 14129 11727 10071 13179 7337 5739 10419 4515 8511 5463 2811 3771 5271 87 12389 17019 4899 11465 17763 593 6725 10169 12629 12401 7037 9329 13553 6977 13699 14201 4517 5873 6365 3245 12485 8263 2837 6775 11777 5815 10843 3847 8287 7783 12559 11407 16963 10435 12847 17467 11551 11959 12259 7831 11383 55 16711 7530 7089 907 2164 15249 17726 16096 11373 15822 14733 7894 11394 16497 17330 10402 11028 9706 12213 11002 10330 12388 9292 4428 5289 17398 15172 8800 15708 9468 10533 10113 4070 11745 6676 12622 17224 3393 5910 14162 13930 11541 10642 1096 9618 6910 6430 8062 16569 15814 2422 10086 14328 13632 6052 1164 4869 6698 8710 17314 5070 4092 2157 15777 15930 12933 4872 8049 9552 10674 1778 13206 8764 8326 13900 13454 2262 14602 2604 10418 5481 13822 17688 12430 8181 8258 820 14172 6184 7586 5856 12081 14062 13118 6600 13305 13902 16816 10138 17242 13178 122 7432 9418 9658 13596 15993 8092 16902 14673 6393 3844 10834 7245 16362 8086 3410 11718 14550 9144 10804 13197 2734 4098 2842 6228 1017 2558 3966 11306 14256 5844 4966 5526 3957 16660 1726 12898 958 7702 14821 12224 12344 15650 17816 6176 4885 11432 1117 3502 5336 12097 7040 16909 2564 13681 17300 17348 9116 8461 5737 5084 17660 6500 11360 10741 14017 16201 11240 5300 11900 1736 14804 15013 253 3049 10784 12901 3404 6980 9392 7940 10957 11161 14660 5924 5432 7892 2768 8953 4088 3980 
6107 1199 5495 12323 17447 15167 17039 13175 15767 17627 9947 1919 12251 2163 3351 8603 14223 1667 12387 14663 4023 9183 17739 4443 7059 12315 16491 14451 7395 3947 16539 9819 11595 2547 10407 14379 5561 8535 9507 15245 11189 14345 17115 2597 699 3291 9977 9341 13191 1937 16325 5429 13745 8081 9403 6195 14165 9353 2369 1025 4291 15449 7375 14021 3257 7087 6485 9173 8215 9413 17383 12967 13517 11695 10183 1865 16507 5431 13255 5575 9547 11839 13363 15643 12607 15319 7231 12583 16471 222 14014 13804 15225 3690 12098 10858 5880 834 38 2176 13708 12418 11578 16449 11634 2280 5649 17349 3933 15801 5220 10178 13474 13334 112 14234 2322 12576 8649 2934 17745 7092 672 3830 10773 15746 746 334 10098 5064 1780 13245 17982 7982 7545 15064 4365 5318 10581 14938 13422 4618 12438 15456 15564 9178 16437 17976 3382 13918 3446 6816 880 4882 13350 3722 10506 16900 4974 3552 6828 17414 8704 4786 10282 2380 16454 9842 11686 4125 3424 6616 12736 12048 13254 11061 10262 5236 17596 8006 13473 1090 890 3062 11632 5058 16582 4486 11733 6382 12626 10434 5764 16070 6045 7242 15622 5916 5970 3840 12314 5078 12153 9504 3484 14865 3256 5870 14142 1238 8758 8020 11013 2838 14997 6514 4896 10606 5380 7846 3130 5769 5305 7281 9022 11112 9741 10542 4672 2084 13885 1590 6474 17120 6356 3860 5912 8204 15254 7777 16520 16652 10988 2797 1609 3433 8936 824 1273 3097 4969 17617 2509 13645 11216 9613 12896 10868 11953 5120 12613 8276 16256 16105 745 529 1597 15397 6968 9404 476 5317 15812 1556 5917 5420 7868 2804 2341 3949 13340 
12239 13715 10031 5027 6011 7751 12107 551 5375 6099 8567 8123 12887 8531 2819 16439 16599 1883 10991 15519 11315 12695 7983 7251 7655 10227 14487 4971 8079 539 14103 2615 14571 3903 5295 5367 6303 7973 10803 10457 8297 9749 8777 10251 10757 12653 6797 14813 16025 5681 9461 4083 17945 3809 12713 1733 11561 9449 11597 7685 10493 9233 5201 13781 16109 4865 7363 12593 4171 2489 7411 11983 7387 15283 2791 13351 2443 5719 10123 6583 5659 10819 11467 11515 3859 6835 13123 7426 1026 17478 5308 1698 15237 9714 15847 8292 11610 11188 10222 7110 7970 8145 14590 8920 13510 15754 8265 15234 453 6777 12993 1881 4804 13332 8565 14229 17140 10176 8450 9490 7048 1432 13238 6340 5146 14493 13665 8896 2812 9825 10629 12708 5018 16476 7522 3400 1842 16996 16090 5222 4521 13770 3910 12432 6652 15501 9070 6429 8488 11016 15996 5692 5934 4053 62 4310 3730 15856 14244 6906 4910 6790 13864 3516 8116 15190 10260 14406 17174 1678 5822 14817 13186 11954 3078 14198 7569 10430 786 17598 12796 4416 12225 8110 17373 4590 10932 8700 5086 10654 9242 17889 7898 17025 7826 7128 7840 16509 12882 6566 6154 16468 15684 7353 8112 4094 15050 4646 261 424 4182 8889 2940 1058 17282 1185 640 12220 8016 8406 6249 234 8524 14410 13306 17654 14266 11496 17493 4198 873 13045 15817 7788 4398 16280 10880 3745 3392 8797 9948 10280 12080 8053 16460 2480 1460 14948 12884 188 1189 5732 5065 1724 6493 15337 12836 13592 12356 3505 1249 17005 1388 320 8893 9464 6872 7345 15385 12728 733 14989 10136 15716 6037 14293 11264 10585 7837 2864 8984 11504 17917 
14219 14231 15611 11699 16943 5819 767 4667 16055 5915 9399 4115 1343 8363 7859 14687 10499 6575 2711 15263 10259 6251 8399 10395 2423 17483 579 1563 17031 14915 5535 12219 12207 9639 5175 1695 9231 11393 6027 2835 1659 5855 14319 2103 13397 17381 7001 4889 6243 13529 13757 16937 2945 65 545 14153 7097 17393 15041 1181 15965 4577 3017 1601 16099 15271 8635 9941 7709 5107 7673 3607 10531 8455 10663 4567 16301 2971 2335 11743 10423 11419 19 8527 16531 14071 16183 3151 13048 9402 16970 1401 8776 4056 11565 2326 1962 11613 11326 8338 3270 11560 12330 14202 13098 1634 9972 796 16504 16128 7665 4334 10032 6682 8502 8418 17704 2457 5294 16360 16778 7104 3778 6760 240 7305 74 14152 13910 10158 10510 4224 1356 2970 8148 3943 11532 9672 7941 2253 6460 4636 17032 5734 1048 2613 9882 16618 456 4582 15338 3134 6576 12938 16398 1296 16336 10514 418 13276 12710 3712 11160 11962 9230 8068 10252 5584 4794 13816 7934 12442 3638 11890 3544 6204 10912 5618 1334 6450 11956 4458 8140 790 5198 9132 1596 7164 3250 10152 256 12688 10426 2100 3460 13414 13230 13293 3858 3794 6338 7694 1350 15614 12742 2688 11616 10600 10948 14632 12054 8786 7992 15192 7924 13354 15102 15626 5008 16470 7276 17246 17538 4962 512 962 810 17370 12888 2516 3128 9632 15548 10664 7112 4688 9589 7873 8612 7544 9889 6272 14365 1844 3385 152 860 260 3217 2257 6265 6301 13633 13753 13369 6457 12817 4873 11353 14329 10081 2396 8720 1909 7585 15536 2941 10352 8437 16081 12164 10964 332 16712 8089 12841 15613 2732 7160 9236 
14291 6335 9683 2987 3275 6347 10787 7335 11235 1739 17795 7127 2579 207 14843 15227 3023 17303 7811 11439 13499 359 12899 7199 2807 9567 9725 14331 16419 13719 6387 387 8559 9401 3123 1443 7839 14933 5333 14679 16623 15737 2487 8439 4409 15977 4361 3401 12413 1205 2009 7925 10577 9821 15651 425 15437 9617 12761 17921 12463 2813 6845 11789 10541 17849 13613 17405 9041 4723 13589 4207 15389 15355 1507 3031 7303 11935 9259 3463 11359 10471 15715 14791 14395 6175 9103 691 14954 4087 10939 3679 14126 7999 4288 9448 13317 8130 3912 4218 4930 12550 12194 1701 7814 8366 10516 7977 5808 4554 17518 15472 17580 13662 17272 5908 1272 7078 16164 10218 2050 12334 15676 3724 6765 1917 14442 7384 8518 4734 11138 10582 13092 2370 12372 8277 6033 17008 4096 9549 16026 6162 14700 6076 11808 778 2626 11742 312 17206 14990 7254 11460 6862 1044 9081 1254 9508 15942 10576 13281 12150 3594 3364 2950 7929 4626 8514 172 8914 11186 17010 13041 4446 15646 6564 15036 10938 17073 370 15194 3220 4422 10398 7797 13614 11493 7449 5124 11208 14786 7692 16041 2680 10954 15386 3522 14433 4488 17222 4034 378 15585 11776 17196 1065 2217 6446 11498 10420 10778 3640 1060 13830 7470 9096 7905 13348 8182 10140 12501 2698 15849 2238 12600 13188 10822 16216 964 5637 16078 8756 8665 9608 15440 6824 13693 3512 8545 7753 11624 11821 10645 11000 1124 1777 517 9056 16369 7945 16904 4952 7052 6361 14221 15961 12392 1484 3241 4861 14204 4796 2120 8881 14996 3085 10184 13520 12481 15925 9416 7688 16981 16825 1856 11281 11588 10124 2876 8996 11497 1808 
14987 1955 4415 9719 16499 863 16367 10331 7031 9647 12803 9335 5543 16859 13979 15683 2123 2867 15803 17495 16523 1007 12903 13035 11291 2319 5979 6767 17723 4875 5883 4731 4119 12243 4059 16755 6411 4755 14537 1263 13611 9111 14213 3543 9603 9699 3963 13169 7061 245 581 521 7517 2717 569 14177 13253 10217 3389 4913 11297 3125 149 13853 7325 5381 10699 10651 4313 6785 11191 185 5515 12427 3283 3787 13759 17611 14923 12319 3523 17371 13975 9379 14155 6127 9307 427 10099 2059 14961 17251 3688 17584 3669 1654 9 12813 17952 3030 14952 2721 8554 8664 7418 17896 9864 13066 2284 13636 14196 10362 3369 1974 10348 573 4834 2932 7044 15682 9198 9621 10058 3561 1425 12522 4617 1888 10624 13680 14310 17146 10470 988 4994 6180 15069 3274 11270 15081 3048 10101 372 6021 14498 11788 4464 8680 9226 2582 14094 11068 15336 13984 6873 15952 16702 14158 8080 14056 14217 3530 12778 16570 17148 13605 3057 16072 24 17661 15774 6370 14850 2548 8248 2726 17620 2614 5274 348 9660 14020 17632 15214 16986 17169 13617 7310 7930 14494 17568 8508 16905 5925 4876 1530 2112 2836 9928 484 8702 13140 921 8820 11980 1598 9756 13833 9370 10540 8037 7598 16629 7017 750 4914 14426 3696 7224 16178 4090 926 3816 960 13934 16953 3626 7641 2036 17244 17054 9105 17492 6745 9644 7888 17821 6224 3968 3152 1088 8788 15704 4376 9973 8480 2713 13088 1369 3661 1549 668 5245 4201 2281 17425 13153 15464 12709 9440 3536 1820 17665 16873 2101 13261 236 13700 15997 13597 2000 7201 14564 16177 4813 4676 14360 14732 12073 10405 17485 7489 3680 10340 
16811 6023 12911 2339 15275 14627 13115 9863 7379 6323 12983 1895 14931 16955 4067 9623 10811 5039 12875 3603 8615 4463 14123 6699 13863 4623 12759 2931 4595 13275 3387 1731 3111 7571 6627 7851 1949 14187 209 5955 13491 11883 819 137 5451 17871 16287 1505 183 13097 509 7013 2393 10517 8405 11861 5093 2057 16299 8525 10505 3173 1217 14633 10805 1759 6103 12391 7339 845 14779 1279 9715 16087 8393 811 6115 1963 10267 1327 13291 12451 10543 8479 12571 12547 13459 5455 4519 2753 7422 13110 2169 14085 4836 7550 1068 16848 13480 12945 14484 4168 6802 1932 8918 2126 17306 1828 10761 5560 14782 1557 3206 13702 8193 6208 7046 16914 3105 8289 16094 12324 13968 4782 3982 4562 11445 15346 8902 4638 1522 30 4828 1312 6216 6480 7389 7204 9904 2076 7872 15093 6030 15180 11770 17820 8534 2848 2114 15878 590 10209 17878 4204 9306 382 7624 12345 9069 14236 6954 12144 3624 4509 11913 2844 285 9352 2860 2214 9900 9426 8122 12681 14766 1269 6302 7518 8466 7713 3736 15504 13468 9357 849 14352 14532 13606 1536 6093 2733 1174 16557 17421 6004 10776 10200 15654 16413 8004 16725 6568 10728 10536 8992 4905 3357 9384 16588 17376 7444 12878 6562 16269 15150 13030 8842 9417 14722 15928 11254 13038 9786 6573 15121 15436 4792 11116 1010 902 12452 17264 4964 3938 17108 11077 12488 3140 1069 4161 11756 9121 9992 8456 15421 1892 2096 3332 16249 7981 3577 4429 6685 6428 10292 13808 10489 11888 6481 6181 14185 11485 14828 10057 9637 10424 13177 3236 2684 7225 16676 9361 5497 1465 11372 16861 5377 10129 2912 2233 4004 4345 
17531 16415 7259 9323 7307 1103 10079 15971 9815 17423 15179 6359 5579 15647 11075 14891 13095 9311 299 2543 9023 4539 3635 3251 7575 16935 1295 13059 63 7023 16383 7295 9063 11823 1983 3711 13227 17631 9471 9627 16731 3183 6255 2825 5787 9437 8549 6677 2297 2691 377 3077 16793 12209 8045 12989 5621 15305 3233 4793 11045 7901 4109 4553 14287 11371 10589 13927 3271 12293 6283 8719 5647 367 15331 1363 7603 12727 739 13771 14467 8359 14335 11167 8755 10231 919 11623 15043 6286 15530 7090 1581 13894 8210 1005 9748 13202 14721 9513 14356 6756 15750 5712 2248 2182 3784 14166 17004 4338 1898 4116 13389 2517 8868 1218 12636 10522 9213 17464 1450 12916 15312 17634 5678 14926 15170 561 5022 1826 1022 9722 16797 8446 5518 11266 1734 9285 10464 364 14678 6058 16610 16720 12792 8562 17313 16102 10164 562 5433 12489 16692 14230 16342 8884 3280 10662 3556 12132 13082 8942 15306 11740 8253 2594 3010 5322 11338 7214 1098 2538 8032 3504 16833 14462 7474 5832 8246 984 7094 6820 6958 17450 10014 9940 3138 14637 2832 2930 9381 13749 10586 2782 3846 7152 11778 5164 14262 13149 390 2968 1473 15502 3052 1602 8934 9412 5862 9634 4898 8810 3309 7430 10670 6636 3454 4600 8170 3526 10552 5874 7910 12298 16464 10726 12020 17844 10590 17922 15968 7549 8952 918 15289 10897 4105 11221 14449 12240 16525 12169 6464 16868 15205 13784 15344 12272 1441 325 3608 17161 6673 6601 10273 14528 15949 12512 3524 11324 3829 11492 16429 457 9553 15152 13196 12361 13904 7100 6764 7820 5492 12092 11377 5828 5365 7681 2936 4645 15757 9949 
2411 731 15143 4451 1835 16115 14339 13847 1511 1559 13943 13371 6731 503 971 5763 6143 8891 12779 12507 2663 2351 10923 11463 3279 2567 17979 15395 15531 14607 4655 4935 8799 2031 15567 7899 12375 9411 11619 13731 12867 16481 12065 11535 8067 13011 10061 2211 15353 2763 6125 6461 12197 11801 12245 12029 17561 12437 3425 14297 1301 2549 3797 10481 16865 5335 2213 8993 557 7663 9679 1567 10601 2153 12163 2467 7963 6631 12739 5587 12403 3643 5407 12439 4375 16819 17923 11215 10675 17210 2502 13627 5997 7062 12487 2270 2994 13710 12093 2378 4749 14001 14908 4222 14604 4080 6993 3141 13519 8916 2454 12998 5604 3000 794 14778 12162 16882 4130 2572 2738 4406 3882 17037 3334 5178 10572 9114 14332 4358 1514 16084 15446 13386 16674 17426 3465 10989 16092 3222 3861 13756 4665 1149 13034 6700 16250 2786 5326 6086 10090 6084 12586 12904 1990 3082 14184 15924 15900 12322 993 1624 6453 13554 7920 9844 10080 5498 17674 9890 4610 2536 12978 11952 2386 8472 10254 7725 13408 12873 1372 15444 12568 12242 12285 11638 11025 13824 7746 12686 16185 13794 16017 11878 678 13413 1216 8870 6038 13324 4764 2638 1474 1606 8121 5364 5702 4528 14714 7636 12876 17772 11169 10557 2632 5638 13410 16262 7170 13512 13224 11668 14866 16656 8409 4297 3960 12424 3496 17060 2989 9106 12610 17456 10873 3740 11605 8876 12954 11569 9380 8324 6313 13316 13976 14737 1520 848 16448 17384 17240 17605 16760 14216 13124 15248 6452 17149 5281 1700 5461 8240 15080 16285 16669 10789 3253 12769 10328 16292 10141 5233 6121 15049 11288 11653 11456 2972 16213 15361 14857 
13703 16031 17003 16235 12647 1907 4259 9539 9971 4775 11495 12039 6995 4991 14979 13751 8819 1235 3107 7319 13907 13127 14211 16995 1055 3179 13487 7835 2823 6599 2087 407 7047 447 1191 17471 11451 15135 9891 7035 4535 7179 459 13791 16779 5427 13827 3843 16107 10095 3783 11079 1515 15435 11415 879 2967 11511 1719 16707 10743 12233 2957 5117 16721 14957 13971 15315 9003 449 7191 1121 975 5765 16241 11585 6773 10529 317 16671 14729 12137 10361 10205 5261 305 173 2633 7865 1685 5981 7469 1445 11117 9389 4049 1493 12521 1397 16781 8873 7169 7613 9641 5359 17273 15893 1037 8765 11395 17753 17597 223 15665 15007 14527 16207 11095 17827 5693 16999 10291 199 6641 2599 13915 12907 6223 4447 14899 5419 3991 9427 7951 16987 15115 9463 2671 9559 11899 14479 3967 6955 6535 16661 11803 535 9724 415 17455 14491 7147 8023 14124 8668 12202 5157 16166 10902 16918 7125 10764 17277 1752 5361 10306 2010 3618 15156 5726 16810 4233 5130 3758 6297 17346 9540 11814 2476 4578 10708 597 14522 6537 5544 1192 7000 8640 1790 6074 6273 12726 16332 10620 1977 1562 10394 4209 3801 2230 8661 16938 8748 12348 11978 17517 15574 16486 2464 9645 10146 14088 6266 11680 6182 4497 16665 17776 4632 10894 14380 11196 4500 15105 4680 4510 1554 15789 9885 15986 1092 9326 1377 1108 5746 16766 16694 8218 6570 5186 9261 3312 3081 9422 17592 7744 17374 376 6309 3954 15202 12226 11784 16666 15454 994 8572 8278 16866 4492 314 14412 11850 17668 14460 11214 16750 10224 622 5889 14212 16190 14902 8781 924 6538 6998 16828 2085 1884 6238 7630 17606 12249 6490 4870 12768 8950 16761 5690 17884 17856 650 3458 8610 14706 3904 17522 14652 9760 10118 714 2302 2686 11268 15770 11486 12606 9232 2546 5505 17734 6026 8238 8358 4308 10632 6144 489 7605 8316 17082 4874 2526 7010 7838 5878 13122 6578 14854 12496 5634 17234 10130 13965 10986 16584 7221 11764 6436 4790 6374 7740 14558 13782 12602 17656 16814 8158 5530 10308 3482 7500 13416 14560 16366 2865 12190 15369 14949 6376 15262 8520 3254 9036 12480 11644 11794 11058 2310 12598 3633 5024 3021 4144 405 5284 15042 1722 6242 3570 13198 12706 1132 13221 3818 17918 7570 12318 7912 5006 14796 4392 12184 12429 157 1666 12830 12957 3122 1718 17865 10830 17953 1064 10969 8924 15721 4752 14268 15582 1393 12553 8468 13184 9524 13309 9732 3494 15488 2408 2624 7460 11857 12140 3356 8552 14977 1256 5545 11677 16208 5089 6812 9968 5785 16789 13256 14600 2953 15277 14132 12325 17204 7813 8941 8569 632 8672 5221 16916 4628 6985 2288 2701 2893 6296 11300 9872 10621 11252 13856 12385 9445 12404 17792 877 3277 16796 17756 1333 1093 5809 3649 11473 8000 14756 10045 121 17545 16153 15325 7244 7033 14540 6632 12913 2833 3589 2581 10465 14672 15913 73 8929 14864 4784 4417 1448 884 15776 14768 1232 5761 15697 11552 16417 8521 7633 15560 4496 15625 13100 9956 961 12889 200 13652 
12335 7367 13895 13355 16019 6683 815 10847 10055 15947 15899 5195 15215 15491 5991 11675 2099 11187 9659 3371 14951 12087 16023 2063 7083 10163 8519 947 1223 7155 3203 6879 7011 6443 17927 6899 15191 11159 12527 7271 7779 12639 12027 17223 7479 10431 743 6267 9423 7167 11237 9555 11571 13563 12927 8175 15291 11007 5283 6975 11067 13433 903 9939 14643 14991 8849 6749 2789 14883 5391 10565 14715 3593 10649 11813 9053 1961 13925 5549 17609 17933 17165 6209 6591 5967 6915 13037 14849 3053 13505 9965 6533 13865 9281 5537 989 5921 927 7589 6353 5249 4145 11513 10829 13375 15101 15497 4469 14623 11213 6799 1373 3161 10949 15689 7433 8165 16723 15223 3331 14059 17527 5215 4363 14095 31 7243 17683 13951 11683 3907 9223 8959 6991 17947 3379 2635 14227 13663 9967 17791 1771 17431 9274 10891 17743 8119 3715 2143 7903 12931 15763 10126 1041 218 5707 2220 8294 12328 11606 6516 17397 10758 17822 5150 4293 17838 9446 8212 6118 11810 14046 1341 766 6789 1144 14574 4413 12270 2450 7512 1430 8862 13548 15741 9996 11412 8644 10270 3268 17590 12494 5796 17817 1906 1785 11469 6348 12996 13126 14844 4542 9561 11950 17766 9345 17430 9862 9168 17418 7030 7070 11642 13138 16738 17760 5952 14577 1857 14772 6134 10682 15964 9093 2730 286 13838 1742 15670 2040 10230 2462 774 2318 12516 12342 5580 3142 4048 3276 16521 11728 15862 9670 9782 10380 17361 2241 6166 13876 198 14482 270 3600 1360 13068 6710 5762 8268 9034 15702 9849 8894 9705 14092 570 11314 16552 7258 6402 10608 16401 12422 8832 2877 3892 5920 1300 14157 17106 3732 14248 10950 17241 13978 16290 12316 15402 12826 4956 13762 15760 11882 4797 11716 2098 17508 9460 17550 5 15182 9366 17541 15710 7346 10478 7233 7284 3993 13116 3681 9369 5500 11877 13290 15638 2066 3202 15022 3302 10190 3354 7728 7714 4596 4190 7538 16294 15146 8829 14853 6834 1890 12670 5196 8484 3814 7456 17066 14992 2856 13538 12420 8526 7642 10666 12634 6633 8964 11380 14846 11618 6996 11006 6232 13402 13270 12218 2776 12148 6202 3820 17850 3990 5865 676 13036 10593 7836 15846 15658 8962 12674 16089 2534 13842 8530 8229 11840 15933 16474 10893 9780 7998 52 13360 17782 5522 2350 14942 874 7798 3306 10738 14800 12117 2554 8790 17052 5632 5706 4677 12457 205 12698 969 9265 128 15332 6877 7764 13518 12782 12780 16272 16946 6848 4057 13105 4249 8629 7609 17406 12892 17024 15800 11029 1633 3913 4273 3500 721 8972 14312 5452 11612 9044 11828 17048 16633 15908 7849 11168 1160 2821 1796 13477 15092 3769 12260 176 17725 16333 1213 1112 3001 3272 3721 6853 1741 6073 2437 12632 12649 10316 11024 14677 12397 16160 12337 16856 6505 11017 12865 1268 5077 11785 5648 17221 3553 9932 13244 2072 2240 9080 9656 9505 16568 6896 6944 10189 3193 3116 3697 3932 13081 10225 16736 8708 56 16496 15685 11713 4304 5965 5833 49 14852 284 5744 17036 11665 8960 10412 12829 2389 13076 16465 9176 9733 14336 10717 8096 
12047 7163 2471 3083 1163 4343 10439 12731 695 12767 11831 11867 7403 16931 14711 13695 15599 1499 15575 5255 6903 3131 563 14723 12423 10271 17663 13163 6635 4019 791 4131 2619 5115 12083 12587 2051 14403 17291 11031 8943 9795 4503 4679 9291 7959 12791 567 6603 13683 12329 12339 3483 4563 2405 12675 8235 4479 3891 9351 12171 8367 12461 555 495 15171 13455 10887 11655 12831 7241 3473 14139 1215 4191 8729 627 4277 4695 3269 10539 10385 14225 7347 12665 11307 9015 6435 11441 6701 8093 14393 1553 6821 2021 17357 6041 8501 2225 1385 17 13361 13649 10445 16961 17885 17587 15845 1013 14993 4073 13181 6907 10637 11669 785 4231 15881 353 16289 13711 3677 10719 12655 14827 12773 15979 12511 5611 4279 11731 16157 16891 17647 5563 17623 9991 6593 12475 7075 15151 14719 12799 1075 5969 11575 2947 10339 3823 10963 9115 17695 1675 15667 3811 2587 14563 12953 11539 16600 15528 16867 7526 15376 8332 758 10236 7252 5112 15816 6672 6904 7480 5056 15414 7054 9902 11602 478 4800 9666 3602 17118 3237 1612 10214 3609 13828 11474 8342 2376 15374 3540 1480 17733 15310 694 10854 16518 12753 16406 12946 16044 10084 16581 6441 5790 852 8542 2946 4593 7130 4936 2294 8574 2853 2596 8028 14970 5740 318 16713 13602 4512 10953 6057 14750 17325 4360 4606 16330 458 8817 13992 10206 5020 10498 10965 15492 9252 5394 9482 12336 7974 6724 6002 4010 3513 15084 4330 17152 7950 9280 7794 10005 448 388 568 3952 4540 12310 12369 7072 16726 1018 16242 9110 8986 9798 7542 4074 15393 2330 17337 5292 5280 11542 4778 2246 342 2565 1161 5904 16278 9648 4822 144 13200 4197 3242 6250 10818 8841 7014 6642 990 13022 1569 618 5676 2949 17868 9118 2872 17558 3066 15078 14877 9372 11748 13581 16036 1708 11512 17680 15556 14856 17178 76 11997 16630 11874 14758 17296 4706 17236 15918 3862 6130 1728 2637 13404 12072 3304 4666 17090 13452 6594 13032 5428 10730 6912 3878 8937 4756 14553 7230 7917 10110 4101 13874 5854 13936 17462 6168 12664 11286 3804 3036 5002 5166 15988 11910 4150 7462 6122 10946 4402 14646 3970 16322 16708 14388 7696 17577 10432 1353 15828 12770 7926 2184 10070 15806 11218 11650 5373 9156 7690 14548 11040 13942 10866 6933 12894 12832 948 2762 15612 8626 8618 3646 2218 13594 9321 14872 7884 12258 15652 13444 2344 17718 13222 8390 9153 11049 17536 14504 1280 15848 11929 12849 8794 10800 5594 3900 13216 7177 13532 9745 9805 15517 7357 15252 16885 17468 2228 13916 10460 5156 12961 8305 937 500 5204 11600 4592 4928 7628 16412 10532 15764 11173 14305 956 13945 1297 4172 296 37 16501 7712 8413 7988 8761 3020 3289 3733 17564 17648 2809 2449 10093 10201 10009 12968 14377 9565 12061 14173 6548 4537 6320 15584 5228 15692 3841 11396 1153 12469 373 481 428 2197 9217 8473 9512 7309 13009 7537 10796 13573 2185 17281 13393 17672 14708 6445 9452 16232 524 17732 11720 1537 15805 14348 889 14396 14240 10808 4916 16976 9320 7472 12757 13441 12253 7328 9157 8389 17773 12776 3409 
2459 16979 2531 9035 9723 17375 15479 14039 12659 2519 8291 3695 12327 167 14639 479 8843 13187 3875 7359 5483 17159 16823 10199 10451 7971 16719 15959 5927 2891 4715 9227 10547 15923 7599 14063 17799 9011 2523 4187 3135 659 16227 17379 14603 6615 267 12135 9459 4043 12099 4091 13407 4839 8403 17535 15839 13203 11783 12627 1359 4691 8003 15015 7071 6531 10503 8331 15615 10191 7683 1841 8115 10697 11907 8811 7827 17345 10587 13623 8741 4805 999 9545 16611 11127 8213 12089 4133 16493 13085 4025 9425 9727 7203 14465 7949 9893 10925 6317 2897 5321 7757 11345 4121 341 11081 6617 689 15017 4709 1805 9245 5069 15523 2167 9149 6569 17959 1661 16625 1651 17009 3545 2417 9811 4601 9127 13435 11909 17285 15127 13111 9691 8323 16363 13399 1903 9979 3941 10759 5479 17551 6499 10207 6019 6391 5983 3919 12211 667 10075 7471 1735 8239 2925 15595 13543 15734 14551 2395 9655 10807 15978 10615 8443 15222 2990 2514 9576 15518 8848 16785 955 9590 1754 4970 8650 14702 10648 12012 5038 8100 3098 5337 17166 510 16246 14282 4972 6850 9616 10320 9126 17448 8457 11390 17380 1494 3586 15136 2794 8442 2474 9510 8613 10740 10192 1874 11478 16762 3664 170 14793 15178 7036 7209 12650 2148 9450 16410 5254 9674 7050 15270 3441 14242 13758 15558 12662 5160 5181 3396 11508 252 13560 8858 14241 4560 1550 2282 1442 1996 12910 13380 2373 12520 3580 6726 7452 16492 5572 3074 15782 11481 15009 9858 8505 10450 10272 3172 6198 6444 14742 3946 15594 12453 11781 5724 6528 4430 9237 8652 1833 14044 1461 6213 3520 14664 5436 7354 7466 645 15768 13062 3604 4186 15922 16874 10466 15012 14136 1910 8738 4816 2002 14194 5512 3261 3574 4473 3650 12909 2740 5534 1600 11290 15664 13572 14798 8272 17368 9640 8176 14496 14686 9758 11688 10008 1706 4780 11416 9410 14848 12890 4456 8886 1326 736 9544 2392 15040 14037 10888 15882 8433 17926 12746 9038 9021 5782 6622 12360 15552 3249 13286 8361 17290 15909 7206 537 7454 648 2234 17862 14628 358 3196 2158 10668 11296 15098 8752 8522 7326 6470 9654 5268 10197 4490 9789 9946 9100 3444 540 13836 784 13668 6640 4534 10588 7845 5238 11502 6930 17488 8088 12837 11278 588 3996 2562 9912 9162 14301 5162 7994 14068 17056 782 12246 7497 550 4346 904 9952 7560 12110 13674 13586 3813 7698 406 2622 5457 11114 7488 5985 957 15261 932 10748 7525 4945 13522 11622 14517 1864 1128 7784 10244 2497 17965 5353 14125 9765 6741 15578 17905 6757 10849 13705 5072 12037 3260 9908 9128 3022 9548 7736 4405 5125 10856 15937 5641 11089 2720 2984 1897 17629 17576 3973 3613 7796 7448 572 8365 16309 5216 5576 4604 6973 6769 2708 2905 13237 14353 14233 14444 10381 13760 11948 12416 6013 4544 6212 4129 15188 5425 12524 14101 12433 5617 13952 13285 10153 7856 9373 17977 8744 680 10640 716 6613 17437 12877 13141 13897 3848 7189 7316 6865 9152 15037 8252 17065 12176 12049 10981 1141 337 1621 16880 5096 5660 8024 9620 10196 3889 2617 12313 7508 11960 11276 7028 397 2425 
6911 13931 16835 9059 13655 16547 2447 7931 5987 13367 12575 3167 2735 9359 4487 14999 2787 10427 5519 7547 10239 8771 11811 9047 16679 17123 1607 14195 9119 5951 135 3971 12155 7659 11555 8727 10319 17027 17643 779 17043 3075 935 17547 4239 7511 5783 4403 17823 6543 6339 2243 10347 10479 15027 15 3563 12299 5531 6579 5607 17691 6039 14879 10707 1299 16635 5655 15857 9615 1851 10371 12041 1059 17187 3003 14631 3353 7539 1433 6161 5057 13515 15255 12809 8019 4301 15413 5751 2261 6639 1109 13541 10469 11151 1973 10097 16745 2621 2729 5801 8801 14935 7563 10049 17237 9629 3641 15161 1529 10853 881 13409 5825 2983 6737 12053 5405 4807 1349 3041 10459 14695 12643 14575 7723 10735 4627 1159 11443 10279 9079 14671 2731 9031 15175 3595 7987 4099 15809 11275 2539 1987 4327 7939 13819 13279 547 2851 7843 12283 13939 2875 17023 14299 6067 12835 9475 9391 14251 15297 15919 11671 10012 2980 7874 7327 9910 7334 2406 13053 13147 12060 5486 3336 13432 1737 12174 16718 5736 1641 2661 438 9124 16758 7404 9496 4746 7068 16786 16530 26 9566 5586 2901 16998 326 15264 6708 17434 11100 2022 11294 17160 2662 12862 6510 14572 15134 262 16126 1528 12638 5558 5302 8580 2580 10053 17728 16641 5054 5032 15514 13912 14962 1905 1918 14746 5098 14434 5116 13582 254 4662 192 16000 9801 2025 10278 10814 9234 2320 12530 1230 7390 6729 8440 7156 5738 10756 11726 15802 4240 2524 5368 15948 10226 14030 13394 14682 14472 6496 1258 15690 6604 13294 12594 8973 8250 9854 202 1378 16624 3100 2206 8961 17666 1570 10910 2913 14325 13029 10656 12741 6624 14302 3741 16506 13204 10365 14109 10869 16522 15910 13228 1320 12720 6678 12498 16574 13670 6462 7162 5073 669 8098 5866 4642 2858 16430 9393 16077 8001 7318 558 6060 15762 8517 8382 2532 3652 5010 15662 8241 4014 6196 14145 5656 3300 16002 11162 17601 12730 768 8706 15100 2618 10500 3717 4684 9374 12700 8232 12294 1524 10984 9930 7228 4644 14476 11774 7770 17570 8428 5205 4653 4918 3708 7906 15398 7012 1413 15876 3322 12026 12254 14649 11798 6062 16590 16822 14818 13234 13788 13425 4180 16662 10816 5232 11640 17712 8362 3046 4149 10078 11901 1656 7173 1593 6042 2102 5596 14118 14070 6926 7005 13192 13406 1062 11042 7708 5598 9154 6246 13218 3417 8354 4194 7322 10722 15360 13450 5770 13328 13678 4396 6234 14394 12604 12958 1645 9001 7081 630 12789 8622 6177 9166 11636 16340 14905 12193 14953 4400 7490 3120 16681 16112 10712 1693 10453 5180 11384 8329 380 8624 16129 5396 16184 4981 9848 8132 10525 7381 11197 2540 14437 13928 2377 464 212 4316 97 8281 8516 356 3469 3025 4573 3752 2216 1789 2828 2456 15745 14341 13280 10393 13064 13381 12440 9685 3541 12128 11012 15181 1712 3853 11792 15769 17072 4705 8084 16021 10033 8857 9224 9661 2156 2888 13004 13201 3169 13789 17336 3709 12476 12536 584 10904 116 9008 7621 5000 5197 12277 11209 5581 1525 17857 1081 10813 11744 5240 16261 16585 12752 13412 4244 17365 12109 13604 5629 15896 13616 
11375 11819 4895 4367 6827 10019 17051 2303 16571 16355 6419 9431 371 14819 17315 13223 12635 3587 1307 5699 13271 13019 5963 15827 9503 6771 9267 13007 59 11111 17015 3551 3191 17931 839 11507 15123 14775 3263 13647 5415 8939 7455 10119 11895 14391 5019 9315 1539 16011 7515 16563 15747 10659 14163 17847 8261 10167 15659 13803 3761 3375 14067 3927 5871 10299 11055 1649 17451 17403 17141 6567 16575 16647 4551 3579 2115 281 7301 10733 2321 4829 15005 5645 6687 6867 13949 11525 7601 9689 17283 12317 9593 16229 8957 3857 11357 17861 7937 11693 10145 233 10107 14045 14009 2885 7181 8585 15989 17669 2407 11765 9317 10985 10553 13443 1579 2861 16061 3569 6257 12235 16603 905 1435 9101 11971 2923 17047 9091 17143 1939 10087 6607 2561 12113 17323 4891 10351 16255 1411 1099 10027 3835 8887 12631 11263 13963 3427 5143 6463 2659 10242 16879 1495 5827 12991 14803 15799 13411 979 5467 15499 7315 11119 17659 225 8431 5578 10977 2830 6766 15474 2215 10358 14822 5133 11234 8217 208 15138 8260 10922 7372 4890 16396 7854 17496 5460 5092 9033 3585 12514 4202 13648 8778 15406 4174 1638 1382 9580 9050 6000 14414 7572 15510 9340 6654 17678 11334 10792 13570 585 12918 17438 8602 15186 12378 5066 17278 12621 8510 7938 8082 2328 1344 4980 11662 16886 5802 1156 6778 3928 1858 6108 11466 1713 15366 8754 5442 2188 11842 11800 5226 10346 9436 4850 1368 14964 15606 5742 6369 3226 7212 7737 7300 11446 16101 9856 2448 2082 7749 16910 3849 15370 14781 4660 15174 1293 3478 12057 13382 48 8304 8500 4212 5049 11652 7600 196 17673 17470 9130 5494 482 7922 13065 15926 10392 5464 12758 12885 12712 17748 17530 3198 3729 6294 6244 14998 12306 12333 13398 12657 12914 8757 11517 11145 3381 6442 4776 15969 6016 7792 3194 5506 5286 8584 13600 11796 13750 16452 17698 4128 4938 8164 12900 3642 7042 2944 2418 16881 1408 6288 7682 14418 11014 17157 11133 7689 14894 8880 7132 6448 14994 1170 856 2042 8169 6948 15810 1245 13905 8968 2142 6298 1542 6036 13858 13540 14808 15506 982 16188 11244 8400 15830 14334 81 9662 4788 8692 7074 11646 8424 10737 3132 9606 3480 4594 14424 336 238 13786 17848 4762 16222 12580 10416 8 17750 5374 9358 3634 1640 16954 3040 14565 9158 7774 7440 10828 8394 12321 12492 916 9160 12266 15804 6590 16214 13214 14514 5376 4900 13584 17490 13845 12261 8013 3486 354 8392 6 17252 3826 3956 4280 1573 17473 3490 6922 12828 5529 15256 1992 3321 896 12805 5456 3944 133 5989 13302 17389 15241 2317 10297 13717 3716 12380 8360 9884 488 5704 8732 16477 17113 11816 9812 9901 11389 8336 5905 2569 14521 13676 13388 12764 17924 7861 9092 17828 704 8864 5485 17000 4717 3865 2245 7021 2840 17497 11293 9920 12992 12668 15932 12212 12188 17197 3224 15200 3320 10933 15709 17017 16892 1652 11509 1429 8077 10105 16352 8852 8780 9668 9541 16573 10676 553 1885 15493 3104 2773 1669 17612 15145 10909 9536 68 560 4993 11749 1544 5941 1136 15044 452 1424 6565 17053 5192 8840 7237 12733 13405 12241 12932 13297 12044 11516 17744 11852 
1127 9407 1847 7463 6095 7487 7523 2927 11367 11711 14675 12407 14375 7079 8087 6983 587 2291 10715 1475 7955 4331 4079 8631 6383 14207 7439 3515 5075 16559 13631 16887 10911 10379 6015 5135 3447 11303 3419 6875 9747 10467 16827 7115 12735 2595 9711 6923 13383 11631 3207 9531 1827 6087 16695 8919 3735 7529 987 11043 11955 10947 2583 14285 11667 15039 8343 5571 3327 2271 14897 11199 3063 10131 16215 675 1335 14259 4337 2775 13119 11847 1409 6471 11283 17501 8861 17369 1421 12687 16409 17741 9029 6651 5043 2141 17801 9557 11379 17081 461 11753 3137 14131 3461 17033 16133 12917 16193 8537 14441 13721 8825 2069 15617 9365 12545 17215 14681 17537 17489 6055 7493 14611 15197 4255 4589 17249 859 12067 8813 15067 16483 331 8131 15403 13639 2827 16423 16579 295 6427 17119 8575 4639 6235 7459 8587 2023 11719 4663 13267 6895 12271 3883 2162 1711 8203 17095 15955 9750 11791 4615 15835 6801 559 10831 7425 14930 15864 5097 7084 11584 11522 15086 16168 9108 11553 3192 9586 14232 11433 10530 8152 4478 11442 14536 15861 4017 16114 5673 7557 602 14382 4474 11990 12126 11342 11886 5817 2814 5182 3218 5668 17034 14764 5661 3333 4574 15002 6352 15490 8452 3978 465 1318 1221 7106 4414 8678 9408 9024 9120 9688 7053 15268 11554 14280 13434 12410 384 10924 6006 6010 11457 11274 13737 17858 278 14754 11146 11844 11802 1800 10788 13346 1310 12408 4404 6520 7824 3216 6686 17390 7581 17706 11200 8042 9382 5614 15950 10162 14052 6422 15328 15154 17088 12206 11832 1330 6501 12717 16696 9048 9054 5046 9820 1362 2354 309 16558 7437 2962 13656 14428 498 13090 17985 6148 17172 1089 3084 1294 10744 6556 13250 4312 7677 3240 6874 7034 12724 16356 3616 15765 3828 15076 11946 11546 1497 16154 2414 8044 10056 9354 8490 2292 11709 9172 17980 2190 3786 4018 2484 15586 12738 12693 12066 8022 12216 2398 17649 16014 3909 13962 11166 10509 8046 1870 2634 6702 12790 13018 16672 12486 8064 13233 1242 11625 13798 2602 2610 2266 9921 13821 7509 13125 8784 14272 1086 5388 897 14464 10602 1329 4821 16074 2340 11902 57 12302 17578 3850 5613 12850 5980 4624 14546 3994 3806 7634 10802 10134 7200 7442 15621 9390 2434 12597 17070 15314 15362 17253 9861 2104 2625 5170 7996 17778 13442 12690 4908 12948 1716 7 5628 14073 6916 4368 15628 78 13542 3808 14868 13593 10285 1410 14648 14944 3448 9958 4556 7320 44 10824 13400 3018 11712 3969 3042 4965 15576 9014 12085 12013 11180 1753 1033 8576 17404 17257 16400 6860 1676 7208 12056 5672 8341 8768 9493 5516 16544 16237 8828 10448 10556 7105 9577 9680 14324 17809 13921 13465 14965 3476 14636 7604 565 697 7969 5468 3061 4801 3764 6836 7249 6284 2461 15128 15212 11684 10441 12740 13580 15109 9692 5876 4520 17156 1568 1729 4933 13957 17101 1412 5588 8072 7741 14785 15008 32 8449 16316 15445 14576 10208 2041 5749 13424 2065 12793 3872 7465 6433 9560 9260 10220 11869 17144 12301 11245 5696 17653 14809 1 6512 4789 8161 16436 16592 12685 13357 4388 10429 2761 17713 5701 800 8300 
5999 17147 9203 17651 13079 15731 12755 14735 575 3791 12143 9443 7139 4211 383 5355 10091 9251 13547 2279 17267 8447 17459 2855 1119 15851 10383 9767 4823 14027 9527 2463 5903 16251 4383 8103 11723 1079 16443 10287 8451 1775 1247 7743 1683 15719 1203 707 8955 6123 11651 10779 8679 1139 5357 5811 14847 15483 9255 4575 4263 7443 16863 7119 12267 4499 12555 221 12879 8619 6101 7085 9771 16431 13913 15795 10727 963 14981 2759 13815 9927 12003 10935 3605 13131 16155 8163 5441 13349 2177 8417 605 9185 1193 14033 16397 1829 10961 1325 17153 6953 12257 12353 2657 12821 12857 12173 5837 2357 15485 7805 9761 4421 15569 10193 2503 941 9833 15545 11021 16171 9005 11611 8743 13625 8299 8779 16831 14347 7637 8837 8647 4747 2429 2263 8923 6211 5683 10687 16231 11491 16795 14371 12139 8095 5347 16327 4843 10147 17803 487 17359 9703 1051 13747 12223 16615 15187 1183 10051 8191 15619 2683 15532 14743 3684 17894 10507 3693 13783 6114 1838 16941 11450 11226 14210 3418 9594 114 6328 13630 6054 3225 17826 1558 3660 10018 4720 17874 1824 7704 10570 6318 17724 5230 16392 3762 11340 10082 17344 9222 2784 2964 11193 9532 9309 11080 16494 11140 16450 6357 3662 14606 4620 8206 1202 3506 17392 8694 7956 8090 5568 16134 12002 6984 1545 3706 662 12406 10942 124 3278 16560 7290 16226 13744 340 60 11358 1684 10488 17616 16992 12748 9322 12414 12393 3094 6358 15074 5626 3934 1618 11604 11198 9684 17548 8094 15934 10142 13974 712 13646 201 15196 15609 6854 1317 5794 12750 6662 9066 4173 16202 7830 8026 4713 7102 15790 8590 5664 15302 5646 11404 9962 8142 4932 1152 15486 16281 4866 10324 9622 9636 4968 12286 3314 9052 7473 12304 17752 4958 15054 17134 6366 8430 11272 6482 17020 5949 16857 9456 14608 2628 17500 17097 10250 11752 7138 8478 11210 5818 14544 5937 12376 15494 1080 11986 9736 4042 13358 7468 7458 3852 7818 10504 9062 14258 7588 14896 7154 12774 13461 12 862 10428 13282 2778 2074 4126 11289 6090 11414 15345 7936 1468 682 17662 8836 8097 5658 5390 6336 1137 17128 10414 13618 13488 14613 738 13462 9838 14650 6396 15994 7238 13521 54 8224 17064 16710 17757 12312 5272 10408 11812 16554 12682 12678 5397 16018 11253 11892 8698 7266 6174 7684 8476 7498 4152 864 3630 1066 8356 12256 7504 3950 17280 338 6742 16812 7006 7278 8222 3810 4146 2770 866 2349 8830 8826 9016 6918 17781 11348 2276 1665 11365 2960 17714 3501 14874 16218 1994 3945 6668 15373 7417 1784 9517 8845 17916 16808 16057 2168 10333 1813 4333 5684 757 14876 433 5533 16957 7700 15680 9817 8137 5792 11437 16345 15404 13148 1664 2264 469 3757 15056 92 17888 8528 277 5408 3073 4112 5036 2221 1801 6020 6440 14773 9836 9997 12692 15524 9584 15632 9704 1016 4513 16765 10945 3728 14180 4657 1040 1165 3656 8173 17461 16453 15001 2293 8444 6752 6781 10544 15313 7616 3992 4033 2725 15392 13345 7453 6416 16321 8425 8168 4976 4501 17689 11269 5624 14641 1009 17780 6469 4772 9716 9409 10472 12673 2528 3997 3176 15428 949 11149 3440 2552 
13379 6059 6803 9791 12611 5315 71 5939 6071 9455 2231 11099 5435 16379 15995 119 15671 13523 4271 13739 15791 10043 17783 11015 10751 17583 16203 10907 1091 6047 4427 11879 4947 14823 5487 15551 4703 5243 13307 13595 171 8463 3239 8027 8967 2739 2331 17771 5439 6819 7611 5087 17439 10575 6459 543 6063 8319 7383 17079 4047 12939 3687 2871 17787 12567 16743 10335 8835 5907 9831 2199 15459 16179 13709 9077 5199 7431 1743 16205 9867 8007 17067 2441 13889 4179 15125 12531 8907 13109 5141 2465 6017 5225 16565 12737 891 6989 14489 10877 7531 6173 16013 11417 10433 14333 17465 15785 14549 16121 15629 14945 4373 11993 12341 13277 13985 16817 5237 677 17069 2105 8981 15053 2081 9751 16147 15379 4831 15257 11227 3739 13063 3475 3619 4015 2515 9343 5443 4135 5503 6679 10879 12307 11179 11755 12175 4915 7447 16915 13795 5803 3175 7807 3055 14659 12823 1915 8179 3535 15463 16195 4305 4315 10238 11011 3345 3686 9501 11262 16682 4522 6259 2028 11320 13072 13486 15722 8054 9214 15118 1404 6813 14769 13240 7341 9850 14002 12264 5902 16005 16346 4282 9852 17200 10089 6966 9796 11592 13870 14176 10329 14100 12405 5265 946 10512 11205 1846 9196 9086 2510 150 98 4732 12045 8056 17308 1118 2910 2265 16418 16384 8940 7058 14054 11889 898 3612 1206 10732 15906 10890 11529 5212 1710 13754 306 14193 501 11128 11730 10746 1834 2049 12798 13176 9514 8469 7968 3166 3002 7140 3514 15786 11422 16917 7972 9574 10310 16029 3876 13948 13812 14676 14466 4550 12134 11826 1332 6630 1050 11750 8818 16200 5842 16792 10797 6126 14404 11004 4738 17890 14598 16572 12526 2037 10641 3246 12842 1984 9646 813 17529 16329 3534 14121 14170 8654 15936 17646 12382 12058 12168 12652 3658 12542 2685 16548 11848 13438 17709 5410 14718 4630 9610 4170 14294 5582 4156 1482 17181 11212 7197 11464 13084 12366 4449 5386 6484 732 6534 12278 5140 321 10370 10258 5270 14400 16944 4878 780 17098 15148 12777 6468 14810 4426 886 1134 7629 1209 8872 3834 58 2854 7269 15045 544 15706 15046 6588 8529 3158 12590 10545 8824 6153 3958 7216 7833 7562 12030 9936 2313 13330 5978 72 14028 13296 6194 13401 13365 17758 10918 10161 12052 11904 8997 9386 16425 17486 8242 13797 15705 6386 3888 10584 7842 9012 7602 10826 15648 17058 15633 12950 3124 14661 1056 7766 13190 12630 12074 11500 16734 11282 868 9397 9102 4401 16302 10862 5652 15432 7564 2424 3685 6381 6934 12229 14278 9766 8930 9633 2397 14064 5752 6736 6140 13525 812 829 8108 6524 4648 8994 17768 15733 6056 7393 3908 4412 12704 8408 8725 7748 8737 9481 15620 11809 16597 6901 7369 9752 17785 2588 2929 1604 2473 15085 392 17737 1496 2173 17852 1292 5264 17372 4700 3884 2012 1976 2869 6344 10304 16064 11060 10400 14413 9241 14960 4460 15877 14401 6337 17701 16688 5048 15781 12428 12001 12008 13292 10117 15416 8816 2300 9673 6709 7285 10549 16717 7597 17173 13820 13117 3373 13849 7436 6404 229 9284 14912 11780 4489 4633 5869 5773 656 14797 16844 6385 4753 8372 8749 7136 3596 2557 12289 15476 13669 5900 3937 3481 2144 
2171 8459 12035 13403 9551 8471 7103 17399 12827 7175 12071 4883 2915 3647 15299 17951 5183 11519 13619 8579 2399 13259 12263 5831 15155 2955 13463 9671 17523 12359 12443 14691 6795 9611 7815 9123 10203 2247 15603 9371 2475 15339 16295 303 2007 8483 15351 12723 14031 2667 6003 1871 8571 9279 5799 10047 10871 12399 1755 14091 15867 6839 17415 4911 15663 8199 1023 5583 13215 7775 16973 15051 5691 9581 16947 15207 17969 17525 437 16035 16805 15819 9039 5489 1793 8969 9171 4973 5189 9857 13299 15065 6341 14705 13841 5417 7877 4841 15341 10121 4853 12977 16659 11165 15425 15869 11705 4265 11957 3485 5897 13661 15293 11201 1469 12677 1951 13075 13733 9473 7313 6449 7483 3005 9571 11251 4975 5789 283 13469 17873 12365 7819 271 1195 17815 17503 8611 17227 3091 12379 6703 16927 2299 79 2623 571 16435 2899 12247 8383 15439 4963 16735 8407 10483 343 1663 7195 10783 235 2083 142 14275 8071 10694 14515 4147 8722 10896 4290 16056 15266 14206 10378 12386 13370 17892 16236 1809 11070 11301 10617 8202 2496 9585 10354 3790 12966 6945 8548 10905 1614 13990 18 710 9657 13182 13650 4826 14316 8328 3654 6852 11032 6621 11325 7785 16534 6322 13005 798 2800 8350 14452 12028 16113 1154 9465 2268 10002 16230 2092 16960 11998 4984 1492 7146 4802 14966 4917 3318 33 11354 294 11174 13738 14880 14436 0 11332 15686 2030 10269 12984 5398 12166 12540 8262 16524 16754 7644 7158 4044 16516 11694 11184 16116 8150 10444 5625 9969 3870 15096 13689 6028 4545 258 17026 17142 6614 6712 12924 16206 17433 2304 1506 4714 8030 11793 13958 16368 1714 5434 8266 13972 9240 2493 8380 12928 15000 12609 4978 9602 2709 1336 7461 17608 2644 10982 854 3537 5466 13012 15448 7296 7250 11126 13814 3518 15712 9960 8154 2590 7948 16030 268 17094 11714 17062 10042 10072 7226 17442 13089 3718 14901 1084 15660 4482 17746 777 10701 5142 16012 17229 7809 9134 15813 13881 15636 5001 362 9790 15390 12426 14937 3698 16980 8166 12666 12300 4737 11277 15840 2226 6082 17104 14988 5757 12794 8234 9225 10116 14858 6830 6178 909 7194 3126 3286 11958 13456 9933 7246 6394 2152 14658 14644 148 6597 2834 6170 14397 12364 10132 16593 2678 17542 8388 9314 8709 2676 13546 17400 7668 2616 9669 5834 1922 12628 3566 12082 6832 7492 2760 9738 17364 9150 2194 7008 16260 742 9362 8398 7632 13780 15217 14296 8958 3792 2232 2212 4285 952 9045 398 13226 3560 7768 9762 1658 15700 1998 10725 2769 11557 17209 14684 17893 6097 596 12118 17192 17929 2312 13868 13736 5101 4724 872 997 601 5509 8773 9193 4856 7573 16088 7057 5816 11120 1021 12956 15265 1364 2053 12505 15032 1513 16220 8533 1148 1076 3157 5557 4292 2017 6661 6128 6560 14761 13880 15229 14533 15793 10484 14084 12284 4477 3529 11065 6080 15553 11593 11737 11329 4009 17084 2593 8216 2660 8869 9061 16117 16148 16609 1916 13772 589 3145 13825 13136 12577 2113 16616 10801 17840 11 7928 8065 5480 4525 15637 6253 5845 17912 11041 10976 15656 9740 16297 7129 2996 2576 12181 13016 17401 3817 17228 10825 13213 
5771 15527 16151 13955 7967 3803 17975 14099 6227 5555 17171 13283 11615 10955 2183 2451 11183 14471 17855 13343 7007 13823 12275 15623 16803 14159 875 11435 7499 14387 10647 17099 11223 1155 2943 15707 17879 6207 4407 8147 14355 2919 13347 2379 7739 5759 12855 3795 5051 12603 15087 16847 7587 5931 14499 5103 15099 6423 16983 17511 3315 12795 16097 16119 10997 10899 11835 11271 807 11991 10241 13155 10671 9089 15699 4229 15951 17729 8105 15543 12075 7661 13899 12509 17705 14405 12783 6965 14753 17321 14777 5345 10025 7985 8057 1131 15761 16697 2741 8381 4325 15941 9881 13385 2669 7133 12449 11009 7887 9485 12149 13051 10243 2705 12269 17657 15727 7829 17129 16265 14141 16975 10133 6941 8069 8851 17731 4 3185 4735 13243 16639 5023 13687 14215 3557 9917 8251 15581 8491 16807 9187 5227 14731 13301 15415 12715 17395 6151 7219 16591 3139 319 2239 307 11647 8539 2887 14431 2071 13603 631 204 7528 17983 2779 15235 8707 15895 5599 7507 15367 17932 2570 5875 3398 10882 5356 8560 13114 1077 1948 13929 9438 578 2181 7658 9342 12064 16149 17626 11916 7414 7377 7881 8102 1610 13684 16293 14748 7186 13428 3108 9942 16502 8802 1894 17078 6870 17266 12870 11538 3366 10966 4506 3670 17436 5930 16238 3086 6946 7120 12618 5325 10518 4138 8373 8901 14112 11772 11829 912 12508 4434 10941 10713 16826 14490 69 118 2868 17116 14326 13908 11406 11292 1449 10404 15480 9262 2458 16098 12374 16770 8385 16408 8034 10838 1689 15072 9678 3112 3072 2097 3210 3156 4692 4038 15141 4572 6040 12358 6864 5733 15400 1104 2788 16358 2578 9878 4518 6024 13418 6345 3842 7438 8582 17697 16042 15561 2896 3590 9294 5620 13010 808 5346 4824 12069 8604 1314 9042 10658 1986 1222 8378 12006 934 4852 4768 7260 1677 11982 11626 333 2358 2146 10318 16394 8160 15112 10026 17382 7344 4356 8578 1540 614 16270 13185 12772 12880 12024 1324 15642 3726 6506 5202 280 3174 10944 10762 10578 10494 6230 3906 14390 4178 8493 5926 16152 5616 8404 17446 3060 16284 10128 2592 13898 2242 9918 11746 16550 3378 4420 14814 12834 10094 17086 12676 5858 11386 5392 10886 17298 11870 15717 10821 16869 12276 12282 6454 2150 12846 6465 892 14562 50 2766 8822 2697 11894 17652 9828 8018 12822 7330 13792 7192 3038 638 14298 16466 16194 13932 17238 13322 13356 5760 888 16264 9742 9832 14270 6598 13212 9046 11670 2566 11721 7329 2161 8220 17721 8226 5592 4140 8954 15396 1526 15529 2852 14005 16724 13364 12786 7902 1138 16821 6738 4148 1400 11228 12680 10604 2433 13326 17317 17941 6541 1765 13172 5113 4736 8293 8180 14689 10232 5552 7652 12133 4904 16741 7064 5821 16100 2665 3164 13748 13508 2029 15104 12848 193 1436 685 8029 1105 5804 16921 4357 2132 7196 6092 17528 11425 16028 11533 15872 10357 14605 12104 12248 1489 14516 4160 17137 4849 12500 5173 5677 5768 11461 8149 9841 10021 2353 17552 17948 8701 10508 15920 13052 1880 3349 4177 1705 12493 13304 7088 6553 14545 17984 7921 14845 5473 4369 15752 16784 637 14557 1772 6589 17012 5653 8012 7261 7568 3961 2672 4136 7916 9896 4040 4153 6925 14389 
16607 7091 11531 11639 10187 5351 9347 10487 13031 251 8495 12231 5627 35 15287 491 4919 9239 11603 6671 17139 755 4287 5003 7691 2687 2375 3071 11915 8339 3659 17355 3755 6527 17499 10563 13607 17075 17955 5279 1979 9923 15975 1151 4635 12159 14751 3299 16347 10179 687 13475 8655 15375 1175 11859 7719 16083 9387 14483 12711 623 11369 14787 5639 15987 17585 14943 4071 11403 15471 159 2981 4107 11739 15879 10263 13659 8979 16371 6939 15927 3507 5007 3 17837 16515 6399 11139 8787 14595 4455 11981 3449 8391 9905 11453 7745 16853 8657 13337 11177 4877 8453 6665 615 8931 4637 1253 7421 15029 9797 13793 3893 14429 8177 11633 15473 7275 14069 13229 17417 2645 3977 10999 14189 8467 11657 6811 11239 2455 14539 641 15247 8683 5119 16003 2959 16495 247 13207 2179 17443 15079 3115 1207 14815 3667 4529 10915 6559 5179 17779 7015 379 16699 2011 10387 6619 5167 16135 91 12895 655 4819 1243 10342 13219 12187 355 17968 6451 436 15487 11236 9019 1030 1591 15418 4270 1418 2421 765 15120 6810 7857 16977 10714 942 2222 9718 14734 7108 11410 9194 15792 11586 12806 17949 13698 14314 7574 9664 753 1212 10298 14685 5546 4536 15276 5892 4576 5262 11488 4278 1852 15854 2652 6648 9324 244 14104 16858 17202 9826 6768 9334 5510 10521 9537 8376 3864 16650 460 1406 5812 13950 6774 14668 7576 3438 17354 292 13774 13742 4524 2438 8908 1749 11853 1914 1798 10390 9432 9333 5344 1113 7966 6822 3342 7718 5556 8076 11385 11418 5574 9600 3028 10350 10473 2174 330 16737 14704 14812 14932 17764 12076 6634 3648 6694 16365 8318 9880 5610 6478 17310 3765 11022 11154 6094 14022 17553 11438 16150 9394 15573 5550 12820 3232 16122 6938 13264 9534 3532 14110 16341 14188 16794 10704 5750 15394 4581 12858 12454 5824 4366 16768 6333 7150 16612 1485 2446 9429 4137 9554 2116 10038 282 13545 5482 1622 264 11628 17702 16402 6861 3710 12864 12934 168 2862 9573 9626 1920 7446 2118 310 2630 10104 14250 14122 12922 11872 16426 2121 14805 10410 3201 8074 8856 5964 17562 15850 17670 4774 626 7918 11722 7890 17409 15837 15834 1930 12732 10546 11356 11378 10594 11620 6268 6406 11664 4584 6398 2306 17640 2390 15688 681 3936 6405 15434 13420 3700 2640 15984 6838 7222 1686 11054 9830 4902 8205 5385 2553 15698 17018 7274 2001 16818 3897 1720 10678 12288 13020 12912 1146 4348 4344 13850 400 4670 10870 3045 2428 4006 15324 1626 7678 17254 3489 16948 14292 12112 217 7202 2314 12696 4650 17276 10820 3825 5708 11157 16274 3984 9950 6064 10561 15973 12788 15260 2324 15409 7773 15634 17312 17096 2269 7292 1957 5149 4741 9788 8185 14696 5053 8600 9073 4532 9308 10921 6841 5864 6152 2756 12937 13729 14197 1453 289 17341 16244 1417 17864 17936 8125 5797 17353 4321 4352 16561 2785 6529 14300 15992 15224 10892 10345 14924 14089 11924 12908 1004 14473 6085 15565 15728 5168 1760 5756 15572 16405 9853 7933 15073 9133 248 169 10520 10652 649 10261 13417 2252 3824 3445 2948 14588 10844 6704 9212 10028 8017 5444 14048 6116 5972 13837 1940 1628 7016 5005 11468 8005 15985 7561 3985 2677 12421 7580 11893 6200 11708 6932 17408 