72
58 42 194 506 530 296 
898 414 482 318 16 73 
886 210 969 453 680 
910 214 744 813 170 932 
706 69 726 268 685 
8 204 480 616 148 848 
730 718 408 292 860 
130 768 702 230 229 
885 384 508 532 32 
70 753 994 924 560 
358 894 64 328 488 
958 201 573 102 896 
875 354 424 38 770 290 937 
683 162 818 48 60 90 668 
971 54 360 196 870 153 601 
791 390 876 370 525 190 428 
599 822 630 57 705 918 272 
23 322 720 948 566 177 277 
165 696 624 754 286 337 589 
166 306 450 129 978 865 
429 618 746 526 808 752 
514 622 954 570 24 740 
45 5 816 393 670 540 632 
729 486 422 418 297 382 841 
635 634 963 965 811 348 202 974 274 150 733 
383 417 87 367 619 19 945 693 258 934 584 
35 591 845 343 208 340 652 993 144 829 
899 200 783 919 825 444 448 772 22 944 
407 46 317 247 496 890 366 609 790 500 
191 183 15 17 633 984 960 801 174 313 
311 94 629 426 547 213 206 386 846 468 128 13 
515 430 593 595 621 660 777 576 949 824 
479 471 473 420 504 750 498 838 477 457 169 
299 490 36 369 120 646 288 172 548 
815 807 642 432 126 462 238 565 757 
611 826 156 198 880 964 34 81 452 92 
419 411 941 377 269 511 364 108 304 638 294 138 980 908 
395 387 651 75 833 571 160 357 574 698 478 400 61 913 
803 179 555 797 439 79 628 802 662 117 938 840 1 344 
671 647 423 569 137 31 484 124 666 114 300 914 786 404 397 
71 39 579 171 173 967 708 436 518 562 312 561 961 181 
983 459 951 425 487 871 510 868 864 552 333 76 121 44 
323 623 759 209 631 91 748 966 122 466 278 556 889 289 
863 123 543 221 869 355 103 62 346 650 88 602 205 764 
911 903 303 713 199 175 10 794 640 472 546 920 253 
215 551 821 353 463 643 489 796 874 66 396 766 188 373 
935 3 291 29 691 820 866 738 314 657 372 594 493 577 
587 435 461 523 192 712 394 438 688 854 164 325 
923 735 639 929 211 151 442 970 334 458 226 850 100 409 692 212 
575 83 987 737 43 799 52 494 916 861 582 374 933 625 649 145 
251 519 665 449 67 895 710 626 244 218 141 184 672 476 284 469 
371 239 159 27 497 677 187 388 942 324 856 686 254 96 14 613 241 
167 699 831 329 391 139 568 882 904 990 298 636 852 481 380 728 
227 711 279 701 305 883 259 6 252 549 732 273 537 78 349 529 97 
491 995 195 65 605 427 412 456 261 684 837 216 84 524 793 805 
695 723 161 689 667 991 878 0 266 645 922 134 814 98 193 968 781 
743 287 747 413 725 401 559 722 336 282 321 952 798 406 82 104 901 56 
335 339 891 135 785 859 724 669 132 338 804 249 105 140 608 776 
263 51 975 905 953 533 271 787 460 285 256 842 982 784 248 985 176 
719 663 219 41 989 727 295 7 950 792 434 962 309 765 992 392 440 
947 363 563 879 255 485 531 653 163 641 775 235 410 246 345 828 900 741 806 310 586 682 550 154 178 789 505 745 656 265 217 
119 131 111 567 365 773 185 293 703 319 655 158 189 501 242 342 844 909 912 378 220 534 585 597 872 884 116 973 133 
779 455 155 539 687 113 881 281 943 379 451 607 600 441 182 921 742 928 330 858 232 381 674 37 817 572 109 301 368 
827 887 939 495 351 399 197 257 617 115 847 679 270 897 658 492 33 240 276 110 222 694 402 930 234 782 788 877 517 25 853 
347 771 795 243 675 341 581 415 715 763 940 717 892 21 26 988 926 873 542 168 760 606 598 709 260 20 224 85 
527 2 659 315 231 389 749 545 89 907 307 40 352 513 986 946 778 264 849 981 544 538 580 470 421 716 385 644 836 704 
503 755 767 95 447 99 521 761 893 9 955 475 350 834 832 862 316 474 142 810 558 18 780 225 592 361 464 596 769 925 
707 443 851 483 915 927 603 917 509 823 751 739 362 30 522 250 654 106 976 516 302 554 604 398 762 228 320 49 512 11 553 
731 203 819 275 327 507 53 857 809 55 127 835 583 664 50 957 280 28 93 774 405 972 578 86 590 681 80 332 637 620 541 
59 839 63 143 855 147 4 977 149 101 223 931 888 262 736 454 714 906 648 118 902 465 758 72 157 721 697 445 800 536 
467 359 107 207 843 867 125 557 233 499 331 403 535 612 614 564 830 326 520 446 180 690 756 610 676 12 74 356 812 433 416 673 
47 431 959 627 375 615 267 437 245 77 283 979 700 936 112 528 376 502 136 186 146 734 237 588 678 68 152 661 956 236 308 