144
1127 5471 7727 3075 2547 3723 2681 4433 2777 703 2275 7663 6766 5182 4008 5314 5772 5580 3138 2937 616 6540 2001 3710 1353 2412 3280 5414 974 1388 7232 
5399 7559 6923 1527 339 5487 495 485 1433 259 6655 607 3223 4569 4494 1538 5062 513 2882 2466 3036 618 2856 4452 30 6434 7268 4549 3164 
1235 2603 7475 5763 5451 1923 7443 2561 5345 2177 6451 1915 6331 3535 6640 6398 7951 6590 2214 5892 3658 1252 1233 46 1922 694 7461 5922 5725 2174 2113 6368 
647 1859 1463 6863 5207 5787 7013 1481 7193 4673 6391 7087 559 894 1542 5616 7228 7374 6741 1408 4272 1852 6768 6364 1012 1648 5949 944 6896 6049 
5123 5375 3395 4167 6495 7337 1037 2489 799 1903 7001 7233 5174 7226 7812 3038 7698 1062 5638 7542 3570 6734 5646 52 570 5925 1842 3770 7518 4592 
6239 7343 2075 5955 3041 7745 7865 2285 6437 2395 571 391 6096 729 1710 3252 2210 7630 1005 7846 753 2902 2166 1942 6013 500 6548 
2159 5231 7067 5931 4695 7301 7877 6101 5959 5275 547 679 2383 4960 5902 7017 986 4314 1778 1034 5109 6592 554 1126 2474 7690 2996 4765 385 
4091 1451 2735 1215 27 3641 5489 197 4639 2575 5923 4162 993 6388 3470 4562 2832 1636 1468 744 4236 316 6186 370 4916 373 1393 
4235 2687 575 759 6515 3159 5201 7097 3773 1987 223 4666 5013 5560 6878 7504 6154 3736 5988 909 3258 6626 5325 4260 1108 7202 2857 2792 2312 
7115 4907 7599 1347 1479 3339 6507 7747 1999 7723 5551 1831 6490 2454 890 5781 7728 1413 4094 7622 3484 5970 7920 7190 6378 3434 7006 452 301 1837 
5723 5639 7827 3137 6843 2513 5119 1519 2371 1783 3463 6102 7358 4941 5589 5808 3333 5613 3981 1780 6408 1276 3882 1584 1374 7244 3529 6608 
7607 1799 3263 2783 6015 5043 2885 1289 5983 3295 4459 4564 5868 2928 6650 3825 6602 6834 902 134 1644 964 4750 4629 3426 3226 6998 4760 3421 
6203 6575 5855 6759 6111 503 3977 5429 1351 127 199 4102 5877 6753 7230 4821 2301 3142 1060 230 6838 6166 3933 4804 7954 7825 930 109 3841 
2711 1167 5019 5907 7157 3761 5033 7793 605 6823 3204 1546 1128 1502 2230 5466 2330 1864 802 6552 1000 3792 610 3284 7304 925 
7427 5351 4335 6411 6267 4805 7027 6559 3444 2431 7654 7984 1274 3362 6936 6418 1586 4905 330 6618 7612 7754 3440 5552 4004 
4247 2943 2087 3783 1217 7083 5573 497 6103 1435 5782 7646 7598 7008 1564 6126 7178 502 4862 6130 2250 6682 1518 5554 4825 1840 6826 1088 
7079 1655 6299 2331 2823 6113 6533 3809 2107 6379 6439 6642 988 7910 324 5196 6736 2092 446 1270 5642 2913 6849 2180 7280 7256 
3287 2499 867 3975 5523 2309 149 6487 7099 2443 2589 6648 7114 6868 5838 2318 514 5460 1582 3582 429 2050 162 3418 6069 7892 7498 3193 
527 6719 5871 4383 2919 7095 6819 3689 5921 1699 6746 6787 5556 5565 6882 1272 6765 5610 1354 5130 406 1830 4902 3550 7417 4285 7788 6133 
515 3311 4227 4407 1887 3737 3677 3787 2347 6271 6511 7447 7014 7650 6262 7718 7110 4538 5446 1216 1818 6566 6498 6392 1945 6704 
6671 1847 3863 2727 7505 3161 677 4603 499 2448 5584 6484 5330 7734 5128 142 730 6288 36 4320 854 3174 3156 164 4568 3536 
6683 107 5223 1251 5729 6053 389 5635 5191 7506 5671 900 7922 2872 7104 5350 622 1146 7377 7773 4461 6897 6397 121 4069 
2051 5391 2295 7527 2799 3233 4529 1781 7147 3511 4017 2460 6292 4414 7305 7818 5685 1862 7716 1854 7354 6194 5860 344 392 361 
7271 2 6615 2811 965 2271 2659 2765 7471 2491 4154 3523 454 6486 462 5014 498 2098 1350 4486 4870 1046 2074 3858 4693 4297 6476 
4787 5879 4835 1095 2163 2391 7649 833 6965 3355 6367 5263 5778 6098 7770 3978 5968 6396 6976 5512 5508 2464 4809 612 4746 1822 6273 1548 5341 6920 5569 709 
4667 2627 1407 7683 7803 17 3507 2825 7627 5995 2251 2791 7234 2757 1482 2992 6830 4512 5976 5628 4845 2818 2200 2906 3302 2529 3178 6334 1172 5737 3620 5521 
23 1535 2555 7671 6443 399 3053 5801 2417 569 619 5176 7012 3974 2880 3146 2618 1516 724 6864 7574 1682 7848 5304 2160 2198 7530 1552 4897 4148 1244 4669 
4823 911 1391 1635 3711 6243 4241 2657 941 6377 3487 1819 4879 7356 7986 7166 6040 6886 4586 2604 6804 1794 1074 1470 4324 7116 960 4617 950 2666 1352 1856 7525 5768 
3371 1307 1631 959 3111 6855 7575 1709 413 5203 2011 5911 2179 885 2292 2582 7018 504 1248 6144 5952 6226 4089 5344 4150 1269 5481 7872 606 4244 1652 1256 3248 
2843 5027 7107 5435 5475 7863 7853 3725 2911 1375 3403 5874 6390 3741 402 6178 345 4233 5652 3261 2836 6934 357 1474 2728 2162 3916 4232 7124 6260 5576 
1175 2123 5795 6219 7707 4299 3989 65 5657 7423 115 2479 7644 3738 5464 4406 2658 1228 7725 7596 866 2338 7924 5294 7048 2248 6786 6420 4225 2516 4621 1609 
7235 2171 4607 2643 4539 5427 3821 7613 2273 6091 3453 4363 1574 5126 4318 5140 6636 4840 3369 5326 5442 3598 2310 4234 4918 7408 2548 4920 4604 2552 6265 5744 
4211 7655 1119 2127 3815 4995 5813 1025 5633 1015 2095 6715 6172 664 7730 7558 7362 7605 5788 5998 2356 7965 3924 2184 7474 1473 4284 2472 2086 3985 2096 428 7616 
4799 7859 7535 6795 6291 5825 1193 821 7651 2743 691 955 6880 4158 2868 5462 2298 4842 326 6770 7003 6060 2320 398 4646 3165 7452 1394 6721 3266 409 7568 128 
7463 3827 1991 6383 5751 2979 3519 185 1817 355 7315 4135 2450 5986 2217 796 1246 4584 5992 4641 3249 3004 6672 7578 3604 7146 88 600 5564 1845 6613 56 
3911 359 5759 39 7955 7875 4337 1589 689 557 1327 5707 6489 5558 4590 2220 5538 6810 3148 910 3726 7372 5662 7197 2662 2193 4402 1662 7948 5929 1981 7753 692 
3503 1055 4379 1403 2187 3365 5441 749 917 4399 5347 7978 4075 6700 3242 4290 7600 4350 7778 5632 6012 556 7346 520 6698 6846 7689 1178 3056 2384 5017 3685 
3479 7775 1851 1419 927 6051 6893 2215 2429 7051 7591 4152 774 7036 7980 4012 6638 1576 1348 561 938 4242 5104 1653 7188 6278 6268 5412 2953 5756 2804 7736 
5771 2231 6323 987 327 5655 2175 3797 7675 235 919 787 7968 4566 6742 1958 1522 460 7306 7077 870 1302 3058 1670 1694 6957 3522 6586 4064 680 5540 2408 
5591 4955 6143 5051 7899 6063 6233 6677 7517 5371 2287 2983 6482 6645 5784 5056 2758 6828 3789 2890 1874 3958 2022 2866 3297 2844 4838 1914 776 896 6512 6944 
431 5111 5535 6195 1623 1973 5859 6005 6775 511 103 7821 4660 2998 7759 4593 1500 4476 3298 6813 5654 1036 6448 2562 7330 4206 4278 2376 3768 2888 68 1496 7489 
5147 299 4139 6107 7383 7349 7169 4841 3389 6679 6475 3450 6762 3370 6446 3136 2620 4860 792 3564 7576 1984 5436 5532 5301 3532 1365 2073 7388 4141 7261 1160 
3659 7487 2891 2463 983 2691 7889 1445 125 4951 3595 91 4942 141 4308 5774 878 1870 3790 4540 6450 3552 1054 686 4944 6072 1173 2628 2353 2617 6800 5660 
4295 7187 4887 3039 7277 2909 365 257 5311 2191 6847 4092 2584 2462 7941 4797 5832 3069 1144 7926 7466 3753 3946 2661 3878 3594 6108 4926 6248 6625 7784 7352 
4271 3467 5915 5103 6315 4265 7397 401 5861 883 2779 2938 7545 5928 448 3982 7054 6394 3310 5794 5650 7696 136 4282 3838 6526 3698 7000 2737 5780 6889 6020 
5099 6707 347 3051 663 3795 7985 3605 2647 2995 2083 4312 4965 888 2740 4896 7929 2716 1866 7344 4982 6696 2742 4810 1917 2442 1810 6121 5269 2725 5672 
215 2855 6251 4287 4551 7781 293 7205 3763 403 2457 5776 7890 1118 4270 2580 5116 4792 2397 6924 2398 182 6340 2430 3890 5046 3282 5288 2336 4525 4628 
2531 1703 4491 6039 315 533 6857 4495 5779 2119 7648 6994 2358 21 1858 3746 3062 2361 3744 7830 906 5594 558 7150 3306 5886 64 272 5761 1148 1184 
4943 2931 5387 4559 7299 1191 3183 1155 2621 2057 7363 2227 6883 283 4615 6105 3382 7884 4822 288 4080 2362 4696 1210 4634 434 6352 4209 6230 372 2244 2158 7761 1617 5520 13 3320 7081 3457 7496 3409 
2267 3107 623 7779 7103 735 5765 5681 7133 5273 6415 55 3127 4665 5004 770 2997 4932 5686 3314 662 7284 6216 1828 7850 1024 3322 7161 240 3384 1156 3110 5674 3844 805 1201 1729 1357 757 7513 
4979 5543 4055 4439 999 4743 183 2079 4685 341 7891 3655 5431 751 1111 5424 178 7378 7502 7606 2613 276 4710 4221 2104 3730 7918 4185 3244 820 3350 438 6782 2082 7210 836 3272 6716 3073 6032 3265 
2471 2111 2999 7763 6699 2199 2585 2753 5129 3197 3401 7831 5611 4423 5818 4658 6984 801 6988 7834 5030 2354 4714 3054 1869 2280 5450 1714 3126 6370 4288 3969 7140 6136 5916 793 356 2005 2228 1544 5917 
7439 7355 1367 7499 5739 1335 7191 7373 6413 7111 785 1675 7615 2203 1536 5134 6885 526 3885 5160 478 7293 1236 6729 3786 1980 1018 1594 7857 422 5097 3096 1908 5862 6513 2185 3949 5528 4928 625 
4475 6947 4467 1467 4899 879 6579 6099 1649 4109 3857 1913 667 3619 7795 5582 168 7041 6993 6814 5028 6598 1624 6336 4408 1282 7404 1713 1336 1038 7242 4992 4116 2070 3849 7369 4885 3865 2701 949 
3323 1271 2567 83 2375 3303 5571 2439 3149 5667 5549 7375 2515 3943 6739 2767 5562 984 1708 3381 2745 754 4542 5409 732 1716 7310 5302 2556 1053 6156 5700 3818 348 3546 5421 7741 4705 4129 2545 3505 7112 
7847 3899 1947 5711 2387 1875 1983 7829 2729 1553 1087 1303 4051 1891 715 4212 7154 5008 2590 7170 1654 5052 3760 5770 4990 838 3393 1872 5082 2614 2788 2253 5208 3218 3777 3656 5593 1813 1933 6836 
5567 4751 6347 6927 7551 459 4035 4611 1815 629 1157 871 3583 1687 5863 645 2222 3486 5073 5112 4180 2598 7192 650 2536 7318 7414 1638 3468 1362 24 382 5214 4118 1756 325 6272 5089 1189 2564 6817 
4007 7751 4935 7883 2535 5531 641 5945 5477 4613 2455 2899 6007 6955 7989 3208 6832 722 6588 7162 1668 1857 6357 7674 4065 3052 5932 549 7824 1122 6432 2202 7758 1114 1616 3152 7153 6116 2540 3769 
4451 4511 3719 2351 7871 7091 7119 3855 5357 3029 2345 7555 4627 7411 3859 5625 3732 5306 873 6792 1086 6652 7194 658 4413 7317 7726 26 5 1528 472 4554 7950 2697 976 3270 3469 649 4952 2780 3217 
7031 4343 1679 7455 2319 4347 3423 2775 7181 2093 4339 7039 6631 5659 5527 3134 6758 5901 4404 1234 4648 3006 1824 5726 7566 6866 1420 736 6634 4632 1030 7164 789 6950 3646 5329 6937 2809 3589 3044 6056 
971 4727 5175 191 423 5355 6867 1035 6651 6917 5501 4819 2815 3415 7366 4938 5205 6870 1278 3480 6982 534 3957 7536 2680 4754 6285 501 4516 2853 5826 3496 3504 1744 4882 4688 3932 380 2084 3236 
6179 6467 1131 1043 6483 111 6735 6941 449 1925 6845 6703 739 4747 4375 5626 5006 2748 5870 22 5734 2390 228 5973 2326 4348 2738 748 5844 7774 336 2433 2910 4300 1762 4933 6140 2492 3020 2480 3896 
479 2459 5447 671 1931 6183 6087 255 5717 4697 4159 5131 4567 7771 6967 4662 7113 5133 5898 5634 7185 1692 1974 4218 5064 5034 3388 6030 1998 6520 2352 7896 634 604 3346 7440 488 5420 4112 3577 248 4484 
7247 6395 6527 2019 1791 51 1599 6341 905 1181 1685 713 977 4303 1747 3206 1204 3132 880 3618 4506 12 4738 3050 2750 441 7960 5136 1188 3386 226 2712 1941 2692 1758 7549 1225 4045 1520 7057 5900 
6167 7331 7391 2751 4623 219 819 1205 2405 1483 1829 7435 6319 898 3775 6972 7722 1120 3009 6946 669 7296 7350 6928 2246 7572 4130 6518 3348 1929 2373 7706 2416 1501 3572 1681 7213 3793 3716 
7979 5831 6539 7731 551 1263 4217 5271 2283 4553 7409 5791 5743 1615 7974 5980 4334 3984 7432 5470 400 7510 3021 592 2676 4557 4708 2136 3952 6664 424 150 1938 6684 7981 992 6488 7333 6493 1028 
4739 7547 2207 3191 3515 4119 2511 3749 5849 7721 2789 6653 1459 6427 5872 4560 4101 6798 1266 5990 3153 5510 3048 594 746 4228 6730 5658 7264 4701 7132 2170 3645 6458 6385 2833 2636 2648 1597 
7043 4331 6287 2819 2907 4575 7203 6401 1997 1431 7339 7879 3955 3446 3213 232 6034 5337 4864 6290 2994 4478 5678 826 45 2746 4785 2006 5890 6622 5865 957 5025 2989 6416 6728 7160 3937 
1583 5243 7835 579 4703 303 4589 4803 4829 1625 6209 3475 6799 187 4161 6657 458 3742 1506 4906 4332 6630 7300 3294 5661 3780 5378 3654 1848 5834 1630 261 4170 4005 5422 505 4796 5120 1153 6685 
5327 3447 2147 2927 4463 6339 75 1049 4145 3101 6821 307 1879 6499 7970 5433 2946 5997 2754 2841 7581 2284 6477 741 2194 5745 7888 5022 7221 7842 2138 5002 3186 394 2749 1 6620 7321 6709 4873 
3491 1523 6311 5895 2831 5127 6257 4097 305 1673 7085 2335 1267 7579 3326 5817 6760 5338 2328 2218 4890 298 5202 6406 7557 674 7262 3292 6662 5930 5704 3930 966 153 573 7196 5996 1633 2785 5797 4172 
7379 3327 5583 3135 1371 6275 2067 5547 5225 3425 6175 3823 1735 6283 7822 6837 5812 1860 7982 6014 3290 2392 1524 3909 2229 2260 7438 4269 3312 1113 2476 688 2762 6058 1292 3613 2653 6085 5828 
7151 5619 6371 3063 6971 231 903 4839 6353 4289 1361 3185 1697 7075 4207 7123 139 6750 1540 2452 7894 5978 1010 904 5054 4732 2814 196 184 5690 786 2481 5805 5829 4742 7546 2805 3465 4257 3198 5709 7586 5688 102 3202 5840 7285 6164 1844 4597 4609 2468 4616 
7991 2135 6455 4767 491 3347 3759 1383 2367 4085 4 4757 1397 3931 7927 7387 892 2695 4317 3144 7290 5010 7694 7425 5682 4980 492 7682 6234 4036 5630 4456 945 3888 542 7386 1456 4464 766 2414 3962 3460 6850 7946 1405 4676 5437 1693 6853 1832 740 2456 
4163 1331 7415 1487 3363 5715 5055 7667 7625 3269 4577 7049 4315 4831 5251 3727 1603 5121 2877 3976 1850 6722 1065 7426 2388 3321 2642 540 3614 7634 4346 7662 6381 7029 2565 7053 2109 3498 2380 7334 3634 76 6206 2234 2720 5533 5492 7165 5012 6956 6500 7832 
3215 3635 2355 3207 5115 2007 6075 3291 2415 593 7961 6521 3379 583 4411 5575 6744 7437 6298 5786 1414 6720 1084 1264 2646 7416 7840 4934 3316 1497 4636 2530 4250 6038 4722 578 3060 4762 6616 5884 4782 1620 7522 5284 5504 1592 997 469 5888 3433 829 7705 
179 5159 4391 4911 923 3747 6135 563 1551 5031 2787 7947 4939 5525 1963 6043 4675 2419 1562 1786 6974 5841 2470 1698 537 5974 6544 6806 7809 3714 6021 2541 3897 6873 130 657 3390 4922 5218 6912 2374 3286 5020 6822 7561 1424 7273 6793 4808 2240 6680 1753 
4223 587 2063 4583 5079 1919 3147 135 6827 425 6293 4193 5045 6999 5875 6859 4927 6254 79 3734 6410 3141 5074 7582 2685 6346 4833 3122 1833 1284 4726 2368 3706 7089 2920 7740 6966 4924 5702 278 2638 6238 3520 4356 872 1669 6104 5965 5221 3116 2773 4117 
3071 2723 1667 4023 3999 2955 6663 2279 2501 687 1529 2705 3413 2611 451 5107 7519 2239 5566 6604 7828 1240 6120 5680 7912 1678 998 7932 5106 3894 3712 2966 1305 6921 3478 5906 4548 7470 7756 2232 710 6686 3412 6980 6224 5509 2348 5636 1489 2125 7796 
3875 6779 4647 5735 4307 5979 6891 7635 4889 2873 195 1457 4301 4457 7327 1423 6691 1138 6756 172 4480 4706 4086 4898 7780 6122 7554 6026 7548 2850 7302 2730 2428 969 1426 6028 7062 5522 4062 708 342 4766 309 6909 74 2696 4513 5516 1604 5324 1417 3884 6841 
1415 599 1379 6563 4659 5811 2223 7451 6207 1395 4397 3941 6713 1745 2059 4111 3703 2671 6754 6036 0 6777 5122 7990 334 1572 3534 122 180 4186 6084 4698 2538 7454 4776 1704 3022 3960 4449 70 410 2278 4072 3810 3488 7933 7465 4429 812 2905 4076 4316 
7631 7787 3047 1283 2607 5247 7743 63 939 6221 387 3257 29 7567 6343 5563 3199 2923 6261 7620 778 453 4788 3621 5733 198 7042 1006 6808 7218 3864 3398 2698 1104 7458 2044 7066 5524 4432 2122 5541 2142 2236 3702 6825 6284 3661 5096 1957 5353 5132 2761 140 
1091 6407 4871 7643 4983 5039 7647 1121 2475 3473 1145 353 2393 2563 1807 6547 1387 3328 640 466 7908 5542 7118 7044 672 7180 2164 7672 7902 6400 3562 6549 3826 2014 4056 1629 1764 3870 2026 4610 5386 4384 568 916 1557 3200 3680 5293 2029 421 5209 1909 2233 
1079 7703 467 6431 2807 3123 3279 4131 269 5153 2969 521 6259 5647 1027 5467 1159 3334 768 4014 237 1410 5310 1262 7418 2656 1090 2558 7562 1092 7382 1924 3602 1660 6024 96 3400 48 6705 3556 858 2690 2076 718 2154 3500 1640 7460 4412 5845 1297 3368 5648 
5951 1503 1223 4587 4679 5463 1863 2895 1439 6617 1961 7325 3089 1639 3979 2719 487 847 7626 6045 6297 4650 6738 2532 6162 4252 4026 7046 2364 1245 3046 4473 5342 4596 6534 3626 2064 6952 4132 7792 3530 6182 7254 3772 5893 7909 1076 7021 4849 7376 4136 2413 
2039 443 59 3095 7239 3539 6471 5585 4853 1911 4865 2741 2299 6931 7915 3283 1137 3324 7692 2469 6658 6384 5608 7766 6876 4692 7312 4574 1066 7878 936 5830 1658 7020 2066 1314 3880 4202 4694 6274 2517 7200 2049 3798 6097 7117 1016 4400 3848 2965 3997 6205 
5219 2543 4127 6975 2835 395 3939 1839 2609 7841 3173 6089 7493 3509 4867 7231 1279 1134 5618 7732 4510 1116 4238 7288 5954 6222 1994 6706 5248 4294 510 4430 5150 5370 798 442 6916 5822 4466 2898 3084 5086 6214 4370 1838 1268 5972 5024 2828 7760 7237 3913 6596 
4991 4187 743 6875 4275 1803 4863 4025 7565 2379 1229 4541 3293 6763 5227 1231 1291 3883 4096 1346 2226 7122 2990 979 4020 7294 6220 508 5058 2862 194 4572 58 1622 6942 3238 1596 5080 4830 2370 3802 414 489 2496 6710 7544 7916 3565 3757 1645 3464 217 1765 
6131 2015 891 767 5559 4083 4515 2667 1637 4793 3545 329 2755 5443 1147 6523 7495 5810 2870 3360 4353 5328 5606 444 1982 4702 6100 2262 4752 4800 5760 3942 3086 7538 3130 830 4509 6360 3674 2796 3537 3194 6502 369 332 1676 7448 493 2473 7136 3584 1801 
3239 455 2027 3887 6351 2043 6903 6519 2213 4169 6641 2453 4049 6509 2683 5059 5491 6177 6256 1042 1977 3784 4058 5676 5162 1834 1029 7701 5244 4200 3664 1972 4386 2781 696 2025 7368 5493 6778 4884 4612 3600 690 6382 2510 5238 3860 1513 1081 7189 1928 1580 884 1549 
4283 7163 635 2663 6419 5307 1995 4107 4277 7697 3305 7659 6689 1063 2839 1627 331 5814 1476 6148 2224 5390 2332 7434 3993 7272 7540 6033 638 4894 274 2314 6537 4149 6666 1202 6670 4725 6354 3676 1989 7642 310 1402 4874 5869 7208 3416 6764 1921 2689 3776 764 
1739 6623 2327 935 1059 7335 7131 6555 7755 7913 4517 1601 2477 2599 4555 4327 7360 6258 7396 6796 266 2956 1056 532 4146 6470 7938 7958 3105 6062 6633 3834 7462 3538 7677 3074 1358 3682 6189 4686 393 4374 5498 2036 1208 1232 2204 6661 2593 3397 4376 
1247 995 7055 1775 15 7419 3543 3087 7361 7673 6485 797 6953 5143 2527 4039 1399 6294 3482 4588 4338 2325 3010 405 1674 2090 6562 350 3722 7744 5482 3874 5478 3066 5714 7833 4914 7666 4382 1821 1754 5796 5920 2461 6176 3013 7016 7873 6781 3637 7441 
5687 5699 6083 2747 7263 4395 6149 5199 5693 1793 6077 2935 2467 6019 6067 6583 1555 5172 4958 6146 7930 6940 7468 666 5452 1970 516 518 6546 6358 2640 4545 7398 7614 1341 5880 4504 1960 6945 3616 256 3492 5721 7134 4194 1884 7597 5605 6380 1873 212 2684 5821 973 
6647 3155 3375 1907 4815 6503 3351 1767 3569 3531 881 4949 1277 1855 1795 7639 4387 4488 1570 7893 6606 4828 3648 3246 5769 4108 1684 2018 1072 290 832 10 1142 5692 3762 2566 7942 1242 5076 3345 714 5416 3222 7444 3973 4405 6157 2192 5396 4388 4196 1741 
6815 7967 4523 2195 4079 6603 4191 2655 4493 4505 2225 5837 2069 4771 1951 2731 6667 1771 6986 4966 2186 2534 7956 270 5142 7022 7428 530 5364 2542 5318 6669 4030 814 2724 4090 7413 2704 2046 4454 6002 6508 480 3429 5708 1213 3253 2288 3817 6229 7688 4364 
4715 5903 1007 803 5507 1083 7011 2055 4047 4913 147 2525 2321 6473 6425 2381 2359 3115 151 4490 170 886 4222 590 1726 6348 5316 28 1096 3580 4552 7050 5488 354 3576 3940 6442 2112 6962 6328 3100 5740 1250 4930 2265 3108 765 6820 4032 1396 2238 1777 7105 2276 3512 7592 4201 277 6440 1369 5185 4892 
2363 3755 5063 1595 4971 1895 3987 6327 6951 7289 4071 6125 3833 3953 7975 3007 7661 6871 4843 3210 4656 5138 4485 1082 1125 1578 6112 7072 1152 2334 5438 1706 1816 189 4068 4778 2810 2700 7338 3506 4998 7480 2040 5220 3588 3514 5254 1554 2176 3508 3686 3842 4213 517 4040 4573 6824 2024 6068 1453 3961 4357 
2591 5987 2759 4763 6543 4851 4095 351 4323 2307 761 711 3771 4349 2441 3461 6619 1363 1339 1183 2940 3489 882 3366 4274 2860 2008 1068 4816 6350 5148 1050 340 582 7342 7390 7826 4410 609 1666 5802 4678 7102 3028 3458 4366 2674 108 2272 7449 90 5258 7693 7717 5804 4556 2168 5924 6152 5180 7381 5257 
2219 7019 4631 1575 3227 3983 263 6387 5867 831 1683 3653 3869 53 1253 4601 43 3521 4519 3499 3448 1132 7348 6772 2858 1140 6550 3886 7329 5966 3554 4812 1696 1728 50 6462 3926 1878 6718 2268 4978 2709 4176 6280 825 3590 1452 3118 4968 4378 1750 3068 6092 1057 6644 265 2281 961 1045 2797 3980 565 
3023 6491 6191 227 7971 4731 3435 1023 653 1073 3387 1313 7481 161 1385 4903 6811 3307 823 163 1759 5994 5164 4226 3766 1260 470 5518 1080 2037 4137 1593 2602 7656 6202 4188 2350 98 6276 4972 4042 2482 2013 4756 3033 4550 2544 2426 952 3693 1806 2929 5216 529 3992 4544 2744 853 1412 2876 5665 6997 
6035 4499 4931 4311 131 1971 3779 435 3879 4481 4661 4121 2105 4891 1889 7757 3259 4975 4351 7509 6990 2736 621 6022 6338 597 2102 6345 5158 6232 1102 3724 4536 1324 3866 6082 2266 3998 6369 6789 4802 2526 6366 5496 7686 3854 386 3806 1886 3188 5936 865 3289 3049 5641 5960 2245 4448 7664 5545 
5075 6803 1643 71 4059 7371 6659 7395 1577 3603 4733 5981 5957 1661 2693 475 3151 7459 7207 3811 1545 3150 5212 7934 1514 4598 750 2865 1022 5426 4392 2896 1752 1690 3892 4082 6438 1642 1902 6516 6240 2570 2710 5490 5266 2068 1936 4070 3540 1398 7446 3408 6080 7429 3745 4784 6560 3632 2708 145 7129 4369 
7823 4151 2639 371 7887 6231 3915 1659 6423 6929 6017 461 2117 845 1411 3221 7807 1315 1867 4497 2932 2337 1254 7720 4989 7024 5604 34 6856 3670 852 585 496 7384 302 328 6621 3816 3034 5574 522 4050 6158 1306 358 3510 6310 3850 3688 564 982 6733 6973 6541 3128 5653 7640 104 4381 7801 6464 7789 
3671 3059 6911 4175 3003 827 6771 3449 4827 4001 915 245 6161 555 3139 6751 7507 7903 1099 1255 2942 5206 6412 5398 876 3566 5934 4462 5222 2056 4713 1526 6016 5037 5474 7174 4917 4689 5904 1422 6852 3708 676 6142 4929 5748 7149 2630 4528 2673 7488 7004 5336 1220 5204 673 704 2132 1052 3032 7249 3224 
6995 7319 6959 6011 2031 3731 3627 5835 7503 7109 3399 1827 5453 603 7061 6835 3991 2167 7267 1480 4498 7564 4866 2028 4330 3729 4953 5517 3948 6874 5272 7173 54 494 1020 2577 3694 2488 244 2925 7065 4164 6564 4854 1044 7658 2052 6213 5194 6422 717 6050 901 229 4633 1237 7765 7076 6908 512 3085 6452 188 
3383 5423 1763 3947 639 1787 1455 1443 1721 6989 5561 6701 437 7121 967 3533 4147 247 415 2949 2458 268 2294 3652 4900 3364 3720 5514 3438 4329 5230 1590 5848 5296 5410 218 3357 2546 4442 2778 7486 4298 2418 4474 2366 5186 2409 1893 6501 7250 7450 6985 728 1556 5305 7928 1705 3800 6361 6313 5857 1177 
7295 7931 6767 3599 6171 471 5595 6279 5259 7733 6605 5321 2261 665 6737 7291 7843 5095 6079 6139 897 7972 2950 5308 3622 682 648 4954 3070 5937 3750 7394 7245 6862 1686 3782 5286 5572 2610 7058 6330 3528 7660 6282 362 7389 6074 1320 1461 3808 712 7729 3812 368 4472 1069 524 2485 6968 3260 608 3380 
3179 5783 1031 5267 3015 5621 1203 375 6531 2091 1241 2009 6725 5909 1493 3019 2035 2311 5023 3679 5503 2889 6153 4818 40 2106 1986 7422 7786 2282 3102 1588 7665 5200 5380 5853 5032 2128 318 1749 7060 4302 2694 5406 3342 6093 3180 2518 2085 4657 752 721 133 5060 116 1717 1940 3332 313 4772 44 
4919 5255 1883 419 7287 5279 7347 3527 1359 795 5537 5513 7529 2897 113 1075 1567 6235 811 6919 7365 1130 4342 6414 1406 3300 7860 1730 4470 430 2286 4044 1732 3934 816 1209 6218 5320 2254 7905 7204 7392 4970 4166 3432 2784 262 5234 2774 2382 978 4878 2912 4496 7700 6692 4537 6992 7976 1093 6433 1040 2821 
5339 5819 4403 1071 1607 5679 1259 3951 1755 4769 6797 7037 4925 377 617 6943 6199 5479 5047 4999 4216 7500 1581 6654 7156 2834 2954 862 3954 6530 4084 7286 552 5157 2846 5253 5354 2505 6573 6528 4912 62 6898 5529 6441 2508 834 784 3630 3774 7501 3824 7537 4460 6356 4321 5245 1952 4441 6109 2629 
5183 3743 311 5363 5643 4791 5823 7467 2991 1275 4961 4817 6435 6305 6365 7159 1207 5299 5383 2803 6174 4428 5169 2190 6393 2838 474 5601 3018 4546 6312 7182 7852 2340 1190 3278 846 2196 4848 4104 3912 4426 3168 7236 4401 7252 210 4996 1550 384 6048 3608 7316 3241 6296 4501 668 5036 5624 241 5233 4880 
6755 4859 4707 7523 7563 2871 7923 1505 6977 1853 4229 7901 1865 2189 1723 2023 5599 31 9 7977 1785 3376 5746 3309 4869 4502 3657 1876 7430 2958 4254 1734 3606 942 4114 7870 614 4534 154 6300 5385 2706 3794 6362 3921 4174 6250 5926 7492 7676 3273 4477 560 3080 404 1532 2000 3553 2900 1657 2864 
7259 1967 7619 2675 3663 5927 2703 1541 7515 3929 7553 6185 6593 2669 4483 4063 7195 3031 5622 2296 7274 538 294 5428 7962 598 5738 5110 5598 5102 1257 4422 38 2848 7214 7406 7080 216 1428 2776 4122 6228 5553 3518 5712 242 7684 5908 1438 7521 6008 4832 6805 1249 4465 1760 541 481 7201 2840 5749 
2615 4103 7307 3647 4779 6743 5691 2619 519 3699 123 5597 5777 929 509 4471 6115 1651 7219 6055 6170 7570 2944 177 396 5896 6042 3573 7838 7641 6702 5094 1948 6714 321 2714 6286 2601 105 1953 5445 1434 2484 6784 5040 2346 6960 1318 5710 4360 3422 6326 6752 169 1700 3037 176 6572 6872 2845 1381 97 3524 
5975 539 651 287 1559 6399 591 2883 6723 6687 279 2129 1373 4625 3845 2503 3559 7531 6247 5590 5419 5586 2208 636 528 2625 5322 678 6453 412 2652 4396 7332 6660 286 2970 192 1881 1718 3796 3526 2786 4306 6712 4600 3494 5668 7084 837 6436 3861 2670 3944 4585 1568 5053 4988 6553 5456 1621 1892 1328 4856 
4655 1943 7223 3035 4643 3651 893 3891 2403 7059 725 6773 7229 6245 7819 5705 1135 5971 3547 3343 7653 4594 2988 698 1026 4728 4245 702 5146 3990 6190 1168 2616 6858 5472 3830 5088 6958 3765 3318 6902 376 7708 6132 5820 490 2568 6694 7456 5666 2438 3778 2420 284 5629 3121 4105 596 5444 6277 253 11 1112 
6983 2859 1715 1295 3927 6123 5091 1707 3255 7817 483 5187 6197 7791 3701 7735 5189 6295 6895 2707 5755 646 8 1344 5938 700 1790 3900 1017 7341 4437 5090 1946 2493 33 4173 4230 6180 5476 4034 828 3938 1802 1826 4606 1101 4293 6888 2058 1558 5557 3956 7628 1573 5408 4520 6697 6848 7484 4724 6325 1868 
3587 5291 1319 7811 6807 7251 2523 7311 1611 5727 7937 5117 2549 5381 6449 5167 5683 2131 4543 1495 5402 2934 5982 7010 5124 5458 4642 4394 3014 806 7278 6225 426 4514 4770 5716 6070 2121 7944 1377 5534 3624 3705 2817 6890 5290 2760 5914 6424 6302 6580 476 661 7921 5317 4945 1748 2161 6404 6308 7844 644 
5087 4011 2975 4415 7623 1239 3567 3639 2679 615 4985 3905 5919 2993 775 5395 1195 7183 7243 7063 5388 2930 18 5198 6612 1212 7464 1089 4144 4066 4046 3516 5850 7882 4053 5694 849 3640 1890 3405 3852 1665 6316 5502 586 5718 3424 2130 1766 2664 1561 1472 7177 5029 5360 2605 4736 2924 4777 6457 440 
2867 1475 2339 1619 5459 3791 851 323 7023 3315 207 1179 2861 3377 5081 5969 4781 3485 7253 5369 1337 6881 5261 3341 655 3367 5287 427 439 631 1560 5181 6646 562 3472 4730 5889 2752 2498 7370 7281 7353 5078 7533 468 922 6468 322 4620 4624 4602 1176 7324 3950 2256 1966 280 996 5698 4858 4720 3681 5282 5673 2514 249 1338 5706 3525 3996 1390 1094 2182 5858 1888 2824 5289 6900 1770 4440 2422 1308 6324 4126 1392 3158 1129 5617 4561 2300 4645 5005 1064 1261 5785 5168 7849 4057 1585 5156 3764 7897 2305 2660 2612 7964 2756 2569 4969 6200 2444 
5171 5651 7571 7907 3203 2583 3683 4155 3483 1935 7695 5283 2495 5799 2933 6711 5897 6173 6545 7241 4015 3917 7145 701 1543 7589 4637 545 463 5323 7543 7867 6571 7255 2654 4886 2586 234 3201 3758 7670 3177 1680 4653 1602 3170 3549 2313 3352 6 5376 6088 1608 3988 918 1334 5836 7094 2308 264 5373 4240 3234 208 1154 6844 7126 2150 114 1944 7482 5550 3837 300 4120 5950 2270 1380 252 3189 4674 5750 2916 2769 3274 6576 5000 7813 5856 3840 7436 2209 4333 5228 572 6769 6332 3313 4532 7580 1916 2365 817 2137 5701 3601 6236 5473 4033 61 3853 2437 5876 
659 863 383 143 5603 5067 4847 35 7583 2715 7071 7539 7799 7611 3411 5343 6029 5499 3665 1097 5249 6137 2813 2633 7015 2981 3247 6269 6403 3967 2971 6535 7483 7224 4482 3972 6801 14 4570 6150 2290 2494 2038 6078 1194 652 7550 6894 5361 3064 1294 4974 5454 6249 1164 3076 124 574 2306 250 6110 4296 4168 6066 5098 2722 6376 144 3728 7476 7380 2800 3441 418 4368 6717 2918 5190 6460 3410 5754 6052 72 2054 3513 3182 1100 1537 1836 7100 5108 4352 1904 1141 4345 2948 3301 5348 3877 1525 4184 1724 4820 6788 1280 2264 1304 3829 5041 200 3277 6577 
3251 5015 4595 2951 4199 3275 47 1751 5967 3867 1199 3695 5139 4013 807 6627 6459 5333 173 3245 1287 6809 5021 2957 5417 6629 6389 175 3451 7351 2369 6223 211 3271 367 931 2635 7629 3691 772 3847 5332 720 5793 734 3288 506 1077 1298 4622 5944 6628 946 7750 3966 2148 5742 5730 5070 7528 2904 670 7086 2304 5145 1605 3112 5958 7152 3544 2522 1978 4074 2349 6582 2926 5548 6429 314 2178 5854 2574 1322 60 3264 1450 2436 3696 4078 81 7802 981 5050 6253 1772 6637 4309 3481 5425 7424 7345 5720 4976 5449 5792 2677 5264 2017 4717 5048 2972 1436 2041 2149 6001 1712 3337 6505 
3335 731 2507 3243 4571 4043 3767 3579 2987 5403 3171 3735 4179 6675 5009 5379 1107 4755 2571 3017 5069 1733 2487 5623 1325 6497 4711 2587 3571 6031 1711 3667 5239 2851 3919 1478 7108 5430 7624 1996 864 2094 6609 4310 5724 6444 7260 6614 3820 4984 7176 7936 6474 525 1905 1326 4888 1226 3078 3876 4420 1898 5268 4836 3638 6000 4780 5397 1798 7138 550 6538 7762 1170 1738 6532 6138 840 1761 4372 1626 1342 158 6492 1384 6304 5042 6906 3814 1894 1846 2668 3344 7292 7772 6812 1136 3145 289 1273 2624 5161 4753 4052 7045 7609 908 4700 4393 7364 1285 3025 1897 5713 2108 6776 5413 
1511 1019 1103 2915 1187 1539 267 4959 695 7935 7143 3231 3167 7767 5439 627 1743 6003 3687 3317 3557 2645 2537 1877 7469 5335 1123 3043 3739 2887 3871 5359 3187 2263 4010 1569 5178 1504 1722 7764 6600 1200 238 3237 2560 6192 3490 4425 6922 1788 3057 7322 5274 2962 1372 4365 2952 7078 2410 6930 4581 5224 1296 3633 6264 5170 484 5280 3002 4524 5942 1224 2973 2772 5568 760 148 2342 4418 2524 2274 4672 842 3030 1317 4444 7258 4000 7714 2406 160 2449 3325 7794 1185 2984 1820 7724 1969 613 4328 4789 6337 25 824 6865 2048 3925 6860 4453 2893 4993 3169 6073 3740 5905 5612 5497 
2939 239 1067 6227 2963 7175 3431 5891 4883 963 6851 5151 1959 4923 2771 2847 6915 4937 5405 581 1937 3219 7265 4409 3785 6569 3593 4421 221 3067 6355 4003 5839 3235 5719 7135 3439 1843 465 990 1214 1041 1002 1058 3561 7953 5469 4768 7876 381 5346 7420 3045 16 7898 4322 3354 5085 756 1368 2520 2145 630 7209 3609 3904 4740 408 5964 1800 1656 602 5250 1533 2790 6322 7534 4041 2402 624 2594 3093 5374 69 6134 6904 390 6010 6309 2445 924 958 7512 7645 7790 4088 4009 5989 6877 7532 80 3968 5389 3385 193 3721 1796 1664 337 4280 3349 2672 6949 3109 3697 157 2269 800 
6155 6839 3935 1811 1499 3707 6119 5003 6095 6071 5235 2447 1323 611 7155 7215 2945 747 5675 3209 6963 783 4385 5465 4565 5057 2863 4361 3881 7445 5899 3079 5669 4195 7949 7816 4018 174 5118 7032 3000 681 4558 3910 3477 1701 4398 4380 4684 794 1150 7914 7782 5066 4608 3748 4716 1162 7168 3106 7632 2034 2002 5226 5400 6561 3184 3072 7618 3358 4389 2964 684 2344 6430 1440 5229 6306 4994 1900 5940 2506 1197 4677 3832 306 934 5798 3090 3190 206 3846 4192 1437 1460 6169 6584 4957 3361 6649 1117 7328 6740 6445 308 4021 7040 5816 920 7820 4261 2557 4340 1441 7585 584 841 2360 2665 
779 7895 2003 1427 6791 2399 7595 3555 5663 6591 447 5495 6567 5165 5177 363 4875 6833 1001 3807 5285 7685 7313 2165 7385 3331 1579 4877 5695 295 5731 3319 6187 2155 379 2874 6168 7845 5766 3374 1566 4266 2554 6926 5334 7269 3502 2894 2030 5382 5728 1221 5166 4354 4024 5506 3542 2878 3669 2486 1910 7866 1288 4264 1293 186 7478 4626 2550 2205 7636 4038 7588 2726 5866 1462 1378 5026 566 2277 4690 4450 3813 1774 6690 3420 3192 1912 5544 2982 6333 4077 4153 2634 5262 236 6829 985 4861 7652 6212 5065 3296 5252 5912 2768 4177 5852 5365 5588 1165 6913 5480 2401 85 4921 601 3308 
5411 3563 251 5939 3623 5579 755 119 5943 95 6059 7839 3615 291 1299 3819 7973 5393 1469 2427 1013 7541 5093 7925 4745 2141 6329 4915 5827 4687 2875 4073 6727 1447 3163 2143 1663 4341 4936 3378 4605 7092 6981 2649 202 4734 1330 1166 6402 3660 856 304 5614 5298 1992 4744 7125 4438 948 7082 706 4682 2016 7270 1286 4248 5722 1416 3756 1882 2721 2172 2133 4178 2978 6141 7524 3414 2632 3678 6996 2892 4977 3856 4670 5217 6842 78 6266 5188 1430 2829 5757 2820 6745 4093 3908 3373 7868 1124 1316 2389 3104 7837 716 1825 2432 5240 4904 5689 1004 1808 1988 2425 4220 848 5600 73 
4487 5303 5747 6147 2303 171 167 7359 6255 4427 791 5319 407 3329 4251 7407 6303 7601 2033 675 4973 3125 2717 5933 2947 6065 6979 1985 953 4651 535 3175 4987 5851 4579 7711 3799 726 2908 4956 1070 576 4893 4029 6790 4704 5894 6165 6732 1014 3610 7212 3040 5961 5366 2808 4758 5800 762 1401 3898 4518 5362 1425 5790 2734 5193 544 6090 2114 4060 3578 338 2985 4576 7216 7320 126 3162 1650 5946 1918 2922 374 1494 3340 7704 3445 6204 1742 6081 2826 5752 5418 1477 2581 4028 5984 2936 932 7069 5833 5384 7405 7880 4304 2324 7520 349 4256 6181 7052 1484 6061 2521 2077 2372 3452 
5519 1139 1979 887 3959 3083 5331 5511 3299 5295 2595 2291 1163 7479 2103 7047 773 4419 4371 4431 87 3077 2045 1421 7709 737 137 4997 4373 643 6991 4231 4267 4291 3895 4783 835 4807 5620 132 5602 7776 994 5956 6610 7966 7800 4910 1370 6678 7526 6933 7222 3254 5962 3936 2812 1677 5404 1956 7198 3868 7 2042 201 7266 6114 3172 112 7593 4113 6522 5486 7668 5270 3338 5352 5246 6708 2688 2152 486 1618 2718 213 366 1773 7137 3684 2766 1932 3430 2764 1746 4198 6510 152 7148 7621 5977 6409 968 1789 3872 2852 3061 5401 553 2072 3709 4748 5077 2713 6565 7952 7453 3517 205 4189 6044 
5615 5843 7691 2651 875 5607 2903 4535 7511 7815 855 5195 531 7959 2235 6447 1671 3027 4527 5703 6749 2837 5237 3113 4253 3353 7637 6281 317 2249 2081 3211 4735 727 2539 907 4699 2407 6463 3391 6106 4962 6748 138 7738 6480 6386 5644 5824 7101 2682 813 6405 5016 1466 3196 1098 6818 7308 4638 5656 3466 1404 3822 4680 1926 5278 1161 3592 6568 1432 312 2134 6554 5210 120 4614 3456 6057 3828 954 7710 2572 1192 5049 5918 3117 165 388 6840 628 214 2830 2124 4358 1880 5581 3133 5125 4292 6601 397 2317 3001 1345 49 3836 2120 5732 3920 7861 2012 6193 7940 7808 7141 7945 3805 3356 3692 
1571 4895 5315 2243 3443 707 6335 1719 1691 2435 1227 6939 203 5555 2139 7323 411 4469 3065 2021 5141 7457 5309 7805 5993 6665 3617 2237 6557 2573 1975 5947 5071 3715 2047 3835 2827 7737 1222 5592 7336 7068 1149 3372 4468 2004 6417 3666 5152 3082 5878 5068 1672 6570 378 6938 3717 5494 1158 2968 3718 6802 2188 4950 4773 3474 3042 3906 110 7590 6208 1990 2702 285 222 1920 822 5546 6270 1198 2157 7485 2440 1174 4526 66 6954 5241 117 6964 7248 2822 5260 6009 926 5312 7969 5773 2216 6145 6289 589 224 3428 4940 4741 4016 2252 7093 5192 5377 4249 1333 548 2917 781 3673 2977 1885 
4031 7367 2879 3923 7403 5007 6023 7715 4115 2519 2699 2183 3495 7431 4143 4649 1949 4205 7587 5645 1349 3713 6461 809 6869 2801 5179 1219 5011 4243 3643 3751 1939 1531 4123 6907 1485 3250 5985 5736 1702 4022 7186 7749 352 5368 3928 4262 3642 4582 4764 42 4846 94 6472 4718 4749 1954 7142 7858 2424 5061 432 5394 3662 4204 1218 3114 3304 1814 3024 6064 3804 2794 7096 4138 7713 1382 4377 4190 1614 2733 5577 5910 204 1180 6693 7810 5530 3166 2241 1418 6428 3205 1740 3212 7009 3733 5197 7472 7033 6673 2732 6349 4844 5677 6925 7508 4681 1784 7412 3625 5300 4165 3704 6901 3181 
3011 4775 1211 1151 6887 5135 1343 6695 683 7983 6639 719 5415 1515 3 1491 2559 1587 5631 951 5873 543 4181 1301 3281 6041 4133 7279 1769 4279 7939 5083 7855 763 4723 3103 2323 777 1509 4336 456 1078 1968 4344 868 2100 1776 2608 2596 654 3801 5596 7120 3394 7785 292 2886 3442 4774 1950 7098 436 4416 1965 818 1360 5764 6314 3276 780 5356 2110 6726 2118 7862 1906 7282 3436 6201 1458 1366 693 758 1612 6496 7797 6514 6210 5044 2986 2126 4876 6465 86 1442 7002 364 5809 637 2221 3476 1688 464 7297 2588 4981 320 733 7184 1736 937 5485 4868 6517 6241 2053 2509 7064 3560 3140 
275 6599 6359 5807 4259 6587 4355 4443 335 2255 3407 7199 1835 3267 5367 4683 1133 3459 2247 4599 3005 5297 4721 3965 6905 1841 6317 3497 7577 77 6785 1471 5155 6127 4183 859 1039 3427 4098 5114 1512 6454 7106 3240 7602 7917 7158 7070 7617 1258 4214 1048 7552 4790 3228 1206 7869 2901 1792 5440 6237 1632 2316 6558 6794 5292 1356 5649 4258 7326 7900 1008 2854 2793 5570 225 6246 1389 3402 6970 118 246 2637 850 1812 2976 4786 782 1312 5232 1106 6504 2500 2242 360 889 7357 7442 7225 5276 656 32 7777 3392 5432 6217 5149 7556 2576 7657 5864 4801 2257 6529 92 3176 3541 980 6656 2173 
4019 1955 6611 5163 1355 2411 6899 2483 6027 947 3803 2795 2151 4263 2967 6879 699 7719 99 2465 1061 567 209 2333 7421 1265 857 6581 1613 4591 5767 1171 1243 2623 4087 343 5455 6163 6307 3214 4794 2097 5448 2644 4246 3462 3574 4110 4654 2770 580 3945 6724 3262 7752 7702 7584 2446 7130 6198 1534 7768 738 4434 7678 1454 4128 3129 3268 6018 914 1962 7074 2116 258 3396 970 7594 6118 3585 2078 790 7090 1809 166 3160 6374 4530 5758 7494 2782 1186 3862 4881 536 4489 4268 769 3752 6589 1009 1849 6025 4729 7400 4837 4273 2101 3668 4664 5696 3493 7028 5468 2377 7681 1964 6128 
7283 4067 3143 3131 7139 6215 6731 1115 723 2315 1011 4719 1647 1823 5991 2631 1169 6783 7007 4445 41 4455 5105 7433 2201 7217 4325 5407 7303 7603 89 4507 7171 67 1927 3631 6211 7742 4492 2212 4281 4737 1720 2592 7746 6861 2512 2678 1332 5536 3986 2385 7836 5637 3994 3012 3081 1641 5038 6124 1281 7854 6676 7038 808 4761 5392 6556 2914 297 7906 3406 7030 4578 93 190 129 4305 2061 7238 3918 4857 2378 4197 2080 2980 5277 4618 3285 482 6456 7206 5913 3220 7144 1310 7798 5948 972 6757 6481 6037 2881 7573 1861 6668 5461 6188 3901 4237 1993 20 4909 5084 3097 416 2156 913 2341 6961 4652 
6551 6263 3575 7127 3995 6635 3359 5963 4367 3611 2099 2423 5775 7851 1047 4239 7167 3843 2357 843 5213 2297 4901 6761 1085 5741 869 3893 2849 5885 1507 4099 6607 7399 4663 2959 5803 2551 7963 1486 4531 3454 7298 6342 962 2961 273 6597 4210 3568 5434 4326 3120 874 705 2258 57 450 477 2289 5457 4182 6184 1737 417 3558 6914 804 1444 4142 4286 4824 4224 7680 1896 5640 2502 7874 346 5484 6948 5578 4054 220 4446 7608 1610 6494 5001 6466 1446 6688 2400 6426 5505 6910 4533 84 5670 7856 4362 457 7712 877 2869 1021 37 3644 4964 6344 4100 4208 6469 7988 2197 577 3404 6536 1321 2600 3596 1429 1309 
5627 899 7739 5999 7679 1563 7275 5483 4479 4203 5211 1731 1311 4619 3831 507 2115 7179 3195 4359 4313 3581 3675 1805 3629 1517 2763 5753 4219 7783 5215 1003 7987 6643 4255 991 1591 4435 642 3607 7886 1797 810 4644 5154 7569 1510 588 7560 4814 7128 3154 4276 4522 1521 6196 2802 861 2842 1804 4500 7473 3124 2386 2062 5340 7257 6086 2650 7864 5882 1032 2622 6774 2974 3612 7881 2798 940 7638 6006 1598 3628 626 844 7056 3026 1498 3232 7246 7005 6117 3225 6969 4125 6506 106 3922 2421 1400 1628 6932 3788 7904 1033 7340 3649 4712 7393 4081 7669 2816 956 5372 433 3229 4508 6320 685 3092 1448 4580 1508 
1547 4319 3971 7919 3839 839 1871 6987 2211 2259 243 3471 1143 4563 7911 3099 6363 1899 2343 4061 7073 473 989 233 975 2921 7769 4027 5587 1757 3055 5515 7699 3907 7687 5935 5887 6594 4986 1782 7814 4834 3501 4140 4948 2010 1725 7276 5349 6674 6854 4826 3094 1230 254 2884 4798 4668 3256 1646 3700 2478 1930 5092 7402 2686 3902 6244 5184 4946 7026 2169 3636 2553 3873 1492 5358 6321 6242 4002 82 4134 6578 6372 2404 6816 3690 6780 1110 3970 5242 156 7514 5265 5072 6585 4872 2960 7088 4124 7885 697 2641 3008 7309 5137 860 6632 4160 788 260 4436 7172 2060 4640 3548 5281 2497 3157 
1727 7943 4691 6935 815 2579 6479 6747 4547 3419 155 3903 4811 7227 6159 4709 1565 5883 2739 1409 7491 4671 4157 6375 3437 2153 895 6151 1901 19 5539 5815 595 1051 4795 3091 943 6595 6252 4156 6478 2394 1464 3597 1634 1300 6978 1238 660 5806 7034 3964 4458 333 6542 546 2032 1530 5697 4521 6129 1934 6004 2088 5313 7804 7410 3586 4048 5846 4106 921 2434 3672 2578 1290 1689 912 7240 1449 4852 100 3098 1606 1490 5018 7516 6054 6574 2140 5236 633 5500 1386 146 5526 5173 1768 3417 2941 5113 445 1976 7604 5684 4813 1340 7957 5953 2533 620 3889 181 4424 7477 7220 1364 5941 6421 2396 6301 
3455 4967 3851 3551 6047 3119 771 7211 6831 7035 4215 4503 3963 2451 4947 1695 3591 5847 159 4635 5609 2597 7025 5789 1779 1109 101 4037 281 271 4963 4855 4171 4447 523 5035 319 4759 2071 3330 2302 2322 5762 6624 6681 6525 2020 2606 5842 3016 3650 2146 7314 3230 4850 282 6046 6160 4908 7401 6892 420 742 2206 7610 4806 2806 3754 1182 6076 5100 6918 2490 3914 2626 3088 6094 6318 7497 1329 4390 4006 1600 1488 4630 5256 3336 5664 928 2181 3216 7806 933 7490 2504 6884 296 2293 632 1376 745 2329 2089 1465 5101 3781 2528 7633 5881 2144 4417 1196 2065 6373 1105 5144 7748 6524 