144
1259 47 3639 3641 1207 1231 3441 2246 3561 2970 3180 1970 3854 2300 589 
2675 3047 2621 3211 988 192 3748 1276 2673 2186 1848 3172 1712 
2687 3707 1071 1267 3654 3910 1137 3902 130 2241 1742 801 476 3169 
311 1569 1755 2033 3031 357 1154 1752 336 3866 3794 1062 80 296 
1631 2758 3159 233 3319 16 2314 2244 2952 2472 324 3038 1120 2504 
3011 3003 3423 1085 3139 3552 982 3390 1894 1634 914 418 932 1465 
3023 407 3303 2525 2287 1036 2702 1104 3892 3370 1365 2886 212 2941 
191 2591 1493 2923 2325 1710 3004 117 1594 3726 2530 3752 128 
239 1337 2736 3432 2266 189 1612 2046 1620 445 284 
2 2549 2273 3775 3894 1334 2112 112 2538 430 2144 2024 
2579 3366 2861 3463 3278 3890 3986 1522 1641 2526 2392 2944 1640 
143 1748 3401 90 3614 352 993 3360 1576 3849 966 536 3349 
1931 2146 91 1327 2169 826 544 3136 2220 2590 517 1897 
2159 201 3965 2719 2443 84 1144 1332 1536 3870 1461 2612 1117 
3719 1127 3713 1903 3280 2454 2170 642 458 3474 3908 1328 
3143 3135 2167 2136 2738 595 1557 2226 1450 2460 1844 253 
3131 3994 101 2745 282 3285 1762 1990 3640 1704 2638 272 877 
2963 93 823 2071 468 1123 2164 482 2124 2930 970 3174 2209 
1031 2386 994 1758 2395 2961 310 2032 1414 1801 2389 
887 1235 1227 198 88 3054 2110 976 3382 1180 3954 1232 
3299 285 1032 1128 470 2776 304 2550 3042 1028 2420 
215 207 990 2116 2484 3436 1890 370 1680 1040 3601 
2195 276 556 3182 718 33 3981 1956 2185 1621 
3491 2735 2706 1375 3906 2160 1750 1672 1986 408 3764 1292 
2663 598 1647 2151 1685 2119 1771 1670 1272 480 1718 996 3026 220 3948 2533 3685 
2915 3591 2055 3099 185 533 127 3175 354 180 46 3396 3398 3100 838 2946 3776 2677 
3815 1635 2891 1695 2043 3293 1675 3703 3904 3650 2668 1210 622 3261 1176 537 3260 2216 
1463 1091 3449 1145 1747 1351 870 114 1980 888 2274 1089 1936 3680 2816 
2867 3611 1179 293 2143 3823 2320 1550 3754 3798 3672 690 1530 226 3992 2593 
1559 779 1047 1757 19 211 3556 3753 1296 1428 2788 3070 2242 3429 3793 1657 
3227 3783 989 3281 2707 3343 2138 3676 372 1152 1584 177 1842 3292 928 2473 2869 
2339 2295 2019 2345 2431 3607 1554 3480 624 3766 36 2916 2128 3922 2480 2749 
2183 2139 2919 1109 3007 883 2118 124 1982 100 2265 1257 3016 2446 3373 2708 
2435 2087 1923 725 2561 3701 2326 3189 2104 369 3453 3214 3340 2734 2977 673 
347 2615 3 3065 1159 2047 558 1134 714 1480 3330 813 1254 1266 2264 2497 2065 
431 2999 951 1889 2189 3643 196 3184 3678 1542 3448 1802 892 2988 1148 1789 
83 2319 2807 3833 715 18 246 1606 1437 2932 1674 3130 3304 1417 49 
2015 3335 2571 377 655 1063 478 182 484 3148 618 2428 854 1141 2605 
647 1379 3507 1217 2767 22 2666 102 28 2385 2013 3322 3876 572 752 
2039 423 1203 701 3199 348 874 806 2457 24 2474 1944 852 1208 1693 
1991 3891 2079 2753 3679 2342 2710 1190 3394 2098 2478 2646 1390 2132 3128 
671 723 3687 2799 2801 3173 3859 2380 3014 562 300 2282 3240 3942 2940 1400 1856 
131 1995 2583 3329 703 2731 866 1113 3618 3612 1438 3024 210 3420 920 2521 
3359 2795 3483 2177 2201 1783 2322 2934 2721 2121 686 3192 810 3568 380 2564 
1979 2447 1829 1299 2585 3559 1603 1756 1162 3926 1204 3213 2044 630 3585 92 1681 
1691 1155 1599 3761 3041 2191 3412 3938 3874 2928 772 2649 2992 2228 3872 
1919 27 1851 1913 1555 21 1644 3226 3090 3840 206 3722 1737 3721 2456 
3455 2879 2399 485 749 1061 1087 3652 1545 706 98 684 2670 2766 790 1213 2581 
1103 759 2051 1899 2477 413 3835 1075 3002 2814 2126 1884 2088 2234 3660 3832 1018 3118 2960 145 2384 
1451 279 2283 375 1371 389 2539 194 474 2378 3326 2344 2782 1932 2310 2202 2810 969 560 217 524 
3059 1223 2667 999 531 137 1229 1795 3562 890 2858 549 2770 1188 1942 3856 3550 1906 1472 3145 2864 
299 71 2775 1263 3017 2815 2959 94 477 700 1726 2374 2558 1574 3050 2865 2892 3532 3445 1177 3836 
2519 1355 2855 2991 2199 689 1939 3955 981 2658 2448 2346 2418 2412 1614 998 2356 3952 1429 1825 385 
359 2951 2835 1287 2669 65 811 1471 3010 1552 566 345 837 170 934 2302 3477 882 1976 3164 3109 
2987 3231 2631 39 53 1817 3931 358 3190 3417 1528 2494 2421 1206 2694 2290 3074 3108 3841 1136 1196 
2819 2603 2451 387 3989 1853 3523 691 2106 1221 2306 3616 3316 1888 3202 2406 2964 2506 3008 1 3620 
1343 3767 639 3879 1421 3341 3763 1015 873 346 2450 2253 1678 2904 3381 1209 2718 3690 452 2845 961 
1487 3447 3107 2847 2883 2789 1073 1927 546 2978 2092 382 688 3936 693 3274 3489 885 2089 3289 2881 
659 2307 3459 917 257 367 223 1038 1482 3064 1449 1804 2724 1098 2640 3062 290 2949 2785 3589 3956 
527 1667 1671 3759 2067 1301 3403 3691 1761 126 717 3648 1090 156 3408 814 3972 2332 1228 2461 1544 3380 
3851 1707 3819 3855 209 1891 43 3393 1540 2818 3746 1092 3756 3410 2362 1786 510 817 704 3464 
491 3975 1659 2559 3089 1651 2575 1161 1845 2772 1578 3204 3873 3846 3762 3162 1084 1058 3013 1460 1484 
1655 227 2751 1589 2153 187 739 3043 1744 1108 1740 2920 3138 2512 1509 2692 3040 1561 2732 2432 
971 2895 3315 2969 2021 2383 1027 3984 2458 3638 3744 3058 2289 1200 2134 1329 3777 3704 104 529 
275 3387 15 785 2367 677 3667 1855 3442 3186 1858 1720 376 294 1648 580 492 1401 2397 1273 3572 73 
2099 3323 2907 1215 497 199 67 3535 3897 2224 1236 60 2004 3129 69 3770 3036 2353 2720 2077 
2111 2267 543 3869 1625 9 2203 2746 342 921 2037 726 1485 3544 242 2822 1470 2204 841 3961 
3755 755 1983 2955 809 3689 547 350 129 974 306 1222 1840 2236 938 2286 2586 1497 308 2936 1369 
2003 3939 1131 771 3665 3991 1315 2102 3554 45 3802 2193 2133 3681 3712 1048 1896 1064 649 1057 
3959 2163 3863 2343 411 773 1495 2263 3988 3909 2354 2358 2056 3218 720 1264 3422 2889 896 3644 1940 
23 1479 419 2777 3125 1135 1291 3282 2340 708 3450 1218 3518 374 912 3294 2613 1837 3596 968 
3527 2063 303 2489 1119 2479 2791 1722 3974 645 1248 1300 1929 578 3566 754 3609 637 829 2984 
2363 3971 447 795 1779 77 355 427 3967 2308 2986 1170 3516 96 2906 298 894 3573 2625 2556 1788 2678 481 2761 3337 620 
1415 3563 2351 1971 1791 1397 1013 871 2563 1003 3386 338 1650 1410 2190 274 40 2642 1282 568 3718 674 2868 3610 2929 2125 824 2276 
791 3083 2643 3015 3437 581 2609 1915 535 2466 2061 1546 3621 2222 2338 314 2994 2212 3300 3816 2217 2676 2336 2516 1868 1345 
167 1319 903 1107 269 1925 1759 379 2887 2349 244 214 570 2856 1029 1020 612 900 3405 765 3072 3456 1537 1237 3817 925 
1595 3287 3807 1419 2607 3171 3737 3787 439 978 1338 1444 1250 312 460 132 2568 3580 3302 748 1044 2750 2000 1304 157 3769 
3947 1187 3411 3567 2105 991 3533 1219 2140 1042 3369 1166 1240 628 1876 297 316 3570 3426 2330 1912 3624 2773 1969 133 1088 
2303 2739 651 3627 507 2465 3137 763 415 2700 3750 2382 1642 2578 330 3273 3837 3789 2188 2020 134 3686 3824 3332 1873 601 
2543 3255 2427 2415 3735 1985 2873 2467 1843 2100 3438 1725 2094 1404 1252 2733 454 2258 3772 3494 520 1662 2950 541 2372 2552 1489 
2711 1019 915 1935 3291 1973 3425 1147 3511 2862 1198 3384 2760 302 266 1857 2644 340 1984 222 1324 3530 1905 512 1520 2725 793 
1715 1407 1551 579 3053 4 1469 3331 3715 2704 3364 3237 550 3838 456 3156 3018 1318 672 2260 1818 2614 2064 3049 1448 3913 3788 
1955 1295 3867 3543 2727 3245 1001 2251 943 868 1156 3009 3216 1362 3818 1746 3484 213 2008 441 462 2874 2070 2545 421 2569 3116 
2495 839 1803 2943 1529 797 2885 3067 3427 1754 110 1646 2966 1749 3314 2174 2908 1380 498 2272 1682 3586 2540 2917 3829 3368 
3731 1563 3515 3075 2321 629 317 1111 3079 3658 1034 2562 1258 1572 429 3858 2650 2205 3710 2784 3774 2637 2792 3692 2924 584 
3215 695 3915 3497 1517 1961 3569 163 1699 1558 3254 3729 2794 770 264 1173 3154 1330 1994 3864 178 585 594 1717 3325 1592 2797 
2255 3795 2499 627 3123 3845 2261 2659 2935 2313 778 1850 640 154 1185 333 1516 777 3702 2824 410 2074 25 3085 745 1364 
3251 1139 1587 891 2093 893 401 1687 2371 1130 2774 122 1668 1590 1778 3598 1998 1341 2662 1776 2278 2728 1125 1981 3944 3097 3697 
3119 3147 2103 1143 2429 1577 2899 1459 2611 1132 552 2980 3048 1149 898 3258 3106 417 3105 1656 2730 2830 2953 632 3812 1813 
2171 2291 1607 3987 1467 545 3439 2239 319 278 3238 621 2517 3022 3717 694 3094 2714 3088 858 1462 3732 2305 685 3853 1076 
2771 947 2115 831 2705 3039 2369 1963 1051 2469 64 3645 3333 1870 2028 1306 249 789 2181 3076 2990 590 2113 889 1604 661 
3923 555 3615 281 1445 461 1313 3619 2059 118 2114 1538 2985 2470 3844 768 2726 1000 2854 1782 3628 3244 669 3361 2965 1628 140 
3395 3995 711 2207 1023 3531 3881 1711 2851 3739 3286 3232 1342 2565 1320 525 2786 3502 1006 166 1658 1053 262 3800 361 457 1796 
767 1523 3575 2247 2787 2417 2957 271 1723 2335 2778 1138 2937 204 1142 2838 1322 1524 744 1024 3684 2078 440 2324 289 2293 
2135 3827 603 2691 1875 1241 509 55 2803 1677 2488 2376 3822 2337 1954 3144 1600 2918 564 2054 434 876 1676 11 1892 733 
3935 2759 1787 2235 2141 3545 2743 1867 1819 3888 2122 3230 2518 1504 2416 1806 3921 0 2524 2594 2754 3358 3637 205 3541 2629 
1547 707 1007 3747 569 1649 833 3259 1399 895 2742 489 3324 3490 1872 2793 2256 2296 730 2820 322 228 532 3594 2210 261 109 2156 1760 1909 224 1069 
371 731 975 3843 1277 3941 3629 1793 2779 3163 286 1570 1298 1500 1281 1440 3166 2601 918 3522 780 1766 2500 2018 2292 238 1333 241 2713 1393 3469 
995 3347 959 963 1307 1347 2249 2081 2107 3115 984 1194 381 334 2656 856 1566 910 1288 2842 2030 600 3549 1622 1346 2440 3296 1652 3500 1928 3968 3505 
203 2783 615 843 1611 2309 283 331 3415 31 1618 3400 576 2956 70 1442 2176 2404 682 3153 2514 52 604 2025 2882 792 3476 956 2876 2252 596 
3479 471 2703 2175 1541 2645 3161 881 3019 3547 202 2476 614 3066 626 3028 3158 218 825 2090 148 3030 2572 2805 2616 3698 469 1585 1249 1777 3884 3896 
1199 2531 3887 3675 2823 1037 29 3379 1951 1615 12 3622 3830 2898 1432 1800 950 2577 924 1917 1792 3504 3778 2496 1773 548 1849 565 493 2084 3080 
3239 1583 1527 2595 89 2117 591 3391 3847 835 403 1654 582 3096 1216 729 3578 2688 3486 2914 1080 3738 2630 3790 2148 514 836 37 2396 3073 3457 
3191 263 1167 3351 1575 2271 3677 2333 1591 2527 561 2194 1360 1922 26 2974 2002 3462 230 2582 2076 1488 3597 654 2796 368 1741 3313 344 1957 1580 
2555 2243 443 3695 3027 173 845 3857 3811 103 1158 3978 3758 3234 3201 3246 1864 57 2481 3102 273 2620 3346 2757 3814 3357 1964 3860 2312 2900 1736 2804 
3587 2411 987 2075 1383 2909 3821 437 1363 1975 1653 3664 3646 2925 3000 1202 3198 3262 1290 945 1102 1060 2445 3250 1833 1902 3452 68 1124 1945 2624 3949 
479 1643 3903 291 3267 329 161 1733 295 259 1579 2166 1416 1989 1164 2712 7 432 3078 1308 58 1070 666 906 1686 398 3584 3560 884 1952 433 1225 
287 1115 351 2763 2741 3785 3221 2491 619 2587 1174 2508 1358 3321 3270 138 1972 1958 1310 1908 2178 1692 1116 1065 232 121 1885 1609 1664 944 
1043 935 783 3207 2031 2357 3473 1877 523 1255 972 2664 710 1212 2534 518 1406 494 2062 2826 174 3626 3492 2294 1468 1233 709 2053 769 1381 409 
3407 1943 323 1455 939 2297 3749 221 175 1303 2083 1114 1564 3520 3928 1809 2532 3266 3082 288 1930 1344 2006 530 1821 258 2101 1616 2509 1045 3272 2996 
623 1163 171 3243 3771 617 3353 1049 2971 799 2142 2962 2490 2254 62 10 1293 3694 3110 3741 501 1730 3730 2442 3033 2884 181 776 1832 1021 764 
2219 3095 1475 2127 557 2981 3269 2933 3871 3127 804 3374 808 922 822 3208 1286 940 732 3688 3820 3933 1238 2872 3880 3958 3068 1633 2557 1016 3577 
2315 155 3167 1719 3233 1157 3305 1639 3355 607 2162 2350 3924 318 3946 3264 3724 942 2570 2798 2042 3885 1260 3918 81 908 3020 3493 3716 2821 1772 
3443 899 1443 1959 3663 1193 3581 1385 907 343 86 186 1708 2238 2938 162 1684 2434 3126 1962 796 2438 2598 2436 3012 2085 3236 3668 1501 3877 2197 3056 
179 1247 2927 1839 2403 747 1553 125 1507 2393 1627 184 30 2426 446 165 1598 2596 2998 2208 1022 1838 144 3342 3298 2298 2398 1808 3344 313 2425 2437 
827 2627 2811 1359 2871 977 1841 1601 1531 2155 3388 1886 3414 1882 2716 2414 2409 240 3525 496 758 76 3734 588 234 1074 3889 3320 3973 2269 1340 
3203 855 1055 459 3087 135 2501 1613 1411 463 1387 3558 2352 3402 2370 2052 2546 2014 1953 1660 2402 386 2373 436 1317 592 236 61 2857 1993 488 
875 1847 3551 3471 1311 315 425 41 3943 2407 3571 698 1893 250 1968 904 834 465 1302 466 1506 2049 1630 48 1377 2942 3613 3248 1004 2005 1009 
3263 2843 683 867 183 1097 2391 475 451 847 3990 3657 2781 702 2229 1486 424 2866 1950 2722 2800 1353 1694 798 2802 1226 697 3392 3865 3044 3421 
1175 35 3311 1251 2375 1323 2225 341 1781 2599 2515 554 2958 1278 516 1106 2510 1434 6 750 842 1168 2158 862 3350 2880 1473 2180 1189 3548 781 800 
3659 3899 3363 395 1491 3951 2007 1011 521 713 869 2945 665 1447 1195 3919 967 2709 1514 2277 2130 1402 1560 120 652 1386 2026 3210 736 225 1918 3297 2589 3378 1914 1878 1785 2829 3472 1900 2080 54 390 2082 2628 44 1753 2449 2893 301 577 1933 997 2329 464 3536 
1571 2507 3419 1539 1391 2027 3519 2679 3963 99 3461 1721 149 2825 115 1039 2227 986 511 3256 2901 1632 3540 1026 2328 1492 1706 1476 2520 254 3336 3708 1946 2150 2574 141 1696 664 1178 3916 3178 508 2502 402 3969 3348 1474 3608 2377 3673 373 913 1597 1081 3565 164 3740 3284 
95 3071 1751 1151 1863 3111 3555 2715 3831 435 905 1457 3485 2237 1901 1769 487 1243 3751 1735 34 2318 66 2762 3861 292 1582 2536 1456 2301 3334 3886 136 3801 2844 3290 2606 3742 3826 1466 2073 1822 3966 1728 2634 3957 2154 3950 13 3901 2684 1052 3937 325 116 1688 2576 3781 1765 
575 2471 2483 3375 383 2223 3399 255 2931 1505 821 965 1289 3509 3055 2095 1807 139 2635 3993 705 1938 42 784 105 2304 208 321 660 1586 756 936 2529 146 849 3574 438 3600 1797 1702 1732 3606 1498 2270 3510 1988 2161 3229 3133 337 1321 416 3925 3241 2192 980 229 
3803 3983 3035 3743 1775 3579 3431 75 2165 2837 1253 3317 787 727 2179 2503 79 3052 782 1422 3934 364 522 1490 3592 926 3338 786 2860 540 948 3021 610 3372 448 1458 1354 3808 802 2680 3458 2394 2152 1368 3045 608 2888 2485 3397 2029 757 1357 3025 2468 728 3032 
1535 467 3651 1271 515 819 1703 473 197 1767 641 3209 1831 1025 2671 2299 280 190 490 636 2836 1396 1636 270 3976 38 3194 3057 1948 2608 2548 3352 168 3850 1082 3633 2388 3825 2433 3542 1701 3242 1689 3768 2196 2086 3508 3553 1700 152 2809 3253 3121 1921 1724 3661 668 1316 
1511 1895 1679 1275 195 2211 2091 1743 857 3711 2439 2537 1805 1181 559 3979 2911 3631 2131 2740 864 3496 1420 3446 1262 1869 3804 3006 3862 1610 2097 3084 2834 3693 2010 3034 2172 957 3914 597 1370 1812 237 1014 384 1798 78 2137 1033 1412 812 2221 1525 169 2905 1285 3656 1436 1256 
3155 3683 851 635 2939 1431 1859 267 807 1565 3377 3327 3521 1059 1279 3151 1099 1483 1663 679 2947 2058 3636 2848 766 1502 2232 2652 3834 3630 2982 746 3782 3868 106 2764 1378 2926 2870 5 678 1454 3534 3468 1046 3309 2622 2878 2390 349 3385 1508 188 1093 3356 260 3308 2528 2617 2672 1729 
3371 335 1967 743 3839 3195 2535 3539 2619 3653 761 3917 3893 1697 3101 1567 3283 2647 2035 391 3982 3526 3288 712 442 2462 3806 3206 160 1182 3142 1030 2541 1874 1790 1824 2366 216 2410 662 2430 828 3528 1072 2877 3537 3706 2317 553 692 1573 3409 656 2240 3416 1280 853 1453 2017 
1283 2747 815 1739 363 1907 495 2331 113 1169 605 3113 2849 2681 1349 2441 3091 2623 2023 309 2808 3930 2493 420 1596 2544 646 3674 3666 3252 1446 1054 3842 2850 1242 3310 3098 846 2424 574 1312 1738 1774 734 670 1816 2498 1230 1077 3440 2972 2636 1352 1297 805 56 3265 2828 1309 1880 
251 3275 2147 1503 1763 1395 2859 51 1409 3905 1083 2597 3699 3953 1543 1373 631 3487 3103 472 897 1602 2001 426 1101 1392 1860 2248 3642 2954 616 741 2968 1140 1666 2182 486 2698 3564 1608 1960 1452 528 444 388 3306 1624 1066 2737 3985 3181 1532 2233 2444 2281 3061 1268 2108 3200 1112 
3383 2903 2831 2723 2567 1799 159 2523 1683 3977 1709 2657 1673 2057 1265 1519 2311 2755 1121 2875 2316 3682 2841 1794 650 2206 3720 422 172 830 1526 1617 1214 3792 3444 1780 609 2368 3760 3546 573 909 142 2685 880 1629 2890 2066 3224 2701 2648 625 1201 1160 3193 3932 1261 2012 3625 397 
1499 2231 2459 111 551 3435 2979 2379 1731 1911 231 1133 1745 3773 2729 3235 307 583 2683 3307 1716 2361 916 3669 3590 1941 2902 2505 762 2604 1510 2654 362 1146 1356 158 1626 3124 2592 1834 964 3046 1814 933 2200 2016 82 1118 2068 1129 176 3001 3217 2588 265 740 1244 1496 1388 3188 
2651 923 3467 3671 2355 1515 539 663 63 3389 449 2285 953 3077 2045 3595 1987 3727 3583 1183 3362 2769 3276 2109 1430 108 3196 150 633 722 1830 676 1926 3828 1996 816 1389 930 3882 2022 3430 1764 1690 504 1348 506 1017 3602 1056 193 1549 1105 3212 404 1568 3728 2036 2641 1220 3529 
911 1403 3599 1823 59 1331 1335 3927 1815 3593 3809 2765 1937 2921 859 2347 2839 235 775 1714 328 2976 2542 1533 2250 2560 3376 3086 3912 1305 648 1965 2602 1394 774 738 2334 3482 606 1382 2584 1665 952 2198 3470 878 2806 3960 1224 973 2245 2665 2048 1861 2653 3848 2833 2401 3301 3733 
563 3791 2387 87 1191 3051 927 339 3149 2813 399 3197 2129 3725 3499 571 3247 751 1879 1110 450 2184 2812 1408 1581 2894 3454 818 2853 1534 326 946 1246 1862 1605 2218 1977 3780 3538 1384 1050 256 3498 1186 3696 400 3170 2682 248 1556 1705 2408 1477 3757 3517 2041 2756 848 872 
863 1835 2327 567 1067 3647 699 1623 2259 3185 3005 1361 2693 3929 1205 3907 499 3295 593 2827 2452 1426 268 3225 1974 1846 1826 3898 820 724 2566 3662 2846 850 1854 3165 840 1002 3945 2400 960 3878 538 3962 3700 502 1068 74 277 2348 20 2948 97 2492 2072 1184 2689 2744 505 1100 
119 719 2699 243 519 1035 1211 2463 147 3365 3603 2453 3557 17 2009 3799 2323 919 2419 3271 3883 3228 2145 2422 2674 1245 3813 534 2922 586 2280 1518 1512 1086 3670 1810 2997 3081 3424 3852 1881 1326 1012 2610 3112 753 513 3514 1078 985 1153 1645 3104 1916 2288 3092 721 949 3481 860 2768 
2975 503 1367 107 1827 2655 3179 735 1637 2897 3617 305 2381 2513 3605 1435 1171 3895 643 2995 3060 360 2832 696 2913 3765 1425 2661 3069 2697 3141 3120 3418 3312 3328 3268 1350 2040 3784 252 3249 1698 3354 3810 1374 3513 3168 3604 1122 428 1784 613 1165 1820 1405 356 2989 2852 680 992 
1439 455 2639 3183 2279 3723 3219 1239 687 1433 3413 1865 2405 3367 3655 2983 1339 931 1999 14 2553 3714 3093 3940 2038 1836 1934 2268 2284 1521 3634 2050 8 1413 832 2748 414 1010 658 2214 2686 2632 1294 3465 396 3964 3117 72 3649 2360 3140 1669 3152 788 332 937 901 3805 2149 
1727 3875 3495 3635 1883 2487 1947 3339 3279 219 353 1949 2187 2213 3029 1325 247 2551 2215 667 2011 2364 1638 1274 3796 453 153 3134 1008 1398 1192 2522 1910 2482 1005 902 638 3460 3345 1992 1314 657 3466 1898 1269 794 742 2157 1768 3632 865 2341 2660 320 200 2365 500 2060 2780 1172 2600 
3911 611 587 803 1619 1095 2967 3063 3797 879 365 653 1661 2573 2717 3187 2863 2275 2486 1548 1593 1713 1150 2896 2817 3222 1041 681 861 1852 1478 2618 542 1924 3160 2973 1284 2790 3736 958 1234 2690 1494 3582 406 394 3114 602 886 644 3277 2096 1904 3176 3205 2413 1376 2168 3512 2120 
3503 1871 1427 2423 327 2511 1887 123 1079 675 1481 2633 737 2993 1423 2069 979 3223 955 151 3132 2262 2580 526 3501 3146 1094 1096 1197 50 3220 405 378 3318 3150 366 3786 1866 3705 1588 412 2626 844 1366 1270 3506 1734 393 1126 1464 3745 2840 3920 2912 1441 2257 3980 3709 3524 392 3037 
983 3623 1811 2123 3779 2547 483 2475 599 3257 245 929 1997 941 3451 2455 2359 2695 3475 3900 3434 2554 1418 1336 3406 1978 2034 2230 760 634 1562 3122 2910 2464 1966 2752 3588 1920 3478 1828 954 3576 1372 962 1770 3970 3177 85 3433 2696 1513 716 32 3428 3404 3157 2173 3488 1424 