72
527 3455 3023 3591 1131 1235 411 2799 533 3173 2371 2106 3894 2772 706 2246 2961 2776 374 3370 2032 1704 1266 966 920 2041 598 589 
2099 311 3491 2855 3303 1203 2199 233 1073 1267 2719 3393 2116 1758 3285 1123 1104 300 482 690 1257 2550 1180 2526 2886 1501 2497 3949 
3959 191 1635 639 2079 531 3329 2801 3667 3319 3043 3904 1113 3754 2346 2421 3561 1098 130 458 3849 430 1970 970 1062 913 49 3169 
3527 1631 3611 281 2847 1757 2525 3403 3643 1375 994 84 1272 1334 3798 1750 1648 2673 1209 2784 226 2638 3172 2392 2944 2708 2941 
1523 1223 2835 1755 1695 3281 1301 2119 3031 3442 3186 1108 2484 201 3004 2385 642 1612 1842 2220 3304 537 3721 949 2864 
2663 2675 887 3627 3507 3423 65 1085 67 3139 2136 3278 468 2454 470 2164 1894 336 2970 1450 3180 585 882 2473 2989 1621 
935 3975 407 2591 1899 53 2561 703 2287 1063 3190 1162 2314 2160 3390 718 3518 3846 2670 2538 324 2988 3042 2758 1472 1460 2024 
1847 3939 47 3159 2883 2345 2273 3641 1303 1603 3175 2325 1545 3054 2457 1332 3902 1522 3136 2916 2810 1569 1461 1620 3253 781 3056 
2915 3719 2139 951 293 2621 2201 3343 2326 988 2738 2306 3198 993 1276 1990 2310 3640 3366 3292 1848 928 1477 1393 2389 
3815 3011 2615 375 3099 2549 2585 2251 1795 3556 3432 114 595 562 3986 3345 1890 2188 2241 3016 1414 1228 3954 3174 3565 284 
743 1479 3003 989 1299 1071 101 3007 223 1032 870 1128 352 3748 1152 3396 1485 1634 2124 1986 1742 790 3038 632 3073 1328 
1463 3143 1155 3879 2043 185 19 1061 1855 348 3654 2378 3910 2395 1137 2112 3360 976 1674 2865 3012 3474 3854 801 1525 2528 1897 
3731 83 2579 2999 2375 2955 2669 1227 1853 3763 1879 1327 1038 1670 3909 124 1154 3746 2494 3525 3766 1929 2478 672 2290 434 2992 1905 1885 2372 1712 3836 
2171 2015 1931 3335 1143 2019 3989 3833 3713 1747 739 2191 2071 2118 2710 182 1362 549 1542 888 2952 2258 813 3100 892 1176 1390 3922 2946 1976 476 3913 3116 
3395 3995 1031 423 1287 1517 3017 1877 187 2563 2611 22 866 3280 3384 2702 1478 2344 1204 100 3892 2714 1802 1594 914 1912 3568 3108 2977 577 1232 2276 
767 2183 71 779 627 771 725 3089 2033 2189 1459 1207 1903 3562 16 3614 1106 1800 2358 3394 2418 2724 1588 938 1089 810 3942 3624 2636 11 1928 3368 2065 
1103 1991 2159 3891 2055 917 1337 749 2167 3835 1471 21 1231 3676 974 3441 2266 2548 2170 3436 3213 1006 2044 3856 3722 2460 3585 1497 572 3757 3289 793 
1811 1259 227 2735 2691 207 1889 2153 2707 3523 1783 1351 873 129 1166 3638 714 1222 1762 1306 2932 3381 2854 3494 630 3726 2728 408 1058 2228 1120 937 1345 
1451 2435 2603 1647 2891 2343 869 3881 2479 343 691 18 558 2169 1134 2794 3994 2541 3612 544 2412 177 304 3866 2186 3489 852 2590 188 1832 1664 2797 
3059 131 3915 15 2151 2597 3401 1781 715 1291 94 2443 3552 354 1096 1144 3744 2244 2121 3138 249 618 814 242 3628 3244 3420 2940 2288 1 1957 2881 
299 3359 2811 1091 831 1599 2067 3761 3689 655 1315 350 2320 874 2934 2354 3648 460 2110 3453 170 36 3192 1530 2242 2930 3690 2530 560 3092 3572 2629 
2519 1979 3387 2447 3819 2489 1371 257 91 2659 1927 1771 1161 556 3906 3014 1726 345 1480 1718 3840 112 1672 1260 3981 2128 854 1680 3948 956 2720 2084 1580 
359 347 755 2175 1179 39 1421 2861 3293 3559 2959 3427 3703 2322 282 120 3650 1749 46 98 189 2234 3214 166 441 210 220 3429 3001 565 1777 1076 1748 
2987 1691 2499 543 3759 497 1913 2743 1159 3823 883 3276 357 3184 2146 1149 1252 1752 1322 1932 1200 2006 3566 1365 2734 1956 1105 3493 2900 3469 
3263 1487 1919 2163 2795 723 3707 3449 3855 1493 3341 3965 2839 3211 3691 3859 978 474 1540 2937 3938 1296 2253 330 1780 3148 3936 273 3570 1576 3405 2286 674 134 3586 1906 512 656 3596 2192 3697 
1175 1655 59 3051 2295 3315 2919 2559 3531 2753 3425 367 211 3715 2100 2138 981 1845 2938 45 1518 2846 240 168 3756 2788 33 720 2362 3718 1786 2210 3036 1470 2665 2480 704 901 524 3956 
3983 635 519 3299 1995 3365 1875 2177 1685 2609 979 895 511 868 93 2774 246 2224 2450 1562 382 28 1746 486 3330 1574 772 1509 1269 2054 1329 838 3732 2397 3140 361 721 2689 601 
2231 1559 1139 2487 1455 2403 999 2583 3639 2789 2143 811 31 2731 186 2746 478 88 2229 192 3621 2721 3818 3090 1840 1584 1188 2226 1838 498 998 2330 3814 2637 3609 3637 1297 116 2468 661 
2363 2111 2739 3131 3555 3047 1263 2777 3221 677 271 3041 127 3967 2313 3652 1744 3753 3000 3480 826 480 3318 825 1888 1206 310 1942 3762 222 3162 2822 2796 1896 481 2461 1597 841 3781 1225 
1403 3227 3827 2643 1743 2415 3135 2321 3699 2021 413 3619 2851 1579 358 1713 2380 126 1041 2565 2448 3802 1140 2764 496 2236 3202 3681 2472 858 2556 3880 258 2446 1676 3013 260 649 980 2996 
1415 2819 2339 2759 2963 2319 1419 3 2705 1937 773 2069 2767 835 2923 698 3988 477 1552 2716 2104 3678 2654 1090 774 957 2133 1282 900 3492 3864 3816 3794 3530 3532 1717 3152 332 2816 584 
791 3755 1667 239 2451 3483 1923 1779 3245 2993 1759 1229 2515 3775 1130 196 3369 3554 1858 180 1528 2668 624 2997 24 3218 117 2474 3070 3382 2272 1018 2754 418 3610 452 2785 2732 2780 961 
167 1823 2351 215 27 1127 2807 305 3065 2491 2347 427 2791 1075 3657 552 1554 1650 3064 3182 2222 542 1678 694 2098 1438 340 580 3730 1641 748 3550 2613 2889 3104 637 2072 3644 728 
1595 2423 1431 2087 3863 419 2991 1851 2477 1625 2815 1555 775 2203 278 3438 1138 2382 1668 982 1320 1248 3204 1210 2928 686 1330 3544 2598 3597 3298 1936 590 2064 1904 3356 493 2504 140 
2711 471 279 1551 2399 3543 1445 1865 3665 3737 1135 1939 1087 3739 2700 696 3189 1444 717 1710 1578 369 2850 3858 3672 684 1341 1614 3498 3870 370 1818 410 2676 2949 3560 2144 3728 2521 3464 
1715 2867 2687 1355 2907 2631 1215 3291 2367 1145 137 919 1675 1387 2047 2342 712 1482 1170 708 1190 756 2374 1557 3850 3760 612 142 1984 1270 2766 1317 2078 3952 2113 3176 2413 2593 733 
1199 3935 3971 3323 3231 651 735 1683 2571 3053 3353 1119 2825 3055 2863 3701 3103 3571 3955 3622 2674 2488 334 1342 2094 2518 1610 2190 2910 8 3160 3081 2004 3018 1600 2265 777 206 753 3342 1254 1324 2892 3477 2506 2398 2953 1616 2324 1609 3716 673 848 1772 
3239 2459 1943 3575 1787 3243 3987 3831 135 2657 581 1613 1423 1711 3787 2875 3307 2887 2704 3984 3364 244 122 1546 1642 570 1740 154 3828 1954 2182 3372 2642 1102 2042 1698 2640 3346 3470 2824 1682 290 3456 885 3800 776 32 769 3932 752 860 3284 
3191 3119 155 683 2307 2427 2751 1911 3437 2537 2381 2573 221 1651 1915 2035 2011 864 2194 1156 2122 1644 2376 3216 1240 3208 1512 1980 2482 1437 366 1082 3502 174 2049 2620 69 3261 2428 2278 2990 2332 3698 2950 20 2053 404 421 1945 1789 668 73 
2555 1643 3083 2063 2979 1359 3107 3567 1097 485 2405 1733 881 2779 3679 2527 2827 403 1132 2102 3646 108 2232 3898 1410 1442 1572 2834 376 1953 2782 288 3633 501 1353 3466 1366 3274 2260 3684 1833 3876 2830 594 3068 1849 1213 2557 80 1381 1813 2437 
479 2495 855 1187 987 2091 2775 891 1505 1529 3893 209 3509 2899 55 3727 1819 1003 2162 1042 3324 2986 2458 1094 2248 921 3926 3084 898 1876 3021 738 1920 1930 213 3580 3050 2445 3340 3062 2964 1686 2085 3686 3452 817 3320 205 3925 2005 1796 3536 
287 2843 1563 171 3515 267 3267 2931 1767 2105 1661 125 1601 2671 1147 955 535 198 1754 1722 110 2254 1550 3645 2818 3333 2532 1870 3670 1946 840 2366 2644 758 2829 3916 2680 3712 3250 462 2586 592 1125 709 3704 1441 1004 356 3589 3805 1765 
1043 1343 1275 783 1515 2127 3459 3279 507 269 1961 1109 1001 2107 1483 3751 1015 319 3535 546 2109 420 2666 1850 822 2858 3141 2256 2968 1874 816 638 2926 3564 1536 2212 578 912 3240 54 2718 3422 754 262 669 1549 3020 3344 2857 272 3044 2293 3529 
623 3419 2627 3551 2 3867 51 1383 785 2093 1361 893 3125 1469 1891 3331 823 1627 2335 118 3002 1036 2061 2340 1968 633 645 1236 746 1778 3328 3598 2558 2904 894 2282 3878 2662 666 3322 906 1462 1401 2614 3118 3584 1561 1189 1760 1357 1688 224 3733 
2219 3599 2723 2879 759 1587 2283 1935 1047 2141 1397 77 41 1817 1039 2215 593 439 2166 2308 2490 2913 346 3928 1706 566 1521 3578 2037 60 2733 294 2698 2402 996 3660 3933 3734 492 3130 178 2356 510 1737 2070 2336 3248 1861 2876 1952 2605 1436 3961 
2315 707 1019 1331 819 2463 579 2813 2909 3629 377 3569 1411 1867 3931 943 1027 194 3658 2349 3897 2238 2956 214 2966 2793 2097 1142 2464 948 837 2574 3882 1022 1370 2690 3468 1776 2646 520 3072 1662 1122 181 2353 1201 3500 1921 3241 3968 872 
3443 1679 2291 1827 447 2379 2207 3653 2607 2417 2213 1013 3439 1363 1687 3883 2736 2145 3386 1893 3412 1221 3230 3048 1476 3057 1566 1972 274 106 40 3098 2908 1168 3825 744 3024 3832 1944 2270 3033 1084 2750 2074 2180 2912 1237 757 3853 2168 3457 3109 
179 851 1539 2951 1095 2115 1983 1011 1347 1589 2465 701 3137 247 763 751 3079 3990 2962 2350 1034 2250 1941 2661 1250 372 312 936 3801 3058 2770 1977 846 1506 3408 2918 2008 2406 1656 765 2046 3074 2068 3358 440 1633 1844 3865 212 745 1172 229 
563 923 2147 3671 1443 1607 495 2331 1277 387 2439 929 3485 2513 1205 355 307 2393 103 607 2263 3434 66 1416 381 3758 3490 3222 2656 820 3912 2566 3616 2409 225 2577 3165 132 3424 3124 1878 960 2158 3504 564 2200 2649 3790 3774 2217 1056 232 2101 2000 541 1165 1801 3973 344 829 2197 596 1057 
863 3623 3851 107 1167 1907 927 1379 1575 89 1709 2117 283 1925 2717 1025 3991 2383 3295 391 2742 897 2664 2762 1396 3520 1500 3720 681 3194 1440 3252 786 2860 2601 1666 924 1308 1914 1696 1384 0 3472 3178 2198 2634 402 3706 3348 969 3608 2648 2948 1429 1160 2653 145 3025 2821 1453 3380 
119 2903 731 3183 3311 1799 603 2075 3027 3711 2727 3869 3677 3545 475 115 1171 9 931 1735 190 3558 1570 1794 3414 1198 2328 318 1281 2517 3666 3334 1406 2014 540 2010 682 1378 438 3826 322 3410 657 802 3966 1264 2394 3957 602 3040 3357 548 3476 625 3217 200 3121 3848 1592 3872 944 3032 
2975 3215 2531 647 2927 2223 1947 339 1307 2787 2271 1157 29 149 2873 1435 2359 2695 2155 2316 3362 1593 1886 2781 3254 250 3196 446 3201 3822 3028 834 1286 465 1185 3268 1350 945 3688 252 1312 600 3885 933 1294 3465 3076 654 1048 1773 3440 109 3824 61 373 2492 932 1825 2425 3884 800 1940 
1439 2255 2243 3147 1763 2535 1959 2619 1541 747 1649 1745 3161 665 437 3187 2467 1219 667 1110 554 3714 1420 710 1989 1212 3237 652 3069 518 7 3634 2866 3842 3444 3034 732 3741 3921 5 3129 2626 568 3549 2134 1622 3770 3177 234 2440 2678 3901 2792 2893 1093 3908 2612 1136 2329 1736 3740 2984 
3911 3875 2003 2039 1055 1035 3807 539 473 2259 173 641 3845 3305 389 3235 1591 1111 3271 1183 286 2318 2976 2778 3446 3924 1560 1392 208 2268 640 1192 1598 946 378 1146 3150 2589 1962 3945 1458 622 2214 256 2373 3302 1116 3294 1821 2292 1224 876 2888 2449 2408 97 2185 3764 2936 2641 2624 2672 1069 
3503 3791 35 3779 1191 1707 3207 3063 3075 1791 3123 1083 1059 953 1901 2369 2971 2299 643 43 2947 2364 3286 3930 1336 1360 1846 3066 3417 3270 3642 2414 2578 2002 910 1862 3110 1173 1310 3852 2410 658 2178 1812 1701 2202 1689 2622 2066 2298 261 428 3613 1837 1352 2444 325 3752 2060 1693 3512 385 
983 3947 3467 3635 3195 867 1719 2051 2943 3377 2309 3197 3209 1217 3605 1639 2431 1963 139 151 1051 1548 3888 268 3238 1358 3765 2898 3976 321 856 1606 326 2337 362 3868 3126 3273 1020 3154 316 2512 2013 52 3105 532 1782 2302 502 2730 2882 1464 3433 836 3920 3392 1304 788 2905 1376 3128 392 1196 
1547 611 3563 1319 2279 2655 3399 303 1611 3603 1037 3005 3113 991 1793 199 3871 2227 379 3463 90 450 1602 3010 582 3406 2980 1646 1860 2712 2853 1182 3618 3450 2050 266 1394 2174 3588 454 3546 1326 1382 3626 3112 504 1658 3972 2496 2616 2682 193 469 1705 1916 3793 2125 1933 3337 2401 433 505 3505 
335 2303 275 3839 1619 323 3351 1703 2031 1829 3185 3617 3581 2693 1049 1567 907 1243 1723 1699 2140 202 1558 2958 2812 778 702 1882 62 626 160 3226 1526 1446 1982 2688 1996 3486 230 3106 2870 1608 3430 1730 3354 2181 3700 2872 1078 1044 2868 398 908 3889 613 3212 3260 169 500 3097 2456 409 1316 
2747 503 1751 431 3903 3767 159 699 3087 3257 617 1949 1673 737 559 689 1373 2599 2623 2635 3993 3607 2554 1274 1245 3402 3096 1538 3454 586 204 1852 3142 3724 2529 2838 902 2570 2334 3448 1908 1797 3576 844 952 3026 2294 2594 1346 2148 2874 238 3385 1784 3680 3841 1820 2365 3817 1724 2828 1309 1484 
1835 2543 2783 1407 383 711 3411 2667 1311 197 2453 3687 425 629 3077 3655 523 2647 3163 2575 3228 705 1654 3093 766 64 522 2304 2230 10 830 1586 1434 484 494 1810 2752 726 2820 3482 573 1012 2438 3088 2500 406 2502 82 1788 3950 514 2348 1537 3992 308 2300 3776 157 1285 2108 3200 1489 
3659 911 3203 815 1367 1115 1151 695 195 3435 3447 1395 1211 3843 3219 1731 1623 2823 3233 1169 353 3327 3809 1253 2129 2945 1181 341 3101 3259 1349 3907 451 163 3919 3067 986 79 2740 3052 2553 184 2422 3400 2352 3796 650 426 1636 1978 2560 3234 2536 1872 3592 2052 762 3630 2954 2546 3838 3122 2618 3336 3314 3792 1924 1005 2998 2062 2973 314 1300 3144 3522 141 3736 2424 780 1828 678 3249 76 3046 3542 1630 3962 2080 530 2442 506 3513 3964 2880 81 3045 44 3553 368 2245 2773 1513 2545 1052 1148 1969 2533 3205 3548 3416 3877 1016 1280 3524 2012 3577 3625 2768 1256 296 
1571 1727 3275 2831 1163 111 671 3255 1863 1527 3647 1803 2859 3339 2235 3771 2165 3389 2837 713 3557 2285 461 3821 1577 1831 2261 727 2311 2179 2755 2275 1975 3475 2935 2706 309 3256 2262 1677 2466 1632 2130 3940 576 1262 1101 1869 1922 2034 2902 1008 3946 1398 2026 2974 424 3022 96 405 1884 1246 3717 57 1950 3297 750 2606 333 2368 3153 1998 2582 1524 1466 1960 1234 228 3030 3534 1994 880 388 1770 384 1816 1624 1017 2806 1230 3117 3508 3958 3777 1033 3236 1645 2540 1981 2156 337 1141 2917 3325 2257 3193 56 1081 1993 3265 2173 1496 488 1388 2149 1729 877 
95 719 1895 3035 2483 1583 363 2567 959 2027 3111 3951 3431 2007 123 3497 2741 329 245 977 605 17 845 3773 3953 2681 1447 571 2095 1531 2419 3223 2587 2386 1714 1653 12 490 2901 2184 2508 2848 3540 1533 1974 1502 516 1836 2544 150 1432 3674 1258 3516 50 1404 1293 254 3166 1030 3266 456 264 3316 146 3290 849 610 2722 2208 2090 3873 2650 2592 2388 1792 412 3789 1766 528 1822 1692 962 1186 508 436 2877 3514 390 3510 3602 85 1902 1233 1129 1753 2360 2305 3133 1652 3397 1208 685 3944 3428 1405 3061 3308 997 1268 2552 2852 464 680 2600 2017 1465 
575 371 2507 1967 2639 899 567 3287 1067 1475 3579 2967 963 1887 2715 3963 1409 1323 3941 1133 3521 2765 3473 1973 1279 3499 1313 1519 2323 3595 871 3019 1807 3115 1255 3547 2059 472 972 1716 782 2277 2476 1756 2493 1298 1402 3813 890 342 2894 1490 1216 3834 1486 806 2280 2520 3338 1504 3886 1864 1910 3262 2602 1854 1966 1804 688 2193 1824 3574 930 3780 3784 3600 597 3398 1318 1178 1702 934 1732 237 3606 1728 1374 2016 3970 2152 3170 1368 2628 1077 248 973 1556 2840 1808 1573 1585 2809 2132 3937 889 3085 1400 740 1184 2036 1261 2569 2869 1220 3620 2120 1880 128 
3803 3899 455 2135 491 1247 3375 3795 947 2355 2511 291 3675 2679 663 183 113 521 3735 2357 2645 653 965 3171 797 2921 3451 1325 401 3943 175 1951 1495 2239 799 1615 679 86 34 1158 1114 2841 2832 1422 1708 3830 614 2038 2817 2925 1826 3804 2534 3206 760 861 2301 3246 1720 1948 628 2856 432 3874 6 1918 1958 1790 158 3310 1626 2826 1917 2798 3538 1834 417 954 1060 2433 2685 1774 3528 734 3242 3778 798 2018 2890 2157 1053 2082 2137 3224 1473 3745 236 121 2096 2929 1669 2233 2089 2588 1520 416 3517 536 1177 2833 1244 2576 2749 3301 620 3037 1112 3349 
1535 3587 467 2699 1739 1503 2939 2547 515 3471 2103 1839 2523 599 3663 939 3977 2897 2297 3413 161 2391 833 3039 2237 3929 1265 331 2045 2455 2983 3415 1987 3631 1663 2131 1843 285 3060 2745 1514 3526 3664 3288 30 3934 2114 442 3590 2462 3321 1492 646 2505 162 2126 2697 3890 138 2470 302 2176 1054 850 3844 2404 2028 1413 1288 768 2786 1660 2040 414 2800 2022 958 2274 2076 3808 1764 828 1900 3426 3582 1014 1348 3309 2020 3918 1798 393 1377 2086 1988 644 1153 3277 2696 2377 1532 3860 2221 380 1321 2965 2713 1448 445 133 1045 1604 2756 2581 3272 1009 2677 1369 3788 
1511 1871 3071 3251 659 23 3743 555 615 2703 1859 483 843 1671 807 147 1815 557 219 1433 365 821 2225 1997 3749 1697 3029 2333 1543 1769 1099 1399 3091 2539 259 3127 2023 2083 3900 804 3682 3496 1938 3282 1564 1150 1430 808 2426 1725 3974 534 2658 422 1386 550 165 2284 102 3264 616 1510 741 1926 3694 525 2906 1029 1218 2150 1857 2172 1002 3742 3094 3705 1010 606 1314 1380 386 2430 538 1898 2632 2625 1046 3696 2436 742 396 3114 3168 2390 2737 2942 1474 2161 1700 697 3361 3008 716 2048 1273 3373 1249 2240 3980 217 1868 3709 824 3661 164 3488 1340 1364 3896 
3155 995 2471 2771 3363 3095 395 1295 1775 3167 143 3519 459 3179 3927 3015 3797 3149 879 675 1023 399 3785 1553 1805 809 4 2057 2957 2729 3379 1507 619 3247 3895 2503 847 2683 415 984 3982 328 1426 636 3978 2001 3861 1338 1026 1581 153 922 3729 3376 38 172 2985 2760 729 2604 1684 676 1617 136 2434 2416 1092 940 3082 2056 730 1806 298 466 2914 448 3478 1992 2514 664 1000 2205 3573 2584 3772 1494 862 604 3810 3458 794 48 3594 878 2196 1065 1118 2317 2884 1226 3649 3296 1333 1508 2660 68 3409 92 2029 3313 2396 313 517 3829 1021 1628 3481 1657 764 3421 2384 3080 2804 
3371 1499 827 1955 2387 3651 2411 1391 327 1883 2267 1335 2195 2247 2475 1239 1565 1637 231 761 315 449 2969 2633 1241 3317 1289 787 3151 3979 2441 2911 631 3355 2407 280 2803 276 3132 3388 2808 489 2862 916 3225 1278 3232 364 105 3146 1582 2370 1934 3006 3086 1197 722 634 3326 1590 3662 770 3158 1965 3312 3708 3352 1428 1242 2218 2481 2748 3460 2790 2726 2994 2400 2030 1785 909 2073 789 3738 1372 144 3710 2630 670 3350 2025 400 2878 1468 1768 3960 3632 13 553 1412 3229 2684 25 2960 320 2204 2761 2312 805 3404 104 1873 3157 2725 3656 2617 3685 2432 1424 397 1117 
1283 2651 3683 3923 263 3495 243 551 1007 1491 2895 903 3615 3783 3539 75 795 2871 63 99 1193 1481 3917 2249 3269 1841 3725 3367 2933 509 3391 3533 1195 3811 3847 463 3487 967 14 3511 2142 1174 2769 1194 2469 1418 42 3750 338 453 1596 2978 621 1164 2652 1456 1809 2092 926 306 1305 3220 3120 950 1086 2596 2296 2920 942 1356 1290 918 609 1284 2842 1866 3102 2568 1516 148 1354 3820 1070 693 2686 1814 1694 3702 1024 1629 3306 2805 588 2498 78 3969 74 886 349 792 3985 2972 692 2485 1741 3049 2264 1064 2516 1124 2281 1028 3812 2924 3145 3541 853 2744 925 529 1640 3188 1292 
251 203 3407 2327 587 2123 87 839 975 443 2211 915 1251 2763 2595 857 1107 687 3593 1467 905 3461 2501 1721 2009 2849 2081 1385 3857 317 295 3283 2551 1339 583 547 3583 2995 990 1618 2452 360 2361 2580 1761 2542 3669 784 3501 2206 270 2562 3806 2922 26 3862 660 1202 1830 3210 648 1449 2608 3782 429 218 2844 3078 3258 832 1389 3786 156 842 2289 3914 1881 796 574 964 1050 1454 2610 1665 1488 2524 3300 1072 3506 2692 394 1734 1068 2802 1126 3604 277 1074 865 176 3181 152 3668 241 1417 896 3332 884 265 1040 457 1892 3164 2252 2564 2209 3769 2077 253 1100 2420 
3383 3479 875 1427 971 3347 803 1271 3887 351 3723 3747 3695 1971 1659 255 569 1079 435 3905 2981 2429 1457 2187 1985 545 591 941 3799 859 2885 487 499 3199 235 1121 1999 2486 2709 561 2058 1638 3636 3374 2836 526 1408 2896 292 3009 2814 1425 3134 700 70 818 904 724 2510 1534 2982 2522 736 3418 1214 3693 2338 3462 1605 1302 2088 3156 297 3378 3484 216 3837 58 1080 662 1344 1452 1738 2694 1690 444 2572 1238 513 1498 2757 3768 3537 1066 2154 985 72 608 2701 1964 2341 812 3673 37 3445 301 3692 2509 1568 2845 289 1909 1544 2269 1681 2216 1088 968 1856 992 3601 