144
742 532 
945 390 212 
574 938 
802 312 
106 148 
370 480 860 
334 616 
549 453 
394 526 
93 530 
741 268 
202 726 170 
502 333 
418 408 230 
645 66 
874 570 
861 328 
849 636 
321 744 
909 190 
142 993 
393 573 
118 702 
932 330 488 
0 624 318 848 
501 38 918 560 
213 450 838 728 
669 48 288 440 
345 960 540 
357 120 286 32 
658 660 278 368 
369 906 290 44 
250 114 102 
621 648 813 
21 249 896 
970 276 934 
862 981 924 
69 738 808 
718 750 850 
946 774 24 
454 126 506 790 
753 990 576 
201 666 274 704 
921 922 16 
285 912 764 
261 732 11 
33 516 382 
778 438 978 680 
58 360 770 188 
898 348 994 128 
490 816 194 258 620 
886 10 525 608 
706 564 254 769 
8 492 846 452 
730 204 870 337 
130 384 314 144 133 
885 432 508 150 776 
70 108 638 116 
430 522 64 477 853 
358 966 129 512 
958 714 964 556 685 
622 282 566 656 
633 942 705 22 176 
826 42 948 814 236 
189 954 34 632 
442 900 297 752 
262 342 462 596 
717 882 386 606 601 
489 414 122 840 296 
897 894 662 772 344 
513 210 792 914 416 
441 654 698 153 308 
635 825 156 112 688 572 
191 183 354 712 300 1 589 
515 54 192 434 674 985 
299 486 420 864 372 565 
815 346 270 640 765 841 
611 957 876 988 154 433 
623 615 720 264 602 517 
551 543 696 196 670 786 181 
539 531 618 304 585 668 
875 867 869 871 866 657 766 241 
95 87 306 424 60 561 637 
683 910 834 902 76 325 
275 267 269 708 180 292 404 
143 135 137 139 206 982 260 
179 171 173 50 558 961 
971 963 965 967 422 482 294 661 
791 783 5 828 309 164 
599 591 593 595 984 801 152 
23 15 17 246 873 138 937 
165 200 30 844 406 493 
166 510 768 134 980 
429 366 936 338 676 428 
514 198 504 544 82 289 
45 969 630 19 186 90 949 
419 159 161 377 355 811 28 694 789 901 
395 327 329 331 568 754 760 380 
803 255 317 319 7 582 238 385 
671 417 303 629 631 643 746 756 205 73 
131 675 305 859 626 652 762 793 
887 94 555 557 559 208 686 400 697 
71 214 471 605 931 252 734 74 584 
2 92 75 953 919 456 498 784 392 
755 747 677 247 124 117 546 613 
839 56 737 739 787 904 168 49 
983 975 977 979 6 974 854 332 
359 322 569 571 895 892 646 234 745 
239 231 233 259 280 478 594 253 
323 729 785 619 722 405 933 464 
863 57 162 426 547 528 472 14 301 
911 903 822 36 736 554 172 829 
215 207 209 211 612 218 96 61 781 
935 927 642 436 465 78 109 
587 579 581 583 494 962 852 889 757 
851 843 845 847 364 810 84 920 13 
155 147 149 151 62 693 105 812 
659 651 653 655 818 890 580 409 169 
767 759 761 763 796 466 228 20 
107 99 101 91 444 682 481 553 
947 771 365 797 89 883 835 410 950 856 298 237 597 193 224 
119 46 939 665 749 989 379 475 724 376 562 798 37 884 836 
779 431 519 821 773 43 751 991 600 326 552 381 681 524 313 
827 819 123 279 485 713 943 427 403 820 868 806 758 12 992 457 265 
347 111 351 113 185 391 511 79 242 310 542 930 592 877 800 
527 663 915 375 941 449 401 727 31 160 614 136 226 470 320 644 277 
503 563 459 603 341 415 715 343 710 244 302 273 398 678 709 740 541 
707 363 387 447 413 689 9 955 158 832 474 232 780 80 445 397 
731 959 627 389 281 245 223 40 460 518 448 220 421 121 908 
59 634 63 3 399 125 473 55 775 388 266 926 18 782 716 733 373 
467 483 411 423 917 163 439 362 496 684 972 402 672 68 272 805 
47 647 699 27 41 257 667 451 664 830 446 690 396 100 721 944 85 
455 735 243 905 509 533 127 295 352 26 837 538 184 98 625 500 536 
923 995 723 53 221 893 367 523 888 916 650 146 550 598 476 529 577 
575 383 795 855 951 461 823 283 700 324 458 578 590 140 956 145 
251 83 687 65 353 77 463 235 878 132 842 777 537 177 248 548 229 
371 719 35 339 831 497 545 499 607 175 986 928 88 534 174 505 692 469 
167 287 495 891 521 809 199 412 336 256 141 72 872 865 97 
227 479 879 219 4 929 641 799 940 316 110 586 610 468 361 968 217 
491 443 51 195 291 881 425 293 907 679 484 794 858 604 588 356 973 925 
695 899 39 435 807 857 67 187 103 748 340 222 86 225 788 649 673 
743 203 567 507 701 725 833 703 691 350 628 240 952 216 157 104 913 
335 407 711 639 437 617 487 307 535 182 976 378 609 81 349 25 824 
263 311 315 987 197 29 115 271 52 880 520 804 374 178 817 284 