144
1558 810 1128 1150 1500 20 
1294 156 206 570 1448 
1137 1554 310 1402 212 
1138 1726 1578 90 688 1040 
1917 198 105 1821 920 
1198 1677 802 1408 44 
1186 358 1190 1362 1724 
1077 5 1188 1084 1568 
1234 1548 1874 1593 474 1256 
814 1566 1560 1156 840 1340 
1785 1714 774 422 560 
1750 1582 70 1125 416 
1881 1158 602 538 650 80 
1749 609 1722 1782 264 985 
1617 1562 1672 372 1489 
862 1102 678 1410 613 
1725 549 336 330 608 
1306 8 1778 186 1220 
1570 84 1668 866 224 
1425 369 1200 1444 1849 
1605 1674 1162 962 1801 
1017 1950 93 1257 1076 
1534 354 1054 948 1496 
214 1944 1598 1090 680 
1247 1918 192 160 1452 954 97 
671 42 1678 1924 478 1773 1832 
287 1866 1708 346 1962 846 620 
59 1230 210 1910 1092 756 1333 
1103 1878 201 162 550 1454 380 
1799 1926 1564 26 1942 1794 32 
623 1209 1420 1557 66 477 1748 
1643 1746 780 798 1956 1862 433 
1739 525 682 926 1010 1846 56 
1523 1515 600 208 453 528 1797 169 
1679 526 1602 166 1341 1958 337 
1007 18 12 717 1434 1894 1429 
995 1845 88 1126 1618 1214 109 
659 651 1569 62 1185 261 1640 
1655 1647 1953 1293 655 712 1690 1345 
741 297 1912 1629 1086 584 
45 1822 1224 1204 1245 873 217 
1246 348 94 165 633 112 824 
357 738 36 158 969 838 1738 944 
813 1146 518 1178 924 730 1412 
213 1954 154 1180 576 1616 
46 450 1078 144 892 848 
1413 1284 21 1161 496 1052 
1473 1290 610 366 448 1020 92 
1727 723 1145 1385 583 796 10 122 1365 1826 656 
47 202 1959 1265 1603 606 964 1502 1972 1732 673 
1355 615 1985 1001 1003 333 69 1869 898 1376 1837 
1991 1233 555 1841 343 235 1358 1941 1930 1864 1357 421 
131 1575 461 439 1130 1366 1370 86 645 1056 1309 
1187 728 1095 1097 727 1044 454 98 388 1642 565 
1607 1606 1791 1793 1650 1195 754 1710 1149 58 652 1928 
1319 790 1659 1181 1183 520 714 1848 1404 429 1028 
791 1671 1673 1675 1422 444 1210 300 1838 524 
1163 57 1107 1649 1651 1342 1024 940 168 1453 
1631 1497 987 989 991 290 1456 1660 945 272 817 
215 742 881 804 1197 930 1192 285 1066 637 
1415 1474 1349 1351 1416 100 292 280 1005 1700 
1091 1882 1517 823 1041 750 322 1122 1705 1825 
1835 1827 1872 294 22 1658 1401 396 1957 
1703 1695 732 1072 672 594 1768 1808 901 
971 922 1470 60 1094 1990 746 1646 1393 
827 1978 522 979 1720 1948 1332 126 1170 313 
83 789 792 1140 106 1802 50 1033 896 
1475 1467 1469 1464 1786 933 1336 282 554 133 
1511 153 204 532 1980 1510 660 289 397 
35 27 786 360 345 1194 1622 466 480 512 
1439 1431 1134 1552 340 390 1684 108 1364 1321 
1979 1971 1973 516 718 498 180 514 1148 481 
935 1539 1935 1613 713 1733 247 1372 960 546 1414 74 844 812 1100 
1043 1331 771 807 257 281 1495 427 1374 630 614 510 1886 228 248 1897 
1895 1875 1421 1505 581 967 1718 1036 542 1860 970 1440 1177 25 
227 363 951 1493 425 31 1152 1238 1348 1386 1346 1485 452 493 
599 515 663 701 1579 1744 1038 286 1852 729 842 68 937 
767 1719 843 1337 1481 811 679 1468 306 120 1906 568 818 992 956 
551 591 51 545 199 1363 1154 1934 1022 1312 700 1218 152 457 
695 587 303 605 665 535 364 246 540 1478 1314 172 145 1184 
1307 1527 567 1901 1531 295 1581 1965 1546 1026 141 722 1573 1760 
371 815 1239 1397 1445 1627 1394 858 465 1390 1248 1833 1232 980 
395 15 783 1121 1757 691 350 837 30 1665 316 468 232 284 428 
1811 1299 4 413 1411 852 1704 1080 54 1986 654 1904 1105 
1919 1071 747 113 509 1699 1600 1426 1614 1682 1666 702 745 409 
683 603 1275 1109 1051 14 753 957 1446 934 657 716 49 
251 531 1073 1471 1891 0 1032 1982 64 33 982 1669 188 
335 1155 1037 617 1243 331 362 744 1494 456 254 430 1088 889 
1067 243 1635 1565 485 763 1855 1576 298 1920 1250 1586 418 445 469 
2 851 1335 1781 809 43 67 784 1620 1338 1818 566 1014 222 61 1436 
1595 323 675 1301 917 283 1780 1296 748 472 28 1318 925 949 
1859 1023 507 1747 1939 370 150 1656 1449 1266 562 1981 668 
1451 351 1685 307 1255 530 1630 1989 1540 1308 921 1292 1316 
359 1359 137 1085 1807 384 828 506 1662 886 1701 1988 877 
503 1683 1541 317 1771 778 832 1590 492 598 938 1648 776 1213 
1499 819 1949 65 619 1053 638 1221 1905 1286 484 1124 1081 
1019 239 1289 1133 245 367 1279 604 1074 190 1396 382 189 490 1784 1964 1273 
1787 707 123 1191 1661 19 703 244 386 501 276 1654 314 1330 392 596 1112 
1403 99 63 689 1375 653 854 1378 772 178 1326 1380 696 1508 769 1388 
1427 959 1443 77 607 667 1946 76 1344 1488 758 552 978 1580 1892 997 
1751 435 1407 629 833 1723 1447 129 1018 110 424 486 226 822 332 1592 
1211 1223 759 773 151 595 1360 885 1398 942 1634 1382 274 404 625 704 
119 1611 903 125 1637 1591 415 6 7 1222 1506 1514 1329 904 908 181 1789 
983 159 1817 999 1339 847 72 1461 1900 1270 1389 1698 1641 1285 1268 229 
647 1035 219 41 451 871 1334 624 1101 393 990 1269 1000 1208 1021 1165 
803 575 1479 1925 799 835 1132 1430 1070 1545 820 698 706 632 1621 913 
875 1395 1251 1555 523 751 1034 342 130 676 1689 693 420 1717 536 373 
635 491 399 29 1543 1867 1816 338 1305 1458 1762 662 1006 541 757 860 
443 719 207 785 1361 547 1876 1626 636 1542 1680 312 1840 476 1813 1693 
155 755 1767 579 1577 1903 571 674 1353 1377 394 1082 1486 412 1688 1868 1261 
527 1847 195 963 533 569 1507 1327 1584 1042 240 414 1442 230 1761 1777 277 1880 
383 1943 1143 423 1819 1483 352 534 1854 24 216 669 1216 405 793 1628 1196 
1151 927 737 869 475 1639 1144 432 1533 681 249 1272 816 1772 1093 1513 
203 135 711 305 1615 1063 1574 1098 1509 622 1104 1106 1632 1225 1544 841 
1619 1199 1503 89 787 79 40 1228 1624 1790 1164 504 52 601 1597 1729 
1535 431 327 1961 965 391 16 726 830 1774 220 666 988 884 1712 1057 
1139 471 267 1709 1159 559 334 801 1966 1890 1764 1324 1522 529 1117 1753 
1055 1175 255 1157 845 883 319 96 1870 1176 1492 1734 880 117 1400 500 128 
779 87 17 353 677 1711 1087 1418 766 1428 834 376 1476 1166 157 1676 553 
179 3 1083 1937 1879 715 1387 626 1120 1406 1810 1437 621 849 1652 1009 1604 
1559 1551 839 1203 627 543 1323 1013 821 1123 379 196 1202 710 1300 1258 646 1206 588 1728 378 1384 1058 1260 805 361 176 1501 73 1633 
1715 1763 855 1047 411 377 905 1291 9 115 271 1706 302 686 1262 1770 1636 590 561 558 906 986 826 1741 1472 1921 800 1765 
1379 1463 1119 111 495 797 1865 1409 1783 931 1687 1171 1960 1462 1776 690 597 580 1936 410 1350 1756 618 270 1060 1352 104 1069 1585 1441 
107 1775 1779 1311 1563 1373 1529 1049 401 1303 1315 1831 1466 856 470 1096 1977 1432 460 252 1320 1842 1276 1858 981 11 1945 1045 829 1916 
1127 299 519 891 831 1755 161 1829 233 1027 734 446 1030 102 897 1008 1516 1526 1692 1264 1282 1065 993 932 205 356 325 872 697 
167 339 735 1553 1059 473 437 173 631 1987 1550 38 434 640 888 1644 952 242 1694 658 238 1824 1521 37 1153 464 260 1844 1424 
1295 95 1815 375 1887 699 1721 557 497 859 643 895 288 138 1536 878 1298 146 1800 1029 1512 1766 724 1062 976 1873 1952 301 740 1064 1645 
1871 899 311 1863 975 1745 185 1601 1193 1927 1099 1288 1610 1281 936 1806 958 1896 1638 182 513 1752 1110 764 1484 1417 548 577 1736 
1823 1955 923 1115 1263 315 1383 221 739 1951 943 499 808 1490 1438 1686 765 537 462 1114 974 1108 1730 381 1653 488 1004 241 1405 1861 973 
455 275 407 639 867 1229 101 725 1277 1075 163 487 760 1310 573 912 1317 1530 1836 225 1828 1498 1518 972 193 85 1976 1664 1609 649 
743 71 447 1131 75 1167 1433 761 1853 1399 127 1519 194 1504 1538 1830 1368 177 170 304 882 890 1113 1737 902 266 1328 1189 296 721 836 265 
1235 863 1227 147 687 1851 857 389 1625 355 1663 1759 794 78 1922 426 1012 634 134 1812 894 876 482 406 268 968 1556 1297 1525 368 644 
947 611 911 1947 1455 1205 593 209 293 1039 1015 1111 148 861 928 1902 762 237 278 374 1480 918 916 1788 1129 1016 1933 1657 116 1796 
191 1571 1259 795 387 1179 521 1025 1169 1435 907 1528 438 1914 1118 1068 1932 966 81 694 946 328 458 984 1834 1168 1549 853 385 1532 589 
479 539 563 879 1839 449 483 977 1135 1567 1740 806 256 544 184 1392 1968 825 318 262 616 417 408 1758 1465 1909 1304 253 1381 
23 731 1707 1347 341 1457 1423 775 463 1742 564 436 1089 48 628 868 142 1888 1702 910 1278 398 234 140 1141 121 164 1160 
1079 263 1011 39 1803 1877 1589 1889 1207 1267 175 1735 1226 502 777 82 250 1596 642 114 1809 1173 556 1136 781 1369 1856 1537 1520 
347 1031 1583 1283 171 231 929 1805 269 1963 91 1459 1908 582 1594 1929 874 1236 442 574 612 950 592 1212 998 1754 752 1561 1280 692 865 
1883 1271 939 1923 291 1899 1731 1913 1325 259 211 511 55 736 1898 1572 1116 770 1252 1608 1050 1354 1850 489 1322 900 1798 349 1 200 685 788 
1691 1487 1371 1391 459 1215 641 1061 1217 187 1915 403 1814 1242 684 578 1182 1356 864 1274 1450 1696 870 258 705 648 517 1237 344 661 1477 
143 467 1343 1667 1983 279 365 749 329 1231 1795 1716 1588 1984 1857 34 1970 670 324 1804 1893 850 909 914 1244 13 1940 1249 320 
1367 419 1419 1587 1623 941 1313 1769 953 139 1975 919 782 1046 1938 326 132 586 136 118 1612 1524 321 1002 402 1174 1460 236 1201 1172 505 
1931 1967 183 1599 1491 915 1241 1697 1253 103 223 1240 309 1670 174 768 1974 664 441 720 1254 1482 994 273 1792 308 709 440 1969 1681 
1547 887 1287 1907 1743 1911 149 197 893 53 1147 1843 955 1219 708 124 1713 585 1142 1048 1302 1884 508 996 494 400 218 733 1820 572 961 1885 