72
49 











20 
32 
56 
152 
176 
128 
116 
44 
68 
58 
140 

141 
8 
94 
118 
105 
81 
92 
0 
57 
104 
11 
164 
166 126 
178 5 
70 78 48 
46 30 72 
34 96 
142 102 
93 10 
33 168 132 
129 108 
82 100 
106 
117 80 
59 51 12 172 
189 66 62 
45 42 112 
190 150 180 110 109 
130 186 26 
22 60 74 
154 18 158 
165 162 24 
153 174 84 
177 90 54 
21 188 138 
69 114 98 97 
191 183 185 187 151 184 134 181 
71 63 135 137 77 127 146 145 
143 27 29 31 175 79 170 148 61 133 
179 171 123 125 139 28 122 169 
131 39 75 41 43 38 120 37 1 
23 15 17 65 67 156 182 6 85 
155 147 173 163 14 76 52 73 
35 95 87 149 9 64 86 157 
47 3 4 19 115 40 88 13 
2 119 111 113 53 16 136 25 
107 159 161 89 91 36 55 124 121 
167 83 99 101 103 144 160 7 50 