144
49 







































































20 
32 
56 
176 
128 
188 
116 
44 
68 
58 
140 













69 114 
166 126 
178 5 
70 54 
46 102 
34 168 
142 108 
93 74 
33 48 
129 
82 
106 
117 
141 
8 
94 
118 
105 
81 
0 
57 
104 
11 
164 
191 183 185 187 184 181 
71 63 65 67 16 182 61 
143 135 137 139 64 134 13 
179 171 173 175 40 170 169 133 
131 123 125 127 146 145 
23 15 17 19 14 37 
155 147 149 151 144 6 1 
35 27 29 31 28 136 
47 39 41 43 38 124 121 
2 3 4 9 160 148 122 25 
107 99 101 103 180 98 97 
167 159 161 163 156 120 
119 111 113 115 62 110 109 
83 75 77 79 186 26 52 
95 87 89 91 36 86 100 157 
59 51 53 42 88 85 
45 66 12 50 
130 150 55 172 
22 162 30 60 7 
154 80 18 24 112 
189 177 174 158 10 
190 21 90 138 132 
165 152 78 72 76 73 
153 92 84 96 