72
11771 6683 9995 13403 11675 7175 11291 827 11363 3683 14771 14879 7007 1067 4671 5247 14067 12303 13407 9735 12903 3051 2787 2309 8165 303 7995 2033 14573 3821 7397 5813 5969 10817 11683 5095 14191 6115 2791 655 547 8791 11656 4735 8877 5266 2856 5246 919 3066 8155 3566 14548 11755 1821 454 1522 1404 12813 6178 7948 9030 9753 12909 11554 10984 324 3506 4226 11229 5769 10440 1029 4494 7742 6777 5133 7377 13644 366 45 12278 984 5313 11294 2626 6354 11505 3762 7702 11466 11232 4776 4252 3728 13669 5964 3836 14185 397 9997 2612 1933 4820 
12155 14927 263 7739 3935 9395 1439 13139 6203 995 7743 2855 5835 12095 3831 2783 6615 13263 9015 11211 14507 197 9245 8105 3425 8285 2957 2969 6257 9689 10169 3703 14899 11587 2803 5815 5503 13891 3268 2310 12475 9093 12583 12026 13416 5418 2793 10576 6146 13798 1992 10195 8745 9489 9022 5654 4416 9172 30 1850 4084 12868 12542 2298 3510 7018 13962 10776 7413 5376 2520 12942 8650 4464 14698 11590 8260 11181 316 14620 2328 2553 333 6544 5172 3168 10790 7828 9996 1336 420 2098 9890 7926 9949 7534 13984 3824 44 14552 13556 10717 1489 13981 
2903 9443 10211 11255 7463 5111 575 11711 12455 4547 8703 8187 12759 12939 11067 12603 14819 8043 14703 7395 14199 543 12267 12653 4959 14499 11079 6797 1889 6655 4759 8875 2527 5155 6871 11323 3991 10507 6091 3955 12715 13747 14815 6876 1769 12153 10581 9554 4228 8049 10430 9550 9900 7624 10834 1353 1996 13783 7308 2786 5190 3648 3686 13094 12216 2865 838 1516 14954 3468 10310 6045 3508 10336 10989 4497 5460 11398 818 6837 7569 1797 14650 6778 11052 8062 5544 4942 7838 5942 9302 542 3909 1948 9582 5805 8593 1190 6001 4765 3320 1768 4237 3625 12776 7100 4868 
5459 12287 5999 4775 14687 3011 3911 10251 12911 9927 13487 4839 14427 11115 8163 1983 10527 12519 2199 14645 11885 10133 11381 10995 7265 11429 3113 11335 4901 425 13339 14105 8971 7877 11155 8251 11923 11359 8839 8746 7855 12154 7543 14554 6978 3525 11467 7773 9966 13236 14882 12240 4176 2910 453 1518 9249 12842 13092 6886 7658 3150 11550 11769 4018 2062 2542 6682 10728 5606 2028 8205 4812 11364 14572 2654 12112 477 13006 2373 7738 9021 1746 7122 634 8277 1534 10320 13305 6213 7998 7306 8953 11449 6128 13489 10921 8053 4573 6212 1784 1892 
5915 1475 1511 8339 9767 3555 323 635 11735 10775 3435 8931 1635 10475 9515 10235 4119 6231 1251 11163 12219 8069 12483 4443 11861 6087 8309 14477 5081 11189 11839 9871 5599 3739 12787 9211 12847 10615 6646 964 13102 14215 9352 1363 4999 9748 9090 5421 6390 13122 8596 638 7620 14426 9492 8678 4182 4422 8086 9482 1408 13245 10060 8394 5470 7086 11824 9590 12792 5112 8170 3898 12244 9798 11328 10854 9532 5236 4648 468 12796 11346 14436 3310 162 6724 1494 14602 3912 6229 11234 1249 12848 4006 3409 4160 4964 10513 9505 9308 
12827 12419 3263 107 13571 11639 4103 4619 6623 10371 1215 2283 7523 7611 4007 12855 5187 7347 6095 1659 7227 13133 11427 2669 4721 7649 10579 4061 7375 14465 12317 11503 9619 12379 8479 2683 1579 10939 4435 907 2587 895 12760 14889 6414 13557 11668 13342 9842 10578 12866 8942 7891 13134 9026 10432 8421 12378 4234 11088 11066 6974 14940 10842 4929 2294 9405 8806 6160 11796 4222 3126 698 8458 13680 1312 5130 12204 3129 4170 8578 10456 9622 8286 6518 9988 4030 3801 2392 11313 12390 6957 8150 10280 8840 11137 8553 1729 13633 10976 1856 1424 
14231 13247 6527 13451 3359 7899 11615 711 6327 2507 9711 13923 6995 11811 4371 8763 8499 8223 12399 5585 2139 7383 3485 8045 12101 6557 3029 9473 13181 641 7627 2503 12581 14443 8467 619 12871 4963 7987 7519 6640 256 11371 11338 3966 12510 10572 5938 9962 12535 2926 9540 7066 26 8874 10956 1146 7216 12228 11800 4634 10425 3730 9422 1910 3490 1692 3138 8454 11902 1956 12348 9258 6297 10462 1581 1294 3778 12172 14826 12014 6237 7114 46 10068 8894 4377 13480 5632 3830 13456 10198 10024 4281 5000 6008 9757 10933 625 2065 1088 2720 13729 
14615 10487 14519 3443 2711 13499 203 10643 8663 1943 7155 6243 851 9407 351 8535 783 7035 4275 10829 5307 6423 13661 4253 10095 11933 9533 10997 3089 10301 7663 11525 6905 14719 13963 6259 6751 12091 5179 8232 4003 11083 13197 9438 7954 5260 6972 1927 6650 7444 13630 9909 7968 5226 9216 790 3204 4678 10128 4677 7406 7792 14758 1894 1410 8182 12609 4074 1750 12300 8296 11178 10062 2121 11522 856 11822 318 14118 13024 7234 3058 11988 1922 8901 3340 8832 14085 10190 1104 9493 14617 637 9253 12728 8780 13533 3632 12769 7400 332 
587 6083 8015 10547 11327 1391 10415 10779 11123 1763 899 6311 2039 603 5159 2331 2991 9929 9449 13553 8919 8247 13229 10577 6041 8873 2753 5693 8921 10867 8431 10603 13099 1831 3091 307 3547 9691 13303 3511 7946 6811 10917 3616 11944 3070 4386 14410 9646 10418 4569 2034 2198 5229 14860 729 11498 10308 4380 1642 13192 13030 14430 7797 9174 1210 9160 6153 7449 2052 378 1550 9378 10240 2157 124 11172 2834 2710 2814 10794 10152 11740 300 5286 9578 5 2092 5802 3216 5480 572 11408 12877 1381 14564 5312 8857 5660 913 
12119 12839 10871 8363 2987 1643 9251 5039 13175 4347 14351 6411 1719 1167 5315 13275 13731 1343 3291 1755 5727 9891 5007 13575 11489 13817 4661 7829 1265 9607 8311 9091 2635 1171 12031 2155 11347 3259 3343 1663 6658 8323 12766 13977 12448 9924 6162 3513 9098 14054 4342 7090 5670 11762 10338 8598 3576 5770 14458 7626 3270 2670 12201 8649 1401 11686 14122 7442 13761 13365 478 10809 1854 958 13266 11352 8906 10366 13010 4134 9244 9040 3326 2830 8829 9004 1174 11200 10022 8842 5056 8761 5185 697 4608 12781 2072 8156 2569 1945 12668 
9911 1043 2015 2543 959 12083 9719 4319 5231 11247 8127 7755 3639 1851 13995 8619 2691 9087 6593 9593 569 8177 2501 2249 13865 2419 7997 13877 6439 9967 12223 11707 10267 7243 7015 11827 1003 13240 2922 9631 847 1447 9570 10605 10833 9564 3726 9775 9746 9294 9600 5928 12122 14934 11541 11070 13118 6330 3568 10332 5608 14294 4826 3564 2412 13206 7662 13956 14266 8577 14142 993 1998 13262 14178 5508 322 4749 5745 14272 5330 9112 4666 4530 5704 4990 10972 14532 12770 12373 469 1556 8812 5830 2828 6025 2300 2485 921 421 
1967 12215 14447 14495 9171 4535 8423 6215 11699 6827 3975 5859 1259 5067 3075 11723 9815 12123 2451 13061 2955 3543 11343 12329 593 11021 1575 341 13901 5009 3989 8767 11009 1577 3139 2477 6919 7279 11959 13387 10303 12758 6907 9084 14503 13276 8206 6177 9350 2674 9348 4498 7879 8116 12494 3573 8970 5522 6384 5776 2506 11330 4197 10014 8304 4305 2138 14944 1771 2268 5930 3444 2788 5542 6081 7374 2152 7690 14166 3660 12916 11520 4542 7540 5482 11602 2433 9945 2128 14628 12526 7548 7850 5822 5588 14269 3829 12812 6049 5005 6601 13136 1076 
10367 14915 4571 10811 4523 4247 5867 8483 1163 10295 4139 8171 8571 4515 5303 11375 9495 5619 3627 14849 11715 8403 13719 4383 3521 14945 1887 9041 4133 9749 7781 2141 1349 9809 209 9355 4855 13543 7915 1459 1483 2659 14539 14635 14083 6645 7723 2920 7953 6290 9969 786 13548 10238 3060 5772 11222 5248 14586 1626 8574 10905 4180 14913 14476 4641 14056 1960 12546 5414 4566 4474 9494 14150 3072 8352 13930 6852 5018 3530 11664 5142 2802 8472 6124 14250 14670 14493 11368 724 2002 12994 14530 11158 6736 348 4630 7468 166 13836 3093 11056 2594 6496 6722 7530 8158 10112 5449 7076 1268 6428 3637 12512 5437 11269 9608 5401 1016 11281 409 
8147 1559 9827 14591 131 371 12947 4847 5375 8723 1883 3191 10619 1515 1971 6855 10913 13011 3965 13611 2643 10649 9185 12725 7625 10661 12293 7001 3497 161 12029 6425 10699 8779 13759 12103 1843 283 9847 6055 4495 13171 4543 5380 10687 3520 10137 4334 10420 3982 14694 1636 7430 6780 11640 14752 10910 8625 1344 11673 2554 10314 8374 4086 1346 3724 14690 3710 11710 8040 10778 11898 1254 8342 3844 12090 5422 7509 6072 7701 4341 9717 2604 1314 13902 520 11952 3405 10104 10674 1846 9472 14013 11530 3394 7644 3040 3770 4209 204 3334 1365 1722 4996 8125 1082 8257 7388 11552 5869 9008 11014 14377 5701 13885 884 4268 2245 7880 13940 
5399 2123 4715 8447 8675 7127 7631 3491 14139 4323 9059 10335 12719 2919 4035 8607 10731 5871 11907 10215 10467 11813 747 2487 9807 4985 13709 2275 5717 8369 7385 5981 12845 6043 7507 6451 8947 2227 8587 5659 3667 5947 11527 943 12506 3972 13274 11942 8308 14544 13334 13120 1354 10438 1260 5662 6561 14904 11502 12082 4178 2479 14908 12360 616 3825 9382 3234 11116 10202 1974 13794 1510 9676 13490 1248 2344 9190 13042 9196 3474 8412 7478 1966 4402 9189 12558 5126 2154 1570 11020 8402 4036 6448 4718 8853 14058 8217 2958 10768 11254 14680 4029 2450 5061 5929 7872 13057 4381 5305 10400 13045 12913 7681 8437 14492 5012 2437 1100 12481 14029 
6287 4487 4199 7199 7763 10511 7703 8867 13955 13379 7643 13347 99 1743 13083 5031 9099 2907 11927 12891 7443 11151 171 4769 14801 12605 8081 10409 13193 12905 1049 1277 809 1923 545 8383 13519 4997 917 11947 7183 4387 607 391 6775 9928 12619 3976 5385 12309 9436 4758 1714 7798 3016 9558 4154 5222 5602 4752 3264 10850 13762 9432 13418 14448 4854 7245 1278 11566 11134 13521 4570 8070 13154 4158 1066 9910 14400 2902 7065 8145 12088 14006 274 12804 5834 222 3678 1262 144 8037 11884 2256 4470 8952 7354 13090 14788 14664 5956 3238 741 5484 466 7068 4728 8892 11329 12582 1498 6356 4988 5576 5888 8905 13177 7633 13645 8936 4700 2557 2593 12800 11005 
1127 11051 8123 5495 14567 9455 11387 7223 8819 6407 791 4931 647 8775 1431 4911 531 8079 6915 13035 3747 2031 6183 12077 11297 6977 11549 13757 14897 10469 3653 13685 10229 5153 4589 5323 4015 14683 10903 12451 7219 12439 9763 2215 13375 3702 3978 8692 7622 3486 7974 12874 9498 13802 9226 8868 6228 4978 1632 13150 13726 10662 7257 5934 11642 4754 6046 13960 11548 7368 6714 13404 10986 8958 7437 7734 10209 14313 6742 2526 11090 2112 6732 1394 830 13593 342 22 13890 658 5366 5870 1197 10530 470 9400 4296 2394 14282 13214 7226 10042 14746 5721 2452 8862 1844 426 3841 11857 13737 7237 12721 4705 3380 8209 4093 11845 12176 2924 10189 4004 
9299 7343 12023 3779 11655 10091 9839 7319 8643 7655 8451 3419 9131 9591 10563 7391 927 6483 723 8727 6771 5823 9279 7685 12401 14549 13037 10529 9857 6209 5297 12089 8239 1013 11539 3475 11081 2959 991 2827 6547 679 9271 3706 970 6307 10099 6648 7764 3688 9610 13566 5220 13792 58 13046 5256 9222 11676 9168 5032 1710 14304 9502 1150 14950 12873 6345 2733 13858 11806 1480 988 14018 9650 1912 7012 4246 10510 8908 14174 11174 11820 8882 13002 4872 1134 8102 13668 14770 849 9180 1374 12285 14445 12957 6610 14422 5440 14382 13714 9626 12006 9296 418 3020 9829 2113 10645 3008 3356 9092 9836 925 13592 13400 7148 14612 6421 
1715 4367 14939 7367 13823 9467 2171 11063 143 5807 11567 7559 6015 7895 12543 6735 7047 3483 8391 14571 3699 4517 12711 4827 9471 2381 4565 725 12579 8429 2609 9509 12269 9401 2585 11921 6235 13639 7843 4243 3235 13879 9307 9964 10606 3273 13096 564 8690 1026 14322 13622 3208 4426 4144 7656 246 3720 7750 4338 12508 6882 13910 6158 12864 3837 273 3322 6374 13278 11354 9158 9254 150 14010 14306 5570 5356 4702 4558 3784 6772 14354 1144 14714 9165 12825 8010 8424 2841 702 9573 7260 12441 13946 12321 4620 1046 3861 12316 6182 6568 1682 12162 8976 7380 8252 7716 6344 5048 14713 10028 8996 2474 7585 548 5749 7453 3361 872 7928 4729 
2627 12815 3587 12671 4355 13523 14735 14375 12995 875 2271 13791 9519 1599 11847 6891 15 4503 10635 9603 9063 12281 1863 7239 5621 3161 4505 665 7145 4457 3389 4829 5345 5825 2129 4459 4471 2707 9799 8035 13675 8395 10351 8527 10183 6168 8556 9933 13128 10370 9288 14961 11950 2505 14962 9328 11442 10598 14722 10422 4564 12117 8805 13797 979 8904 7198 9760 3962 5316 10058 10902 516 3578 10708 12972 14676 6542 8126 153 7262 2784 10368 14157 6874 11109 9758 12802 11472 4906 2766 13180 858 11990 14350 2709 14838 8986 4538 13594 6100 1866 1438 8784 4113 6260 7876 13780 4489 9793 6824 7784 4861 13232 12141 4549 11293 9644 12620 6728 14089 12344 
83 8699 13811 14099 7595 13655 275 287 14807 13607 8183 4127 8735 5991 12191 11259 14175 1911 3159 4131 2595 8741 11333 675 3279 2583 65 8261 9089 14705 9149 10049 1949 4975 3593 12823 14407 10471 14311 14275 11611 14779 3705 10914 13219 9895 9934 10826 7434 3213 14568 13466 5604 3974 10810 8200 621 7317 13420 42 5068 2658 9640 6717 9177 14880 9394 10444 4686 6238 4833 11834 14061 3722 10356 12550 1906 4137 2524 9206 9534 6598 2200 10516 9734 9192 6508 5162 4174 11637 5878 9918 10845 7336 8074 4506 5517 11034 6960 13166 4536 14042 12262 11082 6392 6204 14468 7189 2120 10640 9409 12109 12685 12044 7417 13597 2425 12709 14876 4172 
12635 4343 5747 7163 6479 1979 4019 9371 6143 6699 6071 7271 327 123 8955 2591 1587 4095 1935 3243 13455 6413 14343 3111 11087 3125 12593 9569 2225 10625 509 137 3569 247 1291 6559 5851 1337 6967 13843 14599 9787 4579 2839 9546 12514 5066 12366 8738 12222 13579 4336 10056 14802 4466 11575 8114 10200 10958 9870 10027 7118 9844 13468 11118 3489 13746 9906 12870 6258 5766 57 6634 10274 10734 11613 14724 6669 7106 160 12178 7500 6870 4944 5674 3658 4102 1594 14956 7488 10786 4020 706 330 12042 11409 600 362 3378 9122 4238 1792 13992 13881 880 524 7288 6368 7009 14701 10117 8929 157 10304 12092 14737 13477 4196 13280 7184 14461 
9179 11895 11963 12059 1415 8303 2663 9503 14831 7935 5135 14487 14259 10559 10743 815 13947 14871 7551 9783 6987 7515 12209 10047 9365 11681 9257 857 1829 8729 3041 2071 14551 3835 13627 9773 487 4687 13831 11191 13459 9403 10546 12487 288 1474 14338 10782 1812 4233 3518 254 1339 10792 12633 5253 9358 4972 6693 9602 1701 5457 11978 6150 9568 12450 4918 4636 12202 11170 1274 14858 11266 14488 2625 4713 9134 5136 1881 8754 1918 6710 3652 8890 12954 9410 2202 14246 11421 696 7272 9366 1672 7778 9066 14764 3242 11626 3554 5505 12184 10000 1705 8658 2602 11120 9157 8413 11360 9512 1525 2936 4597 980 12032 12325 2641 13069 9632 
10403 11099 1283 13931 8135 2819 10751 1859 4211 12611 9803 7191 12131 6447 12479 10179 3015 13755 12159 14835 3027 2729 12305 807 687 5705 4925 9197 13601 4865 11621 4445 9281 11803 8131 14813 14155 3403 13723 1351 13183 14347 1759 6652 10574 2918 691 6933 12523 8448 5224 14332 1994 5836 6727 3514 8349 6165 6062 13428 10132 14330 2278 6916 12850 3750 14584 10389 4262 5937 5810 1858 1548 12648 13252 5370 7618 3082 6002 10560 10362 382 5778 1173 9657 130 11016 4862 1560 13774 9016 8433 1110 4077 3582 1164 105 2512 4348 13230 4200 4272 11078 13581 13021 13786 12541 7333 7628 7813 2864 997 944 457 8984 5324 1153 5785 4580 2084 
8567 1907 7511 10115 1811 9491 7751 8963 14279 9875 4155 9575 8235 1451 10583 11015 10791 12527 1667 10535 14219 1367 3327 8003 10611 8453 12587 12459 9221 8801 8957 1775 7983 10061 12989 3749 9869 3773 2597 6415 9559 773 1001 5767 10567 4567 2047 13039 11107 13051 2143 3907 14791 7999 6417 6172 3690 2916 14688 1706 4761 7310 3134 5157 8872 13684 52 12220 4161 14406 6386 3729 1629 9840 7378 9102 4014 9096 13920 5358 6976 708 13965 14268 1270 7197 6009 6134 10080 2546 11392 14692 1509 4192 14949 13269 12352 1306 4318 6328 1486 2418 1142 10846 13492 6156 11529 6086 12170 12314 4590 12834 9614 7538 12418 12660 5121 7648 9060 3760 11037 2286 11916 14226 10618 754 9510 4886 9688 13990 3189 3026 7429 4076 13309 6553 6781 8377 14317 10172 9445 7772 1129 5432 5228 12313 8821 5689 10633 9164 13712 1357 
3563 3695 47 13547 7691 12807 4679 3167 13079 8279 6563 2363 179 9951 4583 2163 5183 13647 13491 4755 14799 8891 10491 13959 3471 1227 7107 4863 953 14093 2775 9101 10073 423 3701 10299 6185 173 7109 12641 14621 2489 14947 14743 9305 10315 2107 8419 9655 4867 3883 5431 10771 14107 5827 2858 12034 8802 7978 13804 6696 11040 6866 14064 12033 7744 1204 11704 12225 4130 148 8042 11982 10318 9330 9950 10670 6981 8292 12280 14886 4840 12946 568 1296 5538 3450 12168 8028 5124 14685 3438 7506 1000 11373 13318 12357 8592 4956 3354 3122 700 7728 5642 4898 2172 12974 7270 636 12552 7698 9706 3712 10394 13317 1970 1776 7032 1524 1888 8613 214 7482 11424 11304 10610 2253 84 7026 2482 14088 11612 4316 13933 12680 12829 8389 6709 7777 140 4856 3301 5389 2353 4285 1 11648 13321 14180 10021 5240 2576 
119 2003 10247 6971 1319 4991 12575 3407 14555 8291 14511 7547 347 1955 13727 9023 8019 2843 7251 6711 755 11691 9195 7973 14523 5139 13479 10793 2835 5151 7445 3893 9497 1359 10217 6161 7565 9065 14537 14129 10831 331 2311 595 4961 6667 14213 1975 9835 6067 5371 5347 9535 3043 10555 12762 12756 9562 10536 12302 8878 11042 9354 12129 13852 4670 13474 242 3969 14370 7312 10342 7428 6138 3118 11892 6298 13670 2118 14958 4478 10990 7414 3142 1962 9525 10401 5268 5910 11380 4846 11805 9357 12914 2760 10346 14514 6993 7821 5182 7125 2350 6334 9705 14702 6828 5844 4350 2638 13026 4552 3350 5738 13498 10746 4044 1732 1245 8782 11968 552 10032 10050 11618 12708 3246 14202 10288 12484 7726 6729 12636 5593 3044 14641 10249 7460 9865 7261 14005 2809 6481 3500 11629 12104 5804 9001 5708 10813 14917 7849 9800 
11663 10835 4955 9323 4091 11483 6323 4055 1467 13367 4479 14675 4379 4643 1803 10803 4527 14355 14151 9639 8595 7235 3195 14031 4265 7647 2607 2117 6893 8031 3819 5105 3879 9353 10673 4229 8621 6485 13073 3413 14717 8909 13255 13807 8575 6715 10435 6487 2911 3571 4447 13003 5803 3981 1015 5524 1521 8558 5258 13516 4756 9441 13020 13806 4914 13624 3446 266 12400 14856 2628 3312 3650 14910 12130 11124 2054 5872 2342 14374 14508 10354 3622 13929 7202 12832 11224 10130 12208 13542 1857 2890 1048 8364 12720 11889 6930 2796 5138 5994 11649 12912 7576 14862 8382 11896 2086 3550 12652 9398 8586 12646 13497 14666 6105 4557 9813 11100 7126 1726 3034 11966 1269 13634 5714 8438 898 12826 10588 5826 1334 2068 7405 13465 481 10964 10472 11677 7345 11125 4213 12997 2948 9709 4592 12457 8828 5713 7112 13160 11624 6704 
2423 6587 1463 5591 8651 4223 1295 803 11207 3431 14183 239 9635 8987 1563 13935 11439 5003 10647 13023 879 12591 2667 4923 14595 6495 2847 6389 9977 149 9341 6807 12161 5753 7205 9771 3857 14189 13315 2405 3281 2837 4171 8083 14527 12511 2887 1063 2515 8719 10387 1987 14131 10600 1135 10138 1195 8736 14546 5265 14334 6706 4230 5838 6880 8172 292 9333 12120 4308 5238 8962 7790 13062 484 4814 14296 1965 13162 11157 14697 3484 1116 8178 1876 5998 4924 6700 10082 9426 6198 1368 1596 6038 12900 9520 8514 5678 7908 9250 1206 6282 14390 13790 462 7350 5169 4317 2836 7668 10869 1502 4366 8193 5436 4098 370 1154 11850 9682 8054 4780 5856 10168 9693 9998 12477 14028 12160 11241 6788 9728 14053 6476 9373 11684 7412 6488 2684 13429 14437 12164 8329 13328 889 1861 6500 109 1753 1333 
4175 447 14147 4331 6227 7607 12887 7151 3839 7967 5363 11627 1959 3479 1299 14115 5223 4595 7119 2547 6591 6747 12447 10671 7299 3411 3711 2069 14009 2897 1313 2127 14021 10961 14333 9725 2885 4267 2441 3545 5501 1903 2395 9643 13939 14023 11791 13903 9331 4891 7327 8851 3595 10147 8503 3522 9055 10334 12187 24 3456 10258 3141 11786 11050 13473 9386 1308 3612 1816 2662 13282 6148 5992 14806 5114 4221 7941 6873 6450 8956 12936 9346 14590 10656 3453 6132 5932 5128 5904 8253 1462 1044 11265 9974 10702 1238 7566 660 11697 1042 11856 3618 4750 14730 5808 2886 9878 12858 12964 14898 5145 10384 10005 12702 8580 7264 7598 13702 276 13610 82 10994 11400 6110 11286 86 1185 11001 10296 9513 10496 752 2629 5665 6800 13736 7292 12200 104 6529 6980 9721 2101 13796 8384 3692 1172 14977 7921 368 
3275 2567 8903 13143 12107 71 11543 2387 599 4859 4043 13199 5907 10499 3863 9699 12491 2795 2055 2655 5703 10035 10287 12795 7287 2511 7671 10347 4913 269 3999 9303 9605 6785 4853 2717 14321 7841 8033 8717 2825 4109 13745 14935 19 6691 6127 3115 11743 5299 7639 3811 6427 10927 4521 5230 5070 10582 11652 2724 6388 6288 3012 13810 1024 2906 7612 5764 11644 5361 9825 13022 10281 2736 14946 5118 4218 7942 9598 6456 3352 1464 1600 14428 11565 4960 11220 13310 9538 2190 13941 1402 12374 11366 12052 1252 1900 8032 9184 8266 13414 6342 12780 11614 9806 6552 14258 12753 8254 4828 3828 2832 10494 8186 11278 12705 1389 10614 9820 9678 136 11922 6804 8316 8916 6818 2988 12520 13074 13500 4980 14401 452 13201 9896 10357 8353 1057 6193 12524 14817 10484 7376 11576 11341 8492 4897 13213 10532 4105 2089 11780 
9551 8747 12503 2243 8951 13679 14063 5255 12767 11495 7475 10667 9215 2615 7083 9843 12467 13251 6459 14823 2979 9327 6975 6435 9123 11177 14069 3039 13493 5525 3017 13337 14969 3353 5369 1181 13697 3713 2849 14777 12773 14359 10097 4733 2323 13951 10531 7807 3859 4027 1951 4411 9561 6292 9034 5520 11661 2500 3098 10672 3462 91 6705 13629 1348 9220 1209 3482 8094 13142 5882 7560 12210 9496 3840 3022 7794 782 9014 7402 8640 238 11256 3480 5134 3014 14484 6786 2338 12670 4032 158 14160 9480 474 5685 7914 9204 1982 7814 13186 6594 4042 13562 10896 652 8500 4696 9266 8716 14256 6888 12894 3592 8824 334 3562 346 1860 9886 6033 8790 7134 14198 12186 2133 609 8674 5202 1453 4340 13537 6104 11797 13700 13904 13393 3289 6217 3644 5485 8065 968 5101 12548 10520 9596 541 5077 
4271 4403 2111 3851 6167 6639 6131 8759 3227 10715 13043 7451 11159 10931 12927 4739 2759 12351 10011 6815 147 5787 10175 10103 13241 1517 13649 6857 8883 12881 6233 1529 5669 3137 11571 7673 4805 14789 461 11969 12485 8203 1767 6679 8755 10327 5131 8683 5695 4783 10591 3247 5971 13130 12453 2306 1514 4512 201 11337 5580 1030 13188 8642 6136 4418 2746 9024 10341 1740 7209 3096 4977 34 8748 12370 2630 4224 4922 11702 9792 1092 13906 7017 4974 6141 2378 2548 4965 12798 8452 990 11358 10090 5536 5618 5292 9186 13053 11788 7762 13082 9826 12492 10982 7258 7918 8248 2266 10866 11478 10084 1186 12969 4245 7458 8109 8850 11404 13478 9952 6117 5176 2558 11846 9624 14094 6426 14500 3880 9234 13849 8029 2221 7933 10820 9932 1688 2468 11972 12529 10460 5492 13880 205 11804 3032 14125 4201 11264 7280 
5447 7499 2771 3467 10163 3155 6539 3647 611 479 1919 7947 255 167 4083 10851 4743 8067 10199 4983 1671 695 2273 7203 8259 6039 939 9267 2967 10973 10745 4013 14561 185 8669 13721 2021 13771 7241 3211 10363 13195 11395 4675 12473 4183 8371 643 1735 2443 14467 10538 559 6403 13149 6499 10434 9970 13246 10918 6458 11532 13518 4017 2664 1126 9242 8310 13341 13570 3105 8964 11534 12684 6582 13402 11074 1872 826 11790 14146 3645 14457 12674 3396 4490 13362 13413 2186 2914 3148 4092 11210 9530 5541 3838 4742 6201 7060 2334 7902 232 5988 6202 5676 14577 8582 9345 126 8910 3664 2274 1980 6126 6004 6754 9418 458 9936 1794 7578 13696 1425 9942 10522 70 11430 974 10192 14808 5581 2725 1400 3764 10693 14665 7393 14480 12488 2377 10321 8660 13652 3985 9145 11461 6920 7129 14041 8516 
7439 8999 5687 9983 2399 6791 11411 5855 14699 6107 12599 4463 395 12443 7371 11667 13119 3675 6651 519 8631 13131 11499 8175 663 13707 101 11739 3507 7757 1409 10551 12053 10421 11789 6617 8441 13409 6175 8885 2201 2681 6305 6883 12835 2923 10663 10123 1747 8153 4807 14263 3367 5083 13483 8565 13522 9033 7740 13336 6926 3698 9342 1125 4216 13850 9816 11553 4468 12310 4908 13254 9722 14158 5322 8018 5150 7898 12286 6442 4838 3237 8174 1298 4214 5038 6590 2030 890 9396 12722 7014 7192 10569 10870 1989 2146 2445 6382 2290 11114 3732 3654 5902 11606 11145 8332 9069 9681 8974 4593 11973 406 1790 1192 14342 7102 9458 5718 2397 1893 6118 12984 1666 2238 3940 13785 2872 4574 10441 4561 2605 6560 7352 14677 14348 6337 8792 10208 9236 512 4585 3980 8269 1820 6805 9049 13861 14168 
14855 1115 4163 10379 1823 12971 12299 7259 14255 2447 10203 8543 8895 11915 11171 9447 1407 3059 3723 5535 8927 12555 10263 4635 8655 10887 5261 9399 2189 2751 4649 14729 14369 11033 1205 1793 14045 3737 10553 3881 9907 2539 14501 11227 2815 9475 13363 7783 11215 4639 8863 4051 739 14983 5254 10374 3693 8870 9544 5613 8622 4089 2666 4266 8030 9334 9642 8757 10824 5040 9516 8354 5534 2349 12110 2614 6042 2226 3970 6372 3585 14172 8368 7222 12846 12242 7761 5889 6504 3021 9802 9420 10390 12102 8536 4710 4390 6278 1452 11817 14130 1378 12530 11476 5302 4437 13036 3158 1390 4586 12086 1678 12690 6510 14170 9885 13641 12710 4286 4986 7182 10170 12474 88 5628 6405 4788 8152 4909 12440 560 11581 4712 8341 10436 1549 3956 6945 1568 3248 12212 8816 848 12116 12296 10969 5360 1081 385 
383 10427 2747 12935 12707 12731 2531 1847 10967 935 13763 14075 8267 8843 14315 1455 12831 2067 4695 6191 6123 1839 13311 7311 3399 14367 12039 13047 6999 3567 9627 7337 5175 10481 4193 1781 10227 5885 4877 14585 5933 2261 2513 7975 2213 12569 4577 7411 7985 4001 10925 1387 9391 10219 187 4075 10495 4879 5215 12967 415 12259 14179 4516 294 6441 7135 8694 7502 3214 8944 1804 13558 7410 8034 8930 1641 54 11858 9592 8090 3736 6036 12214 9340 9252 1810 8474 8160 6550 7162 10358 8385 13716 5908 3994 6890 13041 14901 12177 9466 11986 12801 7240 14278 8590 3676 12738 5212 6564 2385 11620 4330 8104 3000 3114 9648 12664 12998 13354 10732 3670 7298 4242 1458 6012 7010 998 4632 6762 10924 472 13742 1264 6708 1689 12768 3038 3402 13221 9478 2805 10074 14424 2644 3870 12849 10773 10194 6357 10414 396 3036 14661 7718 4605 13216 10977 3882 11712 6214 9057 12930 2584 1752 728 2094 12805 1700 14749 14149 2905 3704 6157 8365 5137 1256 10376 7832 4544 2797 8569 11101 12872 11617 8564 6092 12464 8725 11984 12980 7124 13364 2540 6397 13028 13304 
7823 5567 13631 7091 1739 4079 6023 6515 9239 13703 3899 7847 419 8399 13415 6171 3843 6351 7043 5163 5103 4835 1239 4179 5427 6843 5127 2463 2483 10935 2499 5237 5979 6303 329 639 1853 11477 13085 11919 14297 5213 1061 9113 1373 389 6533 8837 14455 11815 905 6463 13577 1855 8119 9259 13855 893 3391 7111 2407 2359 6535 9151 12504 9754 8940 9086 2860 7660 4010 13138 28 9926 250 11121 6262 8973 11562 13338 12446 14553 13536 13958 5589 11584 5320 7238 11666 14622 10426 10646 1118 9837 9756 4954 11961 5877 10114 10286 2608 14412 4132 5034 1266 7510 14026 1257 9326 12537 11882 5344 10266 7572 854 8230 705 6030 3094 8772 174 10044 10641 1221 7710 2570 9144 518 10558 7218 1538 5710 7650 5020 5794 11714 4450 12610 4746 1602 1586 10922 10164 14290 14218 3252 13654 9654 1338 8136 10524 894 108 11418 12180 3309 1864 12568 5968 10528 5498 8730 10998 10590 6176 2454 3370 3097 13801 10237 949 13357 9584 4796 13568 5233 7688 6020 12752 13081 8533 11029 6284 3673 9913 11936 5881 169 133 13856 3368 7040 4801 3932 433 13892 6205 
1031 7427 9191 9959 1307 5243 6899 5639 7619 6983 10679 13739 3687 9291 3635 9375 14783 5507 12647 13851 6779 10431 11727 3551 4871 7023 9867 2043 10767 6911 9207 9111 14787 1179 4145 2393 13121 2537 6713 7505 10733 13445 5417 583 2153 6643 7961 7709 941 6089 689 9679 8059 6725 4939 7363 5671 13267 9487 8275 1879 9811 2083 6991 439 8562 4514 9556 13140 2661 5565 8241 8442 11958 5614 9297 8350 11646 11802 12438 14644 9846 13950 9430 12226 2740 2769 9696 1606 3290 4834 5666 5625 1317 4382 1852 2634 11454 1800 2808 12434 5178 4720 6064 3738 14700 1917 12372 5673 6264 6562 5812 4576 5514 7982 5752 1398 6102 10630 14184 12114 10770 8726 7282 7986 3544 11164 6088 14298 1902 3642 3408 2678 6784 5860 5442 3441 3916 7670 12970 6532 6538 5282 10473 496 13905 12658 3777 9054 9064 14973 4958 6429 14502 2822 4428 3369 338 3602 6600 6180 1934 5496 14133 914 14469 13822 13706 12865 11228 740 2029 2240 6548 3428 10561 13640 14425 1124 11180 12169 8528 12949 12565 3656 5281 8425 4184 9577 9121 13508 3169 6817 320 8785 8264 973 13340 
10919 12743 14867 11147 2303 2939 3767 11807 6863 3671 1535 3983 11831 5219 4947 14663 12623 6731 4599 5019 2187 8751 567 3807 4451 13433 13155 1083 435 1875 8319 1827 11669 4575 13421 11645 12531 11367 12677 6629 7913 12315 12893 5549 12341 2093 4637 6583 8249 1193 3953 1361 10795 12533 3295 223 10627 12163 3055 8887 585 8911 1087 7531 576 4185 5386 6436 7746 13972 6066 6434 7629 12362 10449 6597 8450 4142 5122 6556 13854 1240 1454 11582 10065 2734 9381 13569 11046 1058 6154 12882 12724 11388 573 14310 5044 8100 8014 12342 10696 6681 10482 11542 8493 14176 12590 3144 11962 4310 2896 14481 4389 8224 6618 11512 2637 7168 9314 13584 11030 5554 5644 7466 6480 7074 4198 4672 7154 12561 3538 12410 938 11574 5445 10146 3818 12898 1574 102 9424 717 7342 11634 4774 5174 4485 9922 6606 2124 9672 4434 12861 6573 2280 10224 6720 7130 7966 8664 14598 8325 7654 7389 14545 10552 3457 6037 14689 13748 14372 12121 12433 8360 5089 14173 14257 7753 9692 128 12097 1496 1352 5288 2288 6013 8833 8168 2233 12985 1520 12037 4249 11492 1580 11540 
12371 12203 3311 839 10847 6395 4751 1619 1691 13535 863 8075 2927 6075 8051 11027 2891 8823 8799 9899 3519 12851 10719 14471 11199 14667 551 7467 4361 8979 377 3855 14475 8787 3941 7887 2057 2741 9989 14057 6703 2345 6437 915 5729 2993 11633 6283 9439 7517 13279 7687 13217 5419 4231 5287 5467 3535 7399 3727 2947 9859 2023 2467 962 12319 10542 5244 9606 2925 7816 6702 8457 5842 4642 8770 10446 12028 290 13893 12196 9864 7089 14848 268 10442 4080 3528 14709 8038 4818 10570 3004 9202 14798 592 6166 14402 1620 11322 10800 3862 5028 3292 11546 14618 8418 8294 12544 3640 5148 5446 2682 8270 11886 10012 7672 1546 7044 13908 10344 13286 14416 8709 5092 4125 5898 8265 13686 2361 4650 9714 9304 6808 10840 5698 654 4454 8676 3086 11146 117 4492 2080 7756 6921 4048 2022 14398 6842 1018 3552 10092 8702 3048 2598 14244 2781 3873 7474 1942 1660 14097 14212 6360 13129 6796 14204 13988 2384 1148 829 12644 9404 10796 5204 7544 6080 11173 9697 9361 1069 6613 3260 13424 11965 8756 10448 14785 4885 12932 14156 4981 6944 11816 3217 7549 
11879 7955 5963 8831 5267 4703 12359 6671 9671 1595 14435 12735 13835 3963 10223 9819 3939 1187 10107 2379 10083 9363 14943 10443 9831 10983 12149 4203 5211 12255 10575 5691 11187 6221 10697 3785 353 6125 7253 13983 8151 12041 8345 5333 4553 4889 10517 9785 9269 2789 7615 10255 8191 8623 11551 2011 13447 9739 13687 11573 2299 8215 13999 775 9028 4207 10540 5250 13190 11949 13125 8815 1818 8124 10908 8760 10437 12230 4302 5841 10802 10272 3586 14022 6333 7372 9162 7236 8078 6326 666 8626 13044 12837 489 2174 5454 14368 2040 8026 12198 14325 4653 14062 9818 9957 192 12630 12876 11832 4500 13182 11130 8313 8980 6576 7696 10406 6962 12592 10476 10860 5486 8778 4932 5241 6477 4090 11262 2056 78 6558 9850 9876 7344 5649 5154 12274 14673 10330 13430 3906 8724 7180 2140 12480 2932 12268 7030 8212 996 2622 5966 4584 12328 2424 13698 2754 3430 10944 9892 10094 424 6948 10928 686 5637 5300 1813 4669 1436 613 10057 7201 11881 11785 14108 13909 13100 12788 4645 2804 7273 7693 5341 404 12409 7321 8024 1748 2996 1429 4784 2689 11216 11305 9248 
4295 9227 6695 8579 6743 12875 7139 8495 6719 563 2435 12863 6011 4467 495 11415 219 5763 11475 3459 12135 13359 12075 3915 7575 855 9567 4157 4779 2883 2561 13469 11417 4421 2765 6653 2679 6665 5967 771 10157 5285 2045 5383 9017 9547 4423 12425 9233 3523 1445 4135 12403 4339 1279 3307 5719 1423 7315 9127 523 6799 7027 10819 2647 3223 960 14884 8697 9594 7666 5326 8541 4150 5074 8050 8386 13126 5558 5262 9552 1618 10509 14014 14844 5566 8800 14152 3748 5016 5578 7788 2880 3580 6782 8076 10665 381 9318 10216 5398 9402 11049 8518 7490 13740 8282 7164 12904 4966 10836 2282 3046 868 492 12050 11486 5781 14344 14842 13710 14248 8338 5004 2082 1542 8133 2565 8004 3792 1557 3406 8 6741 14292 2908 7869 8301 7678 11226 10996 9618 5186 7786 501 12000 4550 8848 6748 9724 5550 9862 11002 3876 8410 12424 2714 6850 10048 11238 1938 9154 6614 410 11013 13117 241 6289 8372 1273 2173 3745 6044 10657 8293 1297 7105 6505 4477 13184 9733 14900 3253 493 4873 14840 7844 14629 4892 12908 1136 2161 277 704 9277 13724 
7799 10787 8975 8711 9527 7187 11039 2555 7931 8879 14039 4511 4787 5559 1199 1835 7247 2495 12207 3119 11295 7587 14235 5751 13883 5643 2151 555 12629 11765 10755 12615 7085 1649 1997 5189 7121 14429 2333 8969 10085 11463 1157 14165 10889 8657 3463 413 2371 13169 8935 4219 5575 13087 9727 115 12955 6475 7711 2263 13781 4555 6211 6657 8551 3696 6418 780 427 2913 11760 2550 11500 12232 8046 10450 13978 12304 4836 14486 8202 12549 14896 14866 14138 950 14646 5049 12058 4822 13914 7542 3442 482 6484 7110 1785 10116 2894 14452 4941 594 11244 11589 154 14902 7212 12938 5277 10936 5914 1798 14442 5913 2901 7485 2652 5646 9786 10932 11685 8358 5656 4293 5916 1162 1168 11730 14790 8758 1533 8508 5920 1450 8982 8140 48 1882 1920 2842 7836 7720 8462 12741 3390 6406 11106 3910 13108 525 544 3990 3626 928 9777 14556 1362 12462 902 4440 2722 8466 6433 9169 5252 9272 7789 1028 13448 6577 9241 12020 9884 6656 7976 3536 12704 2336 6469 8977 12697 8288 4928 11377 164 644 5893 13052 14024 12001 10664 2125 7993 11233 
3623 4475 9731 11519 14747 9707 9647 10139 1151 14243 2723 9863 13307 14003 14627 13395 10455 11747 2219 6315 10971 6051 3287 12291 9029 12003 12651 7949 11019 2019 5475 14909 8847 4023 5069 5489 881 1011 10637 8117 11225 10313 9737 11777 233 8489 8549 13889 10375 1123 12367 4819 7735 12295 11299 11731 3775 7495 1255 12859 3799 2431 9283 4518 6412 3684 7944 1713 10380 3018 4968 14906 12501 5596 8176 8022 1020 450 9638 12105 8262 7614 9210 1377 14366 12246 3754 6378 11526 1694 7694 2818 10806 9954 10654 4168 5661 98 6897 11625 712 11558 12982 405 722 12588 11484 11814 10942 2514 5274 13348 4689 11326 3154 7058 8164 12892 7494 14474 4038 3765 5306 3400 2517 12340 13370 14116 11416 808 5512 10929 1138 14578 9780 753 2704 9042 11284 11997 4694 3945 2210 5152 7029 9316 9268 11746 13401 12580 4258 9852 9002 11781 3345 13222 1010 3926 9684 3420 2964 5756 12189 5400 5317 14096 7736 13976 7820 4088 6913 5617 11720 6661 13921 3529 2420 349 12589 11144 12661 2000 8581 5809 8960 224 5900 12836 7028 4777 8917 11077 10585 12404 
12755 13475 719 14291 2639 9599 9047 7583 3131 6575 7535 5115 6239 13715 963 9675 4067 3515 3783 3603 3927 8295 13335 5403 8159 7143 11003 9545 14655 3339 9051 2285 13683 8777 12017 14153 13313 12545 12701 12125 10493 11705 6113 3233 7637 14633 8167 305 5071 7447 13985 5251 13795 2719 4663 787 9019 1051 1891 8491 14035 10051 6367 1795 10372 10204 6394 13426 13970 10317 8238 14952 7768 4762 3614 7404 14914 12814 2706 4845 9948 12626 11374 4012 12124 8762 13410 5046 2222 5140 8397 8366 6734 376 6276 8685 1972 13257 5686 10677 14728 4708 9834 1202 13725 264 6918 6021 5340 12106 3124 10872 13690 9062 90 3316 1056 72 9712 10934 10704 6676 946 8134 3202 6376 12336 7281 7338 182 12818 1432 1305 6664 11690 4050 8686 9262 14786 2992 10149 4722 532 12934 13588 10680 11104 2949 11901 3050 1497 13596 2556 2008 7137 7864 12618 5490 2464 14102 3226 13969 13380 3366 1993 5773 8041 13952 6325 4081 10748 11888 2048 6668 10081 8677 12152 2341 3769 6265 6596 12140 4808 12421 9320 7484 5917 3385 7045 4760 3949 10141 3493 13525 
11339 1103 1331 6839 12515 6383 9347 8375 5675 5663 1091 13667 3995 5207 7727 9879 13691 3303 5583 7731 363 13671 7991 6507 5055 11547 2079 5367 13599 1961 12339 8523 1347 13253 6317 1241 8609 4757 2549 5789 9329 7073 14273 10265 14071 451 11345 8803 12763 6809 13159 1567 4987 3643 10963 8539 12355 1711 2755 7483 14875 7555 4795 6636 2001 10951 6078 2314 7822 13137 10008 2304 11940 3102 10500 13054 1406 2544 4560 13938 8698 14894 10262 12454 7906 4930 5626 14580 5664 2904 8416 9372 834 4936 9312 12406 2738 2370 4365 9012 12022 5622 14265 14704 8512 6914 12696 11097 7680 8106 4312 5010 14824 7224 12338 3741 11320 13605 14632 5374 5688 5308 6022 13346 13314 7422 12981 8854 5458 1737 11908 2078 13110 14762 14472 14970 12562 6454 1380 681 7713 540 4430 12346 10684 6222 3798 13682 6400 1662 2589 4894 11462 11493 7924 422 11750 3804 14078 9237 9476 5734 9580 10700 1808 14953 13945 10184 8089 9152 5600 5149 14113 11317 4436 12793 12085 6536 14888 2845 8281 9805 10069 9781 745 13813 3421 7069 12181 176 14528 2965 8149 
6035 971 11135 13859 13355 2195 7919 1523 3371 5075 1679 75 13463 8615 1503 14907 9275 5235 1107 14739 1815 5847 11679 9039 4815 10659 4971 6135 6603 12435 4803 1443 8057 5045 1931 12639 4217 10109 4817 14811 8597 3197 14837 12005 3053 5945 4385 4493 10145 10685 2731 8789 1555 11647 12739 1243 1207 12571 7075 11287 11203 4711 8335 1925 8923 7963 11662 9235 10171 2866 14550 4146 3064 5073 13101 5832 12238 9384 6040 11674 3298 574 14640 1634 12540 11212 50 11580 4186 7000 10018 5025 6294 13226 1576 7394 11436 2176 12436 10730 13586 13764 10749 954 11073 6084 8476 9882 8258 14073 12460 6470 6338 2810 13620 2050 6832 2114 7674 11481 924 5586 14966 10161 10744 5706 2382 7276 2950 10701 1014 14277 6686 9566 5469 10410 13744 5166 7034 2742 13306 7692 14126 12794 12669 10408 1236 6840 3542 13898 8229 810 10488 9782 1234 3156 141 8733 682 6766 11054 10946 7046 7320 4893 12414 13828 6900 1796 5986 2792 5996 12493 13753 14857 3649 4033 9421 5132 6829 10381 11036 8636 12601 4832 6349 3325 5456 11864 8072 8096 9440 5941 3277 10832 10268 3913 2144 12956 877 
59 5903 12959 2315 13943 2579 10727 10911 2231 3099 6119 191 4115 5195 111 7715 8055 95 3959 9075 6375 14583 11451 195 7599 3867 1611 4047 8283 10323 14111 9917 9423 14043 13827 9953 10923 4085 5681 7793 2105 14825 9389 245 6761 14103 6053 281 6545 11153 989 14201 12437 13481 10937 11179 55 3943 3487 7853 11131 3127 4039 10723 5023 7567 8287 14575 10231 580 7039 5275 463 8560 298 8121 3526 13238 6438 13560 1905 1413 10257 12096 18 7900 590 10416 9132 8362 13932 5582 2728 8961 4480 13114 8620 3318 9105 4396 10668 12682 10566 9018 5194 645 12076 10648 3194 3088 1382 2106 9501 8097 1094 2430 11378 13894 2817 4353 9468 9454 14109 1588 14224 502 1152 7098 3328 6444 11742 4554 2026 12138 822 10029 5424 2824 3330 6922 9124 9408 13449 11692 8460 1862 2364 926 1677 6129 3002 12933 6034 13378 3628 844 10305 945 10950 13612 14818 3922 4800 3170 14134 9036 2422 4329 5008 1222 9310 4406 4540 8322 7228 14613 12774 5430 14769 9628 7857 10158 13692 1665 13869 5820 9232 13738 14877 1830 11761 5521 4753 8852 14396 5792 2665 4508 14072 14509 4604 5569 3229 4825 5125 5072 1093 1597 716 9392 2533 8540 6517 12560 1189 14132 11509 11912 11413 6152 7705 9044 13825 12656 4525 6493 8576 10628 10177 8132 10808 9524 
4307 7767 6887 12071 6371 9659 5939 4799 11819 5615 6611 5543 9539 3035 7019 12263 5451 759 11127 1323 11283 2727 12963 6471 11435 399 8427 6663 1047 11607 6269 11823 9855 10143 1263 4745 13179 5033 12113 5321 13517 797 14237 12557 4937 929 3725 5657 2321 11105 9175 6295 749 1229 31 11251 4771 11479 1411 763 4627 11023 355 10459 9703 5359 3151 10087 1159 6847 14923 6199 10519 4269 3274 14890 8118 10377 9360 10785 6928 3454 297 8128 7972 13857 8932 4917 10966 10478 3106 3780 5208 5146 588 8220 8706 5616 5574 9902 14164 13924 14854 8088 10353 9810 12528 7178 3110 11296 14494 614 10926 1098 11169 1929 1728 8006 10660 4068 9518 11250 6057 7166 1730 8884 1884 3918 3382 5337 11974 11412 5493 2508 4810 5906 10290 3165 3928 14254 11518 13450 14512 10838 1228 8830 878 4378 114 9078 11782 7108 5865 230 7521 13884 10392 5548 10886 6990 626 2748 2574 9238 3184 12862 2848 8068 14361 537 5434 2944 3813 360 10818 10534 10814 7326 1761 9630 3600 9129 14985 1358 12614 9048 14874 13728 12777 14236 14684 1652 13141 8689 3200 6764 3284 12229 1508 14449 9080 5876 4957 10292 2168 5353 7664 6085 6512 3572 2761 3193 757 12572 1165 6757 13765 4880 5845 1832 8461 7825 2348 12637 4369 1304 11905 956 8336 1657 9889 11192 
9035 11651 6707 13007 11303 10451 10799 14883 4259 10187 11111 14603 14171 11871 1551 13751 11643 7419 12279 14379 1395 315 7115 2535 10823 1479 279 923 6929 1143 867 7527 12423 10361 10515 6819 1073 8897 6149 1037 12953 9881 2705 10815 4697 4181 8333 2573 7469 10433 9209 12151 12221 13529 3221 1639 7759 271 1807 5743 7435 6031 14383 1723 9751 4927 3823 10193 14059 7831 4375 139 14623 4591 11311 6823 9744 4260 7408 3570 9393 12234 13058 3816 13552 13626 5782 8314 4704 14169 9486 6234 13210 1624 13564 4188 6868 2541 8616 13948 372 11150 5750 5990 2532 3136 14284 6273 11092 3674 7653 1258 758 2366 12100 2530 14716 5448 10222 1630 6216 1078 11098 12408 9374 12597 8496 14482 13934 7174 5712 4881 4240 2326 7594 5894 5500 530 5690 3594 7462 14352 7142 12676 14206 12634 2650 3662 5109 2020 62 12880 534 11838 12890 3846 11428 8398 11038 6130 11026 1341 7994 9726 3806 3054 3276 14044 11793 4446 772 412 2018 1773 8328 7826 561 9273 13662 14774 2472 7366 2236 1824 11433 6726 11464 12772 1941 10752 14349 13778 13530 1513 2480 3776 10772 6236 13333 4364 1621 2185 5461 10009 3440 11948 5653 13681 6685 13897 6464 9649 9529 3092 7225 3920 10676 13105 13688 13484 5161 217 10136 8773 11725 5425 2509 11053 1220 7357 7988 11252 11792 10916 
8387 13919 9419 14123 13979 6419 12791 5579 7667 3267 1499 12047 2411 12695 10895 14607 9411 1995 11195 14859 9287 12879 11511 267 3375 12699 13991 13287 12567 2207 11487 2799 8415 8211 6111 4491 10587 3617 13887 5453 5897 5249 1709 1109 7097 10721 2009 5093 13875 14765 3185 9941 8213 3271 2645 7133 12713 13243 12499 8647 10975 9103 1039 13591 3007 3379 10025 6247 6619 235 13699 12343 586 13735 14671 6638 11011 3206 1466 6432 33 14337 1986 7370 6621 7912 13550 6554 11812 12072 8646 12174 1041 14606 5050 12048 10282 10562 14316 6240 1310 10452 11450 11560 12976 5730 11142 11964 13900 3081 7266 6252 1836 2184 8721 14721 4128 2510 11514 6256 14392 5097 189 7574 3789 13870 132 11524 3333 5373 5210 6192 13258 6744 11738 2158 13722 10502 3598 13012 12350 1188 9790 10228 12554 2692 3606 7497 549 3388 1990 4206 13437 11272 3742 2884 11198 14186 14362 10764 7233 2013 4524 14634 14920 13782 5976 8818 5196 4118 12486 3681 5058 7077 10197 7284 6986 8505 11308 12070 538 4046 2990 5985 528 12156 13604 8666 1090 12585 7328 10129 7558 9560 10417 10957 8456 10160 1393 2413 10273 4412 9824 9337 5120 1964 14293 11221 1801 9181 3740 4676 11000 6308 3392 3068 4321 2180 5953 9613 85 73 5816 3716 13412 6320 10297 3805 1772 5797 14869 3997 
3107 9563 5531 10259 5723 14159 4187 10955 10283 9431 12243 2559 14531 5391 9119 11975 5679 12167 10479 5259 11391 11535 14439 14559 6783 5355 14271 11631 10407 4659 6003 3219 14453 3317 1097 6207 6881 2211 12389 9077 1169 6833 3377 10013 11453 8681 1145 13325 11717 2357 8417 2119 10589 199 2863 1519 9595 5527 12727 13231 3499 5707 12883 7423 14239 3355 5875 7867 10279 14047 10879 12765 13281 14066 13554 9904 5592 14074 10242 8234 7754 11836 10210 11334 12376 1300 9298 6242 13922 3358 2182 1032 4300 2196 10653 14145 5352 7346 6006 9742 14805 8330 8346 8356 10402 1698 9822 12742 11246 11344 9108 13768 11458 11818 5890 5818 12264 12432 6472 630 8589 10396 3630 8714 38 11280 7504 11160 11592 4665 2400 6189 2484 4884 11510 7492 13954 13290 12645 13038 13713 11925 6822 237 4578 5332 9006 10006 8226 750 7332 9729 4890 6846 3874 6774 14080 6902 10154 14630 13005 7806 11162 6489 12165 10404 13574 12516 5200 13168 1446 10002 1017 11872 4442 9984 11470 4248 8856 6402 5946 2997 2982 14868 13732 6792 2162 7520 9032 6420 7132 8989 9217 4225 464 56 1364 13405 12692 3968 9260 10669 14672 14648 7196 5905 6253 2396 3733 3104 9457 11132 14245 10873 13784 4952 608 1645 8204 7760 13837 2821 12416 14209 7640 2773 11425 13820 8653 2984 
6935 7079 3539 5027 1607 11951 10439 7811 4631 7571 13967 515 6267 13283 2159 9203 8231 8411 5987 14283 2007 11955 11223 6867 2931 4907 9173 11319 13383 13191 2355 9003 12323 6951 7409 12771 41 497 11405 3845 12821 1745 4073 8021 1877 2909 6965 12797 9653 1757 473 13385 12689 5309 10613 12019 8071 12751 11407 2899 319 13411 127 11119 5143 11455 9463 11465 12271 1147 811 7387 12427 2455 11059 8566 3266 4149 9609 13470 7432 13974 7188 14706 11325 9292 4070 6346 6514 6244 12016 12830 13758 4041 9462 8066 14148 3201 6316 4476 8361 10798 14421 13270 1554 4622 622 7780 6048 9370 12213 4356 10036 14314 936 8409 11340 5854 6765 6184 8934 12886 10322 225 8718 8820 3834 6970 11032 11085 6190 13218 9537 4401 10034 6578 14121 3222 8722 6050 177 14154 13384 12324 2601 3794 4284 9150 3186 934 14326 2032 9694 3634 9010 12004 1281 13840 10557 12688 12576 3302 4782 12538 3590 3300 7858 770 8148 5206 13298 10188 309 8860 8914 13638 14541 4582 286 7833 1658 6322 5638 6637 9541 6904 13866 3565 10988 11010 3505 6865 13957 2497 8000 1640 2197 4484 5864 10616 3577 11521 8420 14120 10064 14485 13112 2701 37 11084 14341 10388 3553 5365 416 4621 11473 8900 824 13657 13705 2504 14197 10885 61 1825 5725 769 9661 
6299 8243 4919 2735 2619 5063 10655 4299 13907 3239 5087 12011 11315 3315 3615 1991 9555 13971 14931 4391 2235 6831 7455 4239 6531 12809 12783 3449 10031 14631 8811 11883 507 6581 3689 9531 7157 10457 10337 207 11285 10565 12137 14211 13637 13109 5429 11993 4049 10709 5465 12461 1985 9005 12617 7013 10543 5839 89 151 13663 3847 9883 8227 4315 12415 11563 9943 871 1183 3715 4279 13615 12691 4111 11658 6410 6393 261 9434 2136 6462 1478 5530 5064 4425 9324 14404 5090 8244 10360 12218 3657 1802 6894 4690 9858 12678 7608 5556 12206 4504 6912 7334 11474 11062 7617 11260 234 3146 3534 7348 6232 11706 6633 11102 11448 2042 9874 7730 801 12429 4698 14100 7602 12600 1572 14850 14346 4034 7300 6482 12266 2337 2064 13704 2262 5428 5700 1564 10186 7185 11270 10492 14560 10822 4053 6730 2254 3537 9264 12386 7893 4449 3856 2230 3986 8978 11154 6770 13834 10722 3633 2592 3294 9038 6816 6364 5748 10096 12040 7042 3220 12822 7870 10874 982 5106 933 676 14784 2404 4108 7802 14978 10550 2408 11748 3249 4060 8157 8869 2312 11754 9660 7081 9289 4177 3080 1261 2653 9481 5677 5989 7172 13808 5264 10789 985 11353 4424 3433 12349 12013 1537 10621 13148 5468 5545 8408 2617 7837 10244 9188 6109 12889 4045 10724 2816 500 5060 11185 14084 
3179 3971 5783 8939 10979 10703 5951 14027 10571 6291 7031 14987 9611 13895 6923 2027 13911 14051 3251 13059 2391 8039 9135 6339 2147 12723 483 627 12327 14547 471 6939 10383 14979 13167 9437 615 3977 12833 11141 10865 14405 3305 1817 13097 10841 6365 10601 5357 2873 6845 9617 5141 4159 653 5047 2777 3619 9979 11047 13123 1651 12331 3751 8611 6631 11431 5059 7351 5863 11911 3283 7591 10711 3700 9960 1482 8994 252 11890 12021 10378 7152 3694 14757 12306 2812 6982 1120 12726 10714 14800 3434 5242 4816 10852 7896 3708 8422 5594 14538 6261 270 6220 2104 11268 6094 6540 7812 5640 10526 6453 4354 4725 5488 14822 1608 11482 6838 3960 513 14520 7302 14289 14286 14748 64 12574 12902 3386 10970 8166 10113 8880 8822 597 14565 7305 3604 11494 5342 2680 11386 13650 9484 5502 6630 4682 7401 3033 1430 12393 14968 5013 3858 11426 13876 354 909 5982 5280 4482 3930 9142 748 3180 11028 9130 684 7418 2490 1954 13886 6906 6834 14986 394 408 4278 2388 1012 10226 3422 7138 5901 9745 9085 13524 2986 5245 9349 12008 12632 7448 1388 2660 2432 1849 14540 9104 11257 7496 10801 11708 5444 7364 5780 11149 13064 2833 14756 6416 7249 10652 10285 11504 8485 6097 2528 9073 7556 11401 2953 2708 1196 6793 2744 11060 9229 6901 2461 
9923 7067 13643 503 5927 8027 2255 3791 539 2951 2063 10739 13091 671 11603 14723 1235 5895 11043 6219 12227 13563 12951 1287 2307 7683 11943 7095 1025 11859 3231 10623 11471 13659 8237 4325 7263 7613 3461 14357 6677 13565 3005 4037 10915 4625 14957 3293 12965 3869 8465 7301 3809 5477 7865 6773 4205 4951 845 12185 6895 9247 4099 12115 5227 7099 7471 8671 7267 5731 367 1939 7675 12799 6103 2491 10780 13242 8196 8998 4860 9645 2790 11770 12940 6585 6864 13132 5412 14409 952 8478 13942 14373 4910 2522 6537 13264 8025 13034 357 6694 13464 6996 4324 9362 7161 8445 8937 11998 9213 9194 8570 2380 5284 14642 14928 5394 13113 13161 2301 802 6460 642 1370 3076 12628 398 13816 8298 12334 12789 6321 6628 13104 10326 13329 14608 12066 3384 10350 3338 2577 1130 13060 13701 14592 8520 220 7834 4533 6010 8061 8272 10548 7120 4790 7552 11630 6826 5962 11757 14562 4404 2582 12010 10890 14870 2870 5205 1176 12466 6108 2090 4546 6622 8734 12470 9118 11632 10101 5824 4276 8786 386 10554 2324 14925 10300 210 14656 5257 10825 7621 9565 7441 13832 8449 6424 1244 14708 5384 9992 9572 11900 11953 5029 6853 7304 11348 3512 3416 3812 344 709 3296 6584 14792 5552 9848 12332 932 14833 8317 1628 3049 992 6608 12613 11672 10945 2869 440 
12251 9887 7415 5603 8207 9359 8783 11267 6059 8559 4439 6959 3395 7679 12747 2519 12495 11531 2103 4143 3531 6263 8679 243 2975 9759 3003 14885 5199 13695 11595 3123 7275 1505 135 411 11931 459 3077 4059 9821 8189 1433 14441 11501 14249 7805 12449 10023 5801 13829 11237 737 4519 5239 1963 8525 10855 3895 10135 6319 12127 14827 5887 14299 6187 7147 1435 5935 10987 10759 2239 969 8112 9583 13146 4870 13308 6285 10134 9477 9218 2188 5762 1958 12369 14518 5529 9801 10738 5304 4946 5740 5116 2762 8188 12602 11316 5298 12650 1246 12694 7006 4842 13084 11772 4744 2712 3024 9866 8250 352 11390 9982 2058 9306 7840 2800 4392 480 646 14114 6054 14260 9261 1250 710 4122 7480 10978 6861 2829 8092 11608 312 8064 9141 3412 1569 5553 1170 13917 12681 10140 12638 5404 1320 0 7170 2966 9072 8208 9198 7206 5862 6530 5506 12525 6468 5868 5158 7984 190 2846 14446 2352 8546 6609 13618 7476 14376 9861 12062 3924 2586 8925 760 8728 1924 5338 1716 11306 7324 12182 12718 10754 9050 12380 8866 2218 12778 13070 8924 3205 4261 2912 4969 10981 14420 10682 1957 2672 6380 5924 8161 8432 5737 13717 6860 10501 8017 14936 8648 2564 3145 7868 10784 3085 5473 1921 8401 10033 14965 7748 11828 11204 12884 13285 6992 12608 5348 11197 12577 5108 
14399 8063 1631 13559 9383 10907 4763 14543 9107 9915 13331 9543 1095 6579 2651 3659 14135 2675 13419 951 13515 5571 11351 6627 12507 9651 3363 5667 1155 10707 14513 9147 1059 4887 14331 14127 8933 6077 7733 11513 4097 12413 1397 14225 8633 785 5405 7481 12065 14309 2933 1421 8477 10277 6065 5779 1603 9893 6223 12943 10423 1399 14419 9571 6355 6763 8599 2575 13015 12643 582 2599 13507 12513 578 6943 9542 8740 3069 14846 12496 444 11766 7749 8378 5438 1704 14438 9741 9972 6678 12024 5466 11842 12012 4488 13152 1065 12806 9138 14454 10072 8769 12672 10010 5030 12057 4658 8680 6016 120 8376 11865 2150 7056 1068 8752 1742 2265 861 11604 6506 4596 12730 7610 10626 1113 873 3758 5702 5390 6760 4600 10150 9921 14733 9456 6660 11496 1485 3282 2568 2668 9808 9986 10620 3936 6602 1002 7050 6196 8846 5364 6082 10497 14301 14397 9585 1936 11920 6802 1074 7094 4528 12662 14976 10816 2772 66 4545 900 10742 3182 5709 3372 14652 14662 7252 10812 876 13982 9120 12038 4372 14794 13872 14462 7064 842 6309 1360 4208 14924 13513 3613 2156 11533 4333 7964 1501 2264 8617 4189 7208 4664 13772 5084 6733 13928 788 12733 13249 3116 776 11108 12860 2929 4357 8509 14852 14821 14557 7796 4616 12745 12308 1448 4940 2989 5828 5156 2449 9668 
7907 7979 11591 6359 7487 7103 13343 9155 13295 9011 8219 14195 11891 10271 10943 3579 8531 4191 1355 12015 2739 3147 2963 13223 1779 6567 3423 11031 11751 6293 5271 387 5079 9255 7539 13397 4107 8381 8907 12183 12353 4337 8537 6461 1289 7875 11537 6941 5201 11165 2465 4793 14033 3341 677 7159 8143 955 3079 11983 1819 12211 4195 9115 12055 859 403 175 8299 631 511 3415 823 1461 6170 262 10694 13029 3458 1128 5042 3314 8082 9166 1898 13953 11985 7190 7766 10126 129 1822 1896 11794 9574 2142 3753 11680 5450 7353 10898 7776 3546 2102 14738 13936 14712 8618 3009 7269 10070 6446 6492 2534 6340 12417 13353 36 4510 14378 446 5294 1322 14208 1053 9912 14570 7002 3228 4850 11217 12094 13260 6750 12312 4806 11980 10461 12966 4072 6052 1122 13086 13665 10689 3921 216 5102 2097 5866 10632 1178 5104 7962 226 2241 460 7024 13846 13606 2934 9993 13326 7638 13996 1764 8788 13372 7677 1194 6028 5346 5880 14916 134 74 3240 206 7884 5793 5085 5001 11242 5954 5786 3225 9961 9508 7886 10573 14881 3685 8797 13561 3133 9841 4612 1141 284 11209 9620 9548 4916 8137 1952 6680 7508 1477 4309 12553 32 9205 10508 7141 7165 12128 4724 7916 14605 8497 553 11773 5329 13076 6296 1184 3224 7861 11096 10232 4057 
3071 12983 2867 10127 6179 14411 11867 491 2267 2183 10043 5651 4559 8435 887 2051 6279 1211 8691 1139 8855 2087 5339 13187 4419 1899 4359 7859 9183 4683 8115 5955 9219 2367 13203 3299 2999 12663 11787 831 12675 2259 12099 11579 14643 1371 9939 14247 6281 7323 11235 2943 8367 5415 9231 11619 8645 14187 6795 1791 7839 965 293 1805 6173 7707 7373 13349 4 12197 6353 14285 14933 317 11523 11729 5165 9137 605 7589 4731 5597 13997 14177 1481 14693 11561 7771 10783 5129 12811 5633 6953 7529 6497 3257 13063 4915 11057 12307 379 8047 5899 13555 11419 1219 2671 11275 12607 4291 1615 8359 10063 977 12895 5479 5791 10912 10039 12979 2551 13603 2983 11935 2272 5378 8635 14328 11654 13198 12808 3504 10830 8044 3448 5874 10017 1096 4162 6174 8436 7318 1473 7140 7416 9182 13066 1101 2374 1612 1536 13356 7758 486 10962 11734 1006 8278 7582 8430 12030 730 12282 2386 11866 10716 12249 4824 7752 13158 7905 3682 10365 1060 9417 11122 6142 8016 13800 4452 7246 278 3472 4294 8110 14008 3074 7104 3288 6268 3890 9794 14220 3192 3010 13008 13209 14092 720 11862 612 14601 11928 3938 7830 5402 14937 7642 7785 2406 10041 13174 12330 11616 6210 441 12081 604 12732 3414 3028 3820 14610 400 1749 14418 1674 9766 14229 3746 11282 5716 7365 5218 4394 4322 12084 5958 2560 13000 9076 864 310 2232 11926 13452 4598 3496 1224 7564 8524 6106 7048 6954 9700 13918 11434 12686 13572 10893 11844 14440 3948 8554 2868 5014 7584 554 4438 2962 1566 1428 1684 806 7706 13608 6096 736 11716 2085 2212 7596 6528 4900 8470 2160 9778 6270 6798 11350 1758 7274 14234 672 4486 3502 3914 9686 14926 9000 3429 304 9278 1416 6494 12642 12166 4374 4809 7514 2572 12394 2010 3957 4992 2486 2782 4110 10974 774 840 429 7390 12522 8920 3244 7516 13386 8652 2458 778 2476 7904 2448 414 3364 1766 1440 4064 5974 8737 5221 7526 13506 5086 4114 8233 6956 14324 1328 3061 2917 9097 248 5413 7309 13964 12361 3961 800 4520 1976 14017 2677 817 11065 6589 9589 8036 12241 3469 11996 9344 2216 5641 428 5372 1237 14137 14240 7940 10052 7729 12764 14804 9397 13225 229 13016 4849 11017 10525 3157 6248 12896 1285 2840 1316 5396 4345 9944 2252 380 9853 188 632 4117 272 9265 7597 301 14660 2036 5948 1940 3800 2492 12500 11156 1009 10568 6896 3793 3865 9968 529 6572 680 7957 7873 5096 13777 2888 
7775 1547 6647 9143 12143 14015 13595 4607 14963 13031 1487 8195 6635 5411 14391 3503 443 12659 11271 2807 9263 6027 14339 1119 11763 3065 1707 9903 13871 1071 12347 7335 3599 9071 11091 5595 4767 2603 5523 12051 14415 11355 9999 7059 13539 591 14535 5381 13227 779 5015 5655 7433 53 2403 6543 9579 3987 10311 9747 5811 1553 7827 3437 10253 8141 14117 3581 7011 6029 1457 5993 8357 6521 9845 11801 5849 2237 13805 1613 533 9761 12869 7577 7553 7313 7061 13289 11909 14887 9031 9581 11357 3451 14657 4483 7819 8455 14491 14081 13399 5443 13471 5263 1315 13423 12667 79 13495 10075 1531 8011 11599 883 7003 2035 8983 5167 1111 799 5335 4831 8827 3631 5382 2851 8731 9549 5959 5983 2095 3574 4912 13766 10710 4668 374 10545 11894 1350 10428 5562 4638 7194 13050 7665 100 12820 14068 2220 9070 678 14930 11394 4857 5314 1166 8644 6672 6024 10857 13065 12958 14356 2284 1978 2536 6570 11938 13202 7684 13358 1276 3810 14070 9406 9429 11292 7204 10864 7989 8796 13344 6000 5193 12986 4882 7581 3045 11586 14032 1437 14182 5577 3130 11298 10252 3426 726 12298 14589 11138 12054 5476 5736 10638 10106 4101 7634 9338 7804 13185 5392 828 3886 4982 9444 8928 10941 1418 3084 3262 14217 13842 1108 14668 14433 981 3814 6098 3357 3230 10454 6525 5328 12292 4716 13462 2457 3117 4462 746 9414 13708 6546 522 14574 4773 628 2940 2004 8440 12921 6114 10162 2778 11342 180 13106 10470 13674 9514 12465 12258 1932 4024 3609 1869 4785 4344 7186 8926 5949 1653 11877 510 12856 7020 13446 10518 14558 2440 14793 14766 8808 11930 12458 1226 3950 7606 7360 6794 13845 10894 2110 10726 9576 7917 2970 14781 546 850 10298 10178 11568 12993 10992 8922 2826 7862 14566 14386 4984 14464 4056 2774 1946 5829 4250 13173 7866 6398 9276 7800 7384 14918 2697 11878 186 6938 4410 6208 14498 2877 3697 10306 10424 5970 1770 7882 14466 356 7472 4052 2466 2248 11752 4066 3788 13549 11072 7724 7969 11758 6942 212 11744 4844 9325 5833 4256 12428 4813 14252 2108 13316 2960 11113 6224 11701 12397 6145 7369 11893 7057 9817 14725 2060 8468 14161 6673 14312 14264 11396 7808 14797 8732 325 13292 4292 14768 2293 4748 2713 7297 3188 7573 14221 3661 937 7177 13676 12265 8192 13532 2372 5173 10040 13345 4232 10124 14600 812 10352 11768 5840 2005 13165 3452 2696 14192 10712 14276 14773 12925 901 12469 11024 11564 5053 9980 1765 13376 9956 1736 1208 
13439 6155 5123 13067 227 12551 5327 8471 11687 7379 4667 14975 6551 12231 9851 10691 11759 9587 3347 9971 4167 3023 10991 3707 11075 375 14795 14711 4335 10395 2699 3 13467 13145 14751 10355 14007 14955 2703 3255 4563 1731 3135 14055 2295 1203 3771 1275 6701 2715 10683 13839 4719 8511 14895 231 6399 13863 5117 12245 14393 5331 12737 9557 221 5343 14079 5295 8573 13147 14921 1721 11129 2633 12665 6245 12917 3929 12843 13733 2981 7361 9461 3629 4313 2297 11945 10877 7925 13265 3797 6917 2429 2801 3559 2945 12631 3665 12283 4327 6401 7339 11753 8695 9499 2191 13915 14755 3175 1783 13711 14731 4651 2059 6019 6523 14371 3427 14563 1495 9 14323 7699 6379 535 11623 11167 5611 14707 2862 7291 6654 2779 4156 2726 3210 13312 3460 1644 13545 2496 11538 10246 8992 6060 8997 8896 13272 9914 9702 9796 13494 4948 766 11536 5814 11176 9390 14510 1102 12657 6286 7818 6674 756 657 12502 4953 13653 1702 402 10821 4332 2618 13646 3556 7545 7438 11274 198 5925 2270 1845 4548 14380 852 13394 6478 494 1500 12570 3768 4624 2898 12534 1218 6026 5652 12746 10230 3418 8902 4989 12018 14542 13296 14734 5758 9453 11622 2122 13838 11469 13750 10774 10882 1036 5410 14625 6522 336 12036 8584 3100 10413 1198 3638 8334 14745 9730 9153 8654 7176 12398 12952 12693 6513 11136 5494 6626 4626 3030 13233 13617 5452 5301 14982 5002 8218 4656 4768 9058 7250 10348 3177 7464 3954 2562 3782 10644 11248 12698 10464 13300 12132 12573 12333 6814 456 3672 6746 7737 4878 7641 2428 138 3258 156 940 9938 7022 714 10512 10182 792 69 1870 6753 13824 5733 11349 14196 9274 8506 11934 1718 5800 2070 11080 8836 4274 2938 2596 3868 3342 10234 4594 7852 2757 8550 13878 1356 8774 10174 4413 7522 12046 8318 13730 1944 3864 13389 12717 3774 7881 14049 7708 8817 10584 436 6801 7128 1953 3942 7958 8154 6312 4618 12388 13256 8001 11314 2998 6649 10909 7945 5377 13509 14732 11913 976 9768 2588 10429 6385 7741 4244 434 7524 3013 8948 10777 14012 10892 8197 14696 12025 14941 2053 1868 265 692 12205 6692 11432 12476 10076 12901 9368 3524 13544 13664 2137 11840 10952 14300 7501 589 1472 721 97 9716 2600 2521 12049 4688 14972 6404 3884 1033 10760 10364 865 14281 3596 517 1885 8221 8444 13441 9740 4069 5852 8768 8101 8972 9937 14389 11929 13453 6181 2941 3332 13369 12392 1225 6932 1340 10753 3241 3872 14048 14636 7717 6056 7244 10844 9769 6949 7160 
3455 767 299 4691 4151 5555 1379 5379 10343 3611 10079 12179 14267 13235 7431 13271 7871 8379 11835 8139 5759 10359 12431 10391 5739 6755 1647 6491 13803 2895 3755 9311 14223 8327 9695 8355 12387 731 623 9723 5547 5715 13815 6759 11991 14019 7901 9459 3887 2135 7863 10599 2871 4623 1683 6099 12365 651 13527 12275 11273 4349 2439 2861 11775 87 11837 10805 11045 833 4289 11007 14381 12087 6255 1913 3677 8093 8825 9641 1589 8753 10181 10901 6869 13841 7325 7025 14873 7349 485 2693 9919 4613 3329 2475 7903 11309 1865 1507 4409 6989 2563 9187 571 1099 6079 13927 2179 5395 14647 295 14395 1915 14287 6163 4507 5683 12391 9079 12139 4123 8443 8347 6571 14431 163 3919 6007 2203 4903 570 10206 8407 1267 12067 1022 9170 13432 1140 12358 9007 14865 8236 11068 8242 8988 7932 8938 8306 13250 5650 8764 2289 4852 2421 13756 13396 4858 8946 4360 12906 12748 7221 7396 9526 13966 4629 5601 14649 2066 358 7005 4905 2685 1786 13821 14302 1578 7450 14829 218 11402 1214 12126 3588 5181 10086 2446 8464 9300 11830 6324 13672 12078 10938 4770 3717 1617 13944 12734 8601 8534 1840 10089 1826 5846 4934 12069 13862 11598 6898 2014 13048 10110 9880 2398 10788 6250 7070 6964 369 5088 4588 14112 7296 9214 14038 8668 8169 1062 170 8606 8246 8526 4126 7456 3232 3393 11018 11784 6718 4764 13164 2770 2414 2076 4444 11596 4606 1984 8210 285 13482 6014 10264 12854 1506 7600 2616 11376 7848 3878 10622 12962 9736 13440 13322 11128 10612 6858 6806 8388 280 2356 2402 7454 2436 1646 93 1530 10026 12045 4236 2426 14529 10176 633 6058 2250 2968 2930 2242 2978 5426 12532 11572 4896 13882 10876 13648 5334 7092 9621 12784 13382 8522 9634 76 9228 2234 12926 8638 5926 6318 9146 4581 2469 7512 13476 10762 10761 2322 11906 5726 12714 12621 7878 14388 10888 1366 1086 8630 12002 6950 978 7528 13998 14776 14496 14654 7293 910 4400 9230 9770 12757 2900 8557 5336 13237 6300 432 922 4136 10736 7268 10880 584 11008 390 3680 9601 6848 1412 13789 8173 4009 10309 13033 14288 1873 2881 2444 6188 7676 4280 5540 6061 5041 4904 3164 11924 5113 5516 7592 1369 7213 14473 11437 1460 6272 14929 9193 8845 121 12080 13496 3349 116 1544 9488 3308 12853 3037 3541 10453 8300 5648 8324 13585 5209 2329 11245 14576 1585 5960 7856 7580 7465 2209 4640 5497 3589 3337 12224 2581 6332 10688 392 3608 9356 3901 764 11569 10196 10993 7952 4652 4789 14233 68 
14891 11843 7943 1079 12395 9083 1223 14759 5627 1571 1751 407 2099 5099 4883 1007 1799 5291 4979 12035 2471 1727 9755 1695 5439 12147 14639 8091 10119 3575 6147 291 983 5775 12195 449 4395 7295 215 13635 13787 11403 9315 12063 11897 14679 14691 4071 1895 7803 4011 10275 8255 7779 3269 10899 8547 11055 10959 1131 10947 999 11559 11307 7937 7745 9293 14715 159 12749 6329 2921 1637 5499 125 12941 7851 761 2177 14861 891 12929 4529 13625 4973 365 12471 11957 6903 10289 1253 6689 5873 3917 8501 5177 2081 7217 14981 6101 14851 4303 2623 14143 11767 259 103 14611 2383 9955 13135 715 8707 7795 7171 10159 5491 6343 10015 10399 343 13819 12703 14863 7063 67 7255 12043 12148 931 211 11995 10843 5635 2313 8659 7970 4522 448 11650 9290 11946 3897 2193 5568 7630 9849 11880 2502 1614 3006 12828 3894 8532 9828 2292 9976 12396 10312 9868 2498 13017 12270 11841 3734 6336 9388 10906 9522 4714 4173 12810 11440 13538 9616 6969 14414 2730 7689 7934 3549 7570 12922 5760 11258 240 12108 4509 6712 13200 7910 4320 6854 5610 13749 14626 14280 640 6666 8494 8056 11578 3153 1605 2758 2745 6112 321 465 13754 11126 8913 9117 11208 2006 1788 10125 13720 1780 1696 1874 1654 4314 14478 5478 6966 4869 9450 14796 9762 1302 9832 9814 3786 1106 14834 886 8517 345 12666 3885 3198 10498 4962 4864 11718 5474 11992 13486 10276 7936 2074 6 8280 8858 8080 11914 9448 8098 5850 2838 1282 8484 10324 12430 3984 4120 3790 10650 11230 14104 14136 9856 14526 14736 14210 8469 8290 5694 8834 2332 892 8052 7230 2049 2942 9201 1680 14214 5397 14638 7894 11721 13390 4432 5409 9720 8838 2946 9009 3381 3190 14046 2164 13734 11733 5349 13666 556 2442 7922 8529 2776 2320 813 9045 12924 13980 1754 1426 5692 2434 12134 2170 7722 2642 4104 11202 12472 3952 11444 12616 14760 8608 1332 10030 1114 10634 12518 10617 13642 10740 1444 13994 1449 5724 4204 5080 4797 7996 14878 12482 6302 5198 2305 1376 13189 10597 7725 904 5082 10173 3721 8941 12320 6697 13417 11006 12578 9637 3481 5533 11012 6644 2545 12445 7616 3121 1052 1309 13124 661 8965 10897 8077 6133 4376 6997 10477 12073 8473 5144 13741 10837 6620 14305 10393 10016 11089 6277 92 12841 14893 14828 8600 4693 12968 13004 6200 3853 10765 908 10405 12740 7669 8624 2456 4429 2281 9877 4628 11420 1592 1724 10100 9752 620 8605 2192 2317 11689 3601 3877 4441 4112 1160 10868 6721 2977 7285 12517 2012 601 10148 14077 9212 4609 8545 8809 11749 
12239 11279 6275 1655 4943 5471 14651 2075 10007 11855 3875 3731 8351 7331 7055 8639 8603 13391 8087 13847 3815 10331 12803 10595 4287 359 8627 10151 11507 14843 11783 13619 3827 6879 2687 12915 14919 8007 12407 5511 2091 4031 3557 7403 12867 5463 13095 7359 3759 8583 7623 13071 4967 7131 2223 9483 8103 9159 4791 4611 7563 6195 9663 11703 4431 13371 10121 13299 5393 12497 13793 14753 7421 3605 1947 9701 11441 3149 3067 4601 5861 4899 5573 7181 701 1027 6137 821 13779 1937 14525 1733 7661 1685 6473 10505 4277 13961 11741 12235 6271 7939 1133 5273 13373 13301 7229 12247 13207 5563 1627 10411 13651 8179 5119 10807 3163 5191 6835 6979 3019 10735 14839 12144 12679 6139 5011 9930 5551 12463 14767 5311 13075 5647 3516 5203 8122 10596 11332 6642 10828 5584 13098 2181 8538 8194 9604 5318 4644 14052 7536 1392 14020 8602 12775 8990 11826 13392 11110 9240 14942 490 12093 9674 202 9442 11214 8968 10848 1552 4096 870 2390 13912 10658 4384 14686 2718 1648 2340 7096 2994 40 11422 6662 7732 1330 7990 8766 10713 13406 2686 14 5634 5098 11870 14308 664 14892 12918 7242 12978 3052 110 10260 3417 4950 314 1908 2148 5296 3892 3850 9658 6892 2046 2956 2721 96 2194 1838 12276 12192 3988 4164 9474 14726 11148 5289 1422 3090 14004 14188 5884 8481 13689 1558 8826 14594 3852 5620 10698 5742 12754 5368 11726 4398 4362 4654 2205 5817 9994 9916 12142 11736 11356 2224 7 6194 13442 9322 3376 10564 94 3286 6994 3958 1720 7714 14274 11577 9854 13176 14505 10608 10725 5546 8392 302 3808 2217 5278 7173 5950 2952 3362 606 7686 11688 4534 2109 10053 690 6501 8634 11196 3166 3666 12478 9046 3934 2214 1230 5788 6310 1216 7980 14534 14872 8544 14470 814 13068 8662 3900 1434 6314 282 10514 10594 885 7382 2590 430 3946 11910 5784 5973 4106 8614 14740 10884 200 4065 13598 7072 4804 13874 13864 550 4202 768 961 7892 6946 393 11086 3802 4732 10948 6409 12284 2478 6908 4794 13582 9898 8548 6973 5065 11168 13436 10316 12384 13172 1117 2228 11041 1405 12301 476 4532 1909 13580 2552 152 4496 6457 6524 8804 9517 7568 7153 10849 8144 4945 11756 1916 7609 7537 1045 920 11389 10220 8672 4328 9140 14845 12277 3073 11977 4741 14353 1561 11 9416 6985 2852 3560 9109 11600 5696 9673 8504 5269 5180 8048 4124 1789 9301 10256 9985 9920 13628 5857 13693 3757 12236 3925 7093 7256 14216 841 7316 4016 8312 5276 7801 6361 14497 7424 4405 12385 6937 5821 
13151 5051 3063 2 11231 11423 9947 8687 8459 3803 335 11243 6467 5351 13319 6599 9435 1055 8555 10631 4235 13019 6251 12563 12975 13767 7307 5699 5043 10763 9975 10319 8795 9987 1871 5147 7491 8739 5735 13587 14207 1019 2631 13443 12171 10503 6363 9339 5091 11379 9963 5975 2247 3183 7959 13899 10131 9779 8307 6555 12233 2427 13743 3663 4469 257 1191 4949 1601 13913 9521 13205 12977 975 6017 1565 8009 14741 17 13589 8201 5921 6737 7049 10037 10397 1335 4373 6749 11585 3401 10445 5645 9833 2453 8861 11659 5609 3245 14597 6197 6005 7277 9295 617 4351 13975 8321 9415 10339 835 12199 4399 11887 14095 1075 10111 7195 1327 7051 13027 5515 14959 3931 2347 14227 7579 10639 10747 7651 7459 14479 11239 10602 13144 1687 11719 1470 12175 1512 9750 13332 9336 10980 8130 13987 244 4270 8798 8426 14364 8954 1914 8302 5997 9765 3466 6684 8146 2620 8184 10054 4298 5325 4456 3297 6348 10250 9364 10120 3132 14524 1476 4920 11810 4821 12442 10480 11044 2632 2794 7938 1286 3078 12786 9208 6069 11506 8568 8256 784 6984 1005 2529 6998 11022 7144 11860 3766 4701 13677 8400 6588 9256 14230 1396 3120 3477 10254 10248 8008 5362 10960 4740 4602 13294 10666 2606 4138 10118 5886 5757 8344 11362 1848 12326 14318 10636 5232 14710 10920 14604 3324 194 13014 3174 8673 8750 14832 8373 14853 1149 14222 3854 6120 11488 3532 10766 6520 6358 4502 6566 2798 13660 2025 12190 8889 364 796 6549 6498 12074 6225 2928 3646 6018 10382 3336 5944 8793 13204 8700 7116 12852 14200 13718 13330 11774 12654 8446 4116 442 208 7329 7586 4257 4408 6369 3360 1158 10720 12318 11848 742 13368 1668 3498 2961 10968 14090 2169 1725 1288 8510 2126 14037 1329 11277 10686 8841 2488 3540 8637 3866 2296 13454 3178 13526 5630 1756 5940 14814 1828 10166 7452 2244 514 6936 14238 4737 5798 4610 2974 7036 10302 6820 9082 1084 1089 3756 882 4000 9286 11190 13461 10180 2276 4617 4414 9025 6370 10586 2857 9656 14812 2096 8180 178 972 5697 2694 13273 6836 13916 7712 10340 916 3548 8708 5557 14065 9284 9901 445 10333 3109 1040 1904 2893 14581 12193 12625 11468 6140 6073 9176 6769 4921 4933 11809 5528 14444 6625 1064 7052 8084 6373 14000 12716 3001 8888 12289 9332 4772 2365 3781 10489 3128 7117 3373 10741 3056 9428 337 14624 1928 4717 11737 9860 1777 13244 1712 8521 14761 805 14384 11917 12068 2017 3620 3025 12188 13297 7088 1177 11960 10580 10549 9625 14653 8216 1604 5168 7381 2360 13501 14809 668 
3215 9683 2375 11987 13427 14423 5771 13431 3527 23 2291 707 9935 12383 527 6851 13103 6927 8519 11555 2915 14951 12363 659 3743 7283 5423 8315 3335 11175 6387 2859 13623 6675 7407 14087 431 8771 9095 14403 6519 2811 5831 11583 9479 10071 6431 8331 1311 819 6159 2621 3891 8439 5883 4251 10059 14967 14307 7883 8561 311 12987 987 10307 9795 4539 4455 7719 5441 10373 14619 14609 5561 1901 13925 9377 3651 11093 6723 7169 9317 5513 6509 13025 3533 13949 4995 12785 8585 6449 1841 7457 14463 1493 10001 1673 11899 7601 1471 4241 13049 10385 10349 11213 5587 1303 3103 8743 1661 7087 14911 3691 14011 6151 9523 9451 11863 11443 5539 5995 12919 5755 2251 4531 9823 12907 14587 12547 1591 14167 6739 3187 9067 8515 3871 11695 3331 2971 9636 12007 2995 13531 6955 7927 12150 9094 13788 10003 11829 4152 12146 6934 3621 13425 12444 328 2416 13434 6580 14358 10506 6280 4473 12237 8542 8073 1782 4306 8950 6586 14754 5518 6612 7486 8340 3172 4166 5560 1814 5100 948 12412 4684 2702 8370 13408 7314 3744 13080 6246 6074 5416 10156 10221 10858 13360 1008 10486 3558 5658 7498 11937 14682 14582 1384 5598 6592 13896 14181 3321 1593 2764 3561 11556 11678 6830 8844 11140 340 2566 3842 8712 12364 14938 2145 7636 11490 8326 2362 6856 14394 8710 9465 5164 9114 8985 6090 12790 7605 12594 10624 8214 9074 794 8390 14964 12566 4094 11302 12744 5006 5310 6756 11638 7682 2258 2656 7593 6274 12297 9136 11698 11970 4902 13438 5853 14110 10504 8486 13018 3993 7842 7845 7150 13212 14841 9718 13458 13350 12158 12322 5481 3904 3714 2752 7322 7590 624 4458 2462 3410 6226 7041 508 6952 2100 2354 5062 2470 2130 8610 6758 13830 13814 438 112 1926 8490 7461 6474 6430 1670 7278 11310 12273 10142 4062 3796 3280 3261 118 9772 14980 172 6422 1342 7890 7101 2260 7557 13302 6910 10642 11868 13510 12256 2985 5922 1233 14810 9774 7286 11193 13502 5272 1161 6909 10098 4282 2460 9285 10537 4786 7386 14772 8656 1950 13860 9669 2874 4460 14001 3973 384 6396 4792 2134 5892 3908 10369 9536 1345 8113 11004 6366 8744 2972 11641 13616 5761 4141 2785 9385 20 1201 1693 13220 2269 9013 10261 5936 11365 5624 9200 10729 11821 1837 9973 11605 11660 6884 10861 14413 11240 11324 6541 9133 313 13208 2648 4165 3212 13520 3752 7340 6164 13088 9128 6968 793 9056 505 4393 11593 11989 14720 8588 8881 7981 5744 2516 9764 8240 7645 236 11713 1717 4537 12596 4304 3937 10609 10904 8665 8629 14336 4028 10165 5629 11732 14533 10093 14516 1441 4273 13993 1292 
5387 1703 5519 8099 14387 8591 12683 6659 6347 11399 13259 5891 9027 5435 3383 4655 155 14451 4727 1427 12627 5795 4499 3203 14847 8991 6443 2831 4895 12111 1271 7835 7503 13511 2115 10863 9743 14579 10827 2763 13551 6687 8967 7071 1383 3351 4707 8859 8667 11657 9243 795 4851 7923 2319 183 4227 13323 8271 4169 1583 2417 581 3903 6063 3495 8693 2823 5909 9905 8705 1217 9677 903 8129 113 1541 5225 8945 6377 3641 11261 3833 521 5957 8765 13215 13613 8273 12509 10985 11201 5057 13505 6605 11609 629 7037 8513 10757 7951 11825 437 4025 557 8995 10207 12079 8899 6391 14803 11875 6859 2287 11515 3583 11383 7747 4603 7123 11263 7889 12595 11851 6787 11491 12991 1375 3763 14971 2611 6698 2935 1543 6408 7603 8949 1468 7440 4615 6924 7977 11709 7084 9106 14025 14450 2700 11670 5526 8688 10245 1504 4938 3832 196 9490 14718 1598 5774 9838 10278 9588 744 8572 8776 9100 10692 8013 1610 14517 1414 1842 2116 106 12420 12194 11025 10122 2037 7210 3718 10466 5532 9156 326 6790 6738 1324 12729 2716 10485 12290 6466 13614 1977 8704 10038 662 5590 8966 14262 6076 9369 3108 12782 1386 6249 4346 306 11956 670 2229 5110 3822 930 14320 8142 7782 13818 13770 2358 6862 789 3888 10718 11954 14742 9110 3306 3436 7588 6070 213 14932 506 1545 762 14253 8380 12564 4190 10706 12950 7248 4830 11724 4461 4706 4662 2954 2438 11094 8274 9990 4368 14596 2166 11904 10284 7704 7554 8428 12422 942 5790 9662 14836 14194 13485 13826 11808 12604 14340 1290 8414 2854 1326 7392 7546 7425 1072 650 6266 165 1490 1584 13694 14974 738 1132 10468 13374 2820 1540 14086 1833 7646 8320 5978 1734 7518 14040 10881 11722 5433 8002 13078 4022 2649 2578 4660 14460 10212 11570 14778 13072 3256 3278 10185 610 897 12064 12345 2690 8498 6186 3218 2481 5052 13293 7078 9504 7810 8661 9690 5078 9789 14242 9670 7960 11206 6306 9897 7362 4730 7533 9888 11696 9052 13656 4734 2976 9925 5024 13077 13534 5980 12009 10593 918 13196 11941 11372 13093 7657 13989 732 8720 2876 6925 1021 11545 4153 9704 9380 49 1988 14036 2737 14456 8641 10940 11497 11557 8185 5017 10345 7489 8120 1897 8245 1981 6889 6752 10705 6116 14569 6241 3488 4556 3889 9500 2780 3272 13009 10465 12536 3860 3464 6812 6961 6565 10592 9313 5612 4453 8552 14744 13609 13844 11384 8912 11336 10153 7700 8696 9037 12061 11288 13760 12584 12272 3944 10604 1112 13381 7604 14984 10681 13873 11456 14588 2132 1880 5912 5420 5504 5965 5192 
3323 13775 10463 3947 6767 6455 11999 14303 5843 3143 10883 3447 3207 10067 2327 2351 2879 1175 13163 10607 5819 14327 13055 2459 11331 4263 7815 11219 10523 11979 10239 2339 8915 947 9623 12779 7167 12539 7769 467 8943 10695 3047 63 4935 8343 8475 7695 10155 7479 10875 5931 4301 4481 1697 1469 7659 14319 14141 5799 13769 12687 3209 3101 11249 8715 14489 10541 1625 8993 11981 5777 1121 14775 4397 14261 2813 3591 5021 11849 13001 4121 4685 13673 3761 14681 13361 9125 11693 2657 9485 12377 6341 9665 1085 6931 967 869 8563 12173 3905 4781 12521 4363 3439 6595 3319 499 5911 8959 4147 2743 3787 1999 8107 9343 9715 13351 6511 5407 9139 3607 727 10447 4255 11035 9319 9667 13111 5923 3964 2875 9511 4264 1675 4063 7950 2131 258 9178 13116 3062 11544 7774 12945 12250 7113 11133 7156 2368 10294 228 6093 12750 10066 13848 2330 2613 13422 825 6688 6789 14750 3597 6624 10293 10797 5682 4212 3398 11446 14678 10965 12402 562 10236 8406 13678 9710 1582 12838 11445 14830 11112 11414 249 9528 10737 11452 2494 1778 9698 8085 526 11745 13636 6670 350 11700 14050 10386 1638 1562 9376 1656 14140 9282 13444 11976 602 11457 1034 7082 9978 10108 2044 13089 9270 7854 2346 12294 14490 7038 4526 558 4680 598 11253 7358 1456 5510 12606 1038 9446 8434 9586 13833 10629 6122 3285 12706 5022 6490 11776 6810 8020 2206 2610 2061 765 7956 13324 837 4874 11932 4646 4726 4692 1284 3669 11460 1590 12456 12354 7846 7149 12598 11406 14190 13773 13248 10878 11918 12261 1930 5406 5722 3826 7809 7632 4254 2980 6502 6350 2518 16 11166 4614 10521 5214 1070 5170 2750 846 6574 2844 2850 11076 12426 4778 7330 13590 5472 10954 5270 10690 10046 10020 8865 9894 13288 9148 142 888 2698 8604 8632 168 9633 6604 734 13504 2246 8404 8284 6844 13576 4798 12252 11853 12136 7860 7888 6849 1492 9321 6206 14232 14241 1968 688 7920 11188 5796 777 5076 12145 6940 6362 3501 2646 14948 8794 14360 10544 14960 11778 7356 8810 9908 9553 1465 3265 12248 13986 3445 9464 11665 12920 1633 8305 565 7765 12217 14228 13868 596 13040 11048 3668 8749 4388 6032 12056 7561 6716 11480 8480 8228 11833 10328 10856 14408 2041 8005 1573 9680 12824 193 2636 3817 4681 12973 9020 12961 2768 14432 1280 3404 3709 1321 4501 536 13388 361 8612 4657 2624 4040 6121 11485 181 9452 8684 10225 2401 1681 11516 2756 12260 12452 6872 1004 9685 12133 3181 7021 8276 11300 6313 5036 1676 7136 9776 7525 2473 5197 
455 14459 11183 12923 11459 1403 251 8807 11795 12335 5171 14903 14363 1247 2415 9335 4823 13115 1787 6803 5879 6947 6503 12899 1623 1539 12311 4811 14483 1035 7971 7355 9791 3095 911 12819 4283 8199 13239 14091 5919 12999 12411 5319 6963 9387 4875 5943 10055 11799 2571 5283 9351 10781 13107 2343 29 8871 5631 14763 3173 77 1527 4551 3387 10205 9615 12027 14163 7635 10241 1301 10853 713 13973 843 2369 11069 5837 11967 3951 13853 1325 3087 13277 4841 5537 10191 1973 11597 8297 1385 8981 4709 9161 8225 3473 10167 10325 3967 9425 8405 14515 12257 401 10769 3365 6821 8813 14345 13457 9223 10949 10243 4433 11071 7541 9367 8095 12655 11095 2335 5455 5035 11143 6331 9163 10675 3679 4843 5107 11779 9991 7207 3655 14203 13867 14251 703 4699 13327 6607 1231 2695 751 1867 9088 10891 7231 11635 6885 4008 4848 11971 804 2376 12288 2308 566 5217 994 8162 13968 3348 1242 3465 13926 11361 14016 11382 11397 5464 12098 10490 6144 8198 7080 10862 8898 13170 4082 3432 4866 1708 1050 10900 9597 13228 13540 2277 9652 3057 5388 6230 5572 14205 11152 13156 9738 12382 11438 3478 2409 6465 1622 11318 9830 8682 8530 5188 2892 11218 12910 2853 7562 10533 1372 10458 10804 11385 21 9958 862 2538 3849 1077 12405 8190 9981 1738 2676 10270 10077 5354 11682 5462 6958 6352 4674 6526 12844 3470 12996 10398 1200 9732 9873 504 1806 1809 8222 648 11517 6988 3196 3624 5026 4926 5350 4288 4802 13178 13377 2178 13398 14506 2073 4358 8058 14820 11628 2325 3636 7290 12960 3254 7054 9612 1156 184 11186 14162 13632 12118 11064 14270 3933 1293 8337 6616 1182 5094 7473 7053 7146 3042 1650 6534 11694 2580 11410 14522 4572 13578 1054 11854 11994 8628 12700 2937 11061 4054 388 12988 6813 6825 1762 14002 4370 3492 7930 8502 13284 10329 9081 3162 8670 14124 3902 3494 8918 11289 694 7929 7426 2316 11874 14658 13320 12060 12897 1834 13658 3346 10144 9664 14128 8289 81 7992 9506 12490 906 1442 2493 14034 10953 14082 4058 3996 4513 417 1488 11205 12928 3140 5984 289 12505 12586 13602 4005 7874 9666 25 14329 6169 10201 253 9433 14905 3236 11852 1616 4100 4297 4633 4417 2024 14365 13153 13472 9469 12673 12368 10088 11276 7220 3176 7436 2204 4976 11588 11876 853 6776 7004 1609 656 7909 80 3397 8864 14864 4148 13 9224 10213 14521 10556 1232 1105 12817 12649 6745 11636 8701 4448 2149 9872 8396 4220 1760 11312 5768 8893 14593 14504 7532 2389 1669 5672 3848 12253 4021 6452 1213 13352 6841 12944 6740 5972 1532 733 11869 5732 5977 4993 5636 6301 10412 
11903 35 4427 13799 2279 11447 6875 13211 13127 8111 6335 7787 9167 10859 51 3171 4415 3923 10019 743 27 3083 5711 1023 7791 5279 6047 3719 579 7211 10419 11939 39 5483 10539 8507 11139 683 3795 5487 13583 14295 4215 8463 10839 2175 7179 6641 699 14727 12375 7911 2523 1491 7215 4647 1419 4311 8487 3735 5607 735 4407 11103 5741 11873 9507 7817 8835 13503 9687 9413 339 12761 7493 11393 5765 4673 13937 7193 9713 14417 2165 4587 9965 13157 6569 13541 13013 12857 13435 11117 7697 9797 2525 9931 7289 11321 14669 8393 3509 9053 1699 11671 8849 4541 9629 3979 7721 10651 14119 9379 4087 10483 5623 11369 2767 13567 43 4747 14335 8023 9043 667 2167 4723 12559 9199 3199 7303 9427 10291 475 8263 13291 14695 3031 966 10999 13194 14659 12931 4420 13512 11764 2038 7062 8181 7158 6878 5234 7446 9225 7770 8742 4970 832 957 1272 13514 618 8138 874 5896 13234 12498 4562 14614 11798 6218 7200 5952 6768 2806 4140 1318 14616 1744 4194 14434 669 2673 10269 13809 7214 1528 12840 9246 11370 11182 10474 13224 122 13366 4078 7341 9412 146 12948 10 12 3304 2882 9804 4766 3772 8482 12885 13056 7254 5680 6254 2302 10078 11728 13488 1890 4026 11601 7008 986 13600 5961 2640 13546 2318 4210 11610 12381 9470 5184 5037 6690 3374 12736 3112 13032 3160 3610 1526 9460 816 866 13752 1878 12556 10750 12878 7398 12816 6516 6381 11594 10930 2889 5754 5918 8886 13812 4290 820 14674 498 4888 5858 11508 5668 8594 5746 11301 10678 2016 14385 12624 10214 10218 12990 14106 13888 11058 12612 8488 1212 5728 1886 7824 718 5290 2088 1686 6486 60 12888 9940 9946 2410 14536 12254 5160 13776 9708 2878 5848 12468 7420 10756 3424 5054 10758 5806 1137 1180 11290 8781 674 9784 12640 8268 14922 7550 11194 11184 1690 1420 9126 693 10102 4876 10233 14637 14193 12489 2208 4998 4326 1774 2973 7965 9280 14782 577 12712 7470 2688 13528 14076 11236 6304 798 3998 4738 4994 11653 6632 9309 9116 14098 12622 1080 3517 3250 14030 7294 8814 4002 3896 8876 1664 4472 8060 912 14816 260 6877 13621 5605 12356 3313 4736 3152 14144 1741 296 781 4465 5216 8012 3992 9788 9812 4837 12937 5720 5293 8348 5408 860 7232 7016 10105 6445 7897 3584 14780 145 13261 4129 373 3344 14060 11161 1484 3476 836 7477 9061 7652 1969 8713 5509 2257 2077 13460 649 12337 8108 10004 673 14912 10045 488 4568 6068 5684 2749 4352 13268 7033 14101 308 12157 12992 7513 6440 1417 5564 7885 685 11528 13573 896 9068 2732 