72
1319 771 1337 1001 348 1708 1194 678 1782 1500 688 1628 
1835 1959 353 439 823 235 786 22 1054 90 570 1444 565 649 
827 555 1145 1128 67 1569 84 106 1149 1245 1084 1964 985 
83 202 1659 1265 728 295 1474 1564 1590 206 1962 1410 1813 817 
1475 623 1781 732 609 208 1722 1672 1821 873 1429 
1511 1679 137 357 1130 790 10 1874 1746 568 1978 474 1650 253 
1439 1233 1107 45 1726 1912 1560 98 1014 112 524 265 
1979 881 1195 201 369 318 924 1958 840 1724 644 
1175 1606 1985 804 36 88 1578 93 300 372 548 1753 
1331 742 1841 813 1003 198 926 1190 598 330 1868 896 
815 807 1470 1158 354 69 448 1942 57 961 128 
323 1162 461 1473 810 8 390 1660 1402 405 1309 1796 
1919 1103 843 1301 509 1495 806 606 94 542 1332 1869 838 186 1797 1333 680 
2 1247 783 1275 569 1627 38 1554 532 717 1598 1684 528 962 1738 121 613 
1595 15 1335 1671 1901 1385 1183 364 837 21 748 1185 729 954 422 1045 49 
1727 195 1191 1647 485 763 955 1718 718 1236 602 1778 141 1020 846 1376 109 
1847 543 605 281 31 1154 1044 1562 1178 292 712 645 948 650 433 1916 
47 671 27 1635 1493 1733 751 1290 306 444 441 594 280 1125 1794 1856 608 
839 1739 711 833 989 427 604 358 1224 1370 550 693 898 1214 1148 188 
1355 1743 747 533 1711 319 60 518 162 655 144 633 490 1497 1357 920 
1991 591 1421 1565 1243 967 738 520 1950 366 346 1802 388 866 922 241 1040 
131 1799 1575 1577 1579 583 1881 610 156 498 1180 940 1362 1257 716 212 
1187 123 1791 1973 691 736 1576 1630 1989 1161 970 1454 1894 264 512 913 
1607 287 1935 1515 1747 679 979 1953 1293 1398 1024 180 1286 756 1648 1808 217 
935 215 1719 303 41 651 1315 1255 352 210 290 160 1982 70 758 189 892 1761 1669 800 373 
1043 1415 1155 51 1469 1481 1531 1639 1468 434 333 166 1456 336 66 1156 50 1646 1189 824 1160 
887 1703 819 1095 545 665 1507 415 1651 192 1929 158 1710 1126 1341 1365 226 1826 1988 313 1273 
1463 587 1407 1613 677 811 653 516 1566 5 62 454 310 249 669 282 1485 228 289 25 553 
1895 147 1523 1157 713 43 1063 784 530 1102 714 1924 1629 774 33 468 730 652 248 877 
899 927 903 1241 1517 1591 1279 1146 1678 828 1910 1941 1188 1434 1972 1864 429 1237 692 1825 
263 795 1007 785 1793 199 715 991 214 754 1714 1022 122 1192 126 261 222 1573 1009 1693 
227 1875 995 1133 1097 581 667 814 362 342 762 1557 118 1662 254 576 1522 236 685 901 
599 1419 1431 449 1505 1649 1675 1882 1284 1620 768 750 1665 802 74 1086 1701 1088 1585 1261 
767 87 723 629 701 1567 571 1372 1422 340 100 1980 453 1593 1401 430 1005 745 56 704 
551 1071 1239 951 809 1879 1603 1387 1552 1720 1704 1948 165 1204 86 538 496 1408 554 356 1081 
695 1091 1643 567 1361 425 79 1138 370 1366 1012 1920 1502 1010 746 938 1833 853 637 1520 
1427 911 515 1563 1121 305 1217 211 331 526 708 12 432 1677 286 462 694 64 1930 1986 1278 844 1170 908 1093 73 1513 
1751 407 627 1059 185 845 1951 1363 1327 1234 129 1572 1965 1008 672 324 1150 510 28 258 172 1773 1652 1976 164 1477 
1211 1067 1539 1503 1037 257 1757 367 175 789 1574 778 766 1032 1338 134 1354 1668 1442 934 945 52 1642 1285 1544 872 841 
119 1259 1391 1827 4 1829 953 1699 55 1878 1581 1548 1140 770 1048 681 1478 1764 618 986 1090 1838 812 344 1345 1340 
647 707 59 1023 1899 1961 739 1723 1459 1219 600 1152 1713 638 1932 1080 1906 492 1510 1586 285 1862 477 480 992 1201 1100 1837 
803 755 1587 675 1529 1409 1303 247 487 782 6 294 1036 1509 930 834 882 1200 1282 466 660 1846 1056 925 1640 493 397 
635 791 3 1803 1073 221 1445 391 727 1744 682 1197 1358 1142 1546 1458 225 1734 1618 1122 418 702 1909 584 937 560 
443 1859 1923 1851 773 245 917 115 403 1750 1602 534 753 830 1206 1936 105 1905 316 1404 420 117 392 1981 1249 1220 
155 371 447 867 963 1925 53 1903 511 1132 1017 1420 345 298 1356 1302 720 1452 566 1486 1824 1218 232 145 440 956 421 
527 1307 1907 1683 231 1937 617 259 1411 808 1749 1600 1098 1426 120 1221 1818 1622 1766 886 1840 1690 1066 1208 656 20 80 
383 395 1203 531 1695 365 1853 1147 1975 1134 1034 1984 960 1078 146 588 894 1437 1314 1346 108 168 1225 1364 133 1256 
203 1163 1667 495 197 761 1637 1267 1351 525 1418 1582 1934 1094 537 574 1848 1336 312 314 1440 1732 1945 296 1537 505 
347 1619 335 639 603 1205 377 1889 1615 1795 1867 40 1946 384 1378 246 874 1377 670 1884 472 1092 1113 1380 273 921 562 205 272 1712 1861 1729 
1883 1227 183 387 1817 1433 209 451 139 1891 46 780 297 436 386 690 501 1545 393 1680 561 489 1382 1768 484 193 1561 1297 325 1568 1633 
143 1487 971 1047 399 521 1025 1673 607 223 213 1230 1954 1626 1074 936 597 540 81 374 1350 1702 556 1216 722 968 1 1933 260 944 697 
1367 1499 159 171 1655 161 1805 1085 523 871 522 16 244 124 76 585 1806 957 1896 1414 1850 486 1324 268 1641 1688 1124 673 661 416 1604 
1931 683 99 1299 327 579 1661 269 631 1807 1447 1917 1144 1816 1300 326 765 634 170 424 1026 658 1308 58 412 849 1460 1177 97 1412 1316 1789 
1547 419 435 1767 1971 101 1913 799 1027 283 1240 862 96 726 801 1392 240 1774 142 220 876 700 1666 1632 1000 1508 1777 1028 1172 1105 1736 
1031 311 491 291 797 125 293 1375 343 1087 760 1588 626 573 1870 772 1966 664 414 1540 1956 482 621 816 904 308 452 337 1928 1381 229 
1019 1571 1371 1311 63 1541 77 965 1927 1831 919 204 14 0 686 1258 250 628 868 1270 950 1480 238 1886 696 752 13 385 740 32 1424 
95 1811 959 1911 1491 423 1555 1349 1543 1051 271 42 1360 1053 1922 1018 34 1176 1614 1810 969 1254 1696 552 1110 982 1549 541 1304 1405 169 1645 
1787 1055 939 891 207 315 1313 1819 9 1939 1876 1866 1822 1594 1776 636 1344 1542 394 1320 1634 478 1106 1698 842 1006 632 1472 769 1969 409 973 
1955 1775 719 1599 1083 1949 1685 1181 1399 1483 1855 1558 1725 1584 1938 744 1296 1968 1656 242 508 890 1272 1062 1788 396 822 1952 1033 1117 1609 1112 
863 923 1611 351 1167 929 1061 1471 1663 847 360 1570 861 1786 1461 630 1970 506 1029 1446 322 458 1322 514 706 349 1580 1280 1664 44 997 
1559 947 299 1815 1943 1035 431 975 831 149 341 641 821 1291 19 1075 1987 619 1550 1171 1814 1926 1504 138 710 549 102 1089 912 48 1644 580 178 278 114 1860 216 1689 616 1756 724 1730 406 909 398 657 733 1741 404 68 776 1453 596 1892 457 865 1681 
1715 983 539 1451 1707 111 1347 1179 1373 593 999 725 329 317 1039 91 1099 741 1246 1209 1617 564 78 1462 1536 1096 1120 1262 646 1770 1596 1790 622 252 410 974 1104 1654 1482 918 504 400 270 1754 1166 1129 1784 1004 1141 284 1621 500 1448 1844 1489 1321 
1379 611 1271 359 239 471 1553 1467 75 411 1877 1731 29 1697 401 1277 1135 775 907 499 153 1706 856 1534 1394 1780 1281 885 1118 1674 1070 190 1974 1516 1636 1890 1728 1694 1450 990 1828 910 1476 1266 902 981 266 978 1792 140 884 152 176 1957 625 181 1801 788 1897 
107 875 731 1011 851 1131 1983 1443 1755 1013 1709 1049 1169 1123 1435 127 1740 1288 792 446 1845 852 502 1670 640 426 1238 1298 1101 1252 465 642 1492 1852 1210 1612 1386 328 1389 870 906 1858 818 988 1521 234 1244 601 793 1292 200 1748 721 1184 836 224 1165 
1127 1079 71 1119 735 1947 1887 1289 1251 1215 1397 113 977 233 1339 643 595 1771 194 794 1226 1425 1898 1242 1430 777 174 82 832 1222 1406 958 952 276 612 1312 1164 1514 1173 1276 1498 408 381 976 1798 764 1352 361 529 332 1940 1616 1525 1760 368 1849 860 
167 1151 1967 1779 1115 363 459 659 615 1721 437 987 173 65 787 1231 883 535 895 1716 1528 1186 1610 334 1374 1228 1041 1353 878 897 1182 1432 1305 1494 1800 1488 1274 1692 946 376 1762 417 1752 1269 900 972 805 932 1717 1556 709 464 1597 829 889 116 1076 1880 
1295 191 275 1287 563 375 687 1143 1623 737 279 1865 689 497 1253 1159 103 1843 703 1742 1918 1077 1605 72 302 1438 1857 1902 154 1368 130 237 460 1608 1506 304 1638 456 382 1449 592 1384 850 984 1065 1834 993 1318 826 488 1772 1016 1232 301 1501 1700 1832 1064 1213 481 
1871 1403 779 503 519 855 879 243 1839 17 915 1383 557 749 1193 1783 187 163 1519 1872 1466 148 1785 1334 674 1030 544 1072 1830 858 888 1533 110 966 24 136 1526 1658 1512 54 1082 1893 1212 698 1002 1518 1758 914 1168 648 37 1484 104 1705 380 848 1657 949 589 1441 1196 
1823 479 1535 1763 1223 1863 39 1359 219 1323 941 483 869 905 1423 859 547 1015 559 196 1413 350 1306 450 1046 1538 684 184 338 1977 132 1317 586 1530 614 1114 26 1250 1326 1842 558 666 998 662 1136 1330 1174 1328 1820 1153 1904 1921 1052 1532 1592 980 1496 1057 
455 1691 467 1583 35 135 1263 1479 699 473 507 389 1601 1325 1207 1963 943 1915 734 1735 288 1198 1960 256 309 796 928 7 1042 150 1854 798 1900 442 1348 1396 1836 820 1888 1682 1524 513 994 1329 880 402 654 11 781 1400 445 1417 1393 1021 1268 469 320 428 
743 1551 179 251 1343 575 1283 1455 759 1229 857 89 1457 1625 151 355 307 379 1687 1759 1908 1294 1202 1490 1310 470 1944 1038 1686 578 1624 1428 30 933 825 942 1812 1990 262 1809 378 1264 1108 494 1737 230 1260 705 274 1873 517 157 61 572 92 757 277 1436 1885 668 
1235 23 1139 339 1631 1199 1395 1527 255 267 1745 663 1589 893 1769 1109 413 475 931 835 463 1111 1464 1137 854 18 582 438 1416 1914 624 1116 1342 1068 964 177 546 864 676 1050 590 1804 1390 182 996 321 1058 1248 916 218 1653 1060 1465 476 85 1369 1069 536 1676 620 577 1765 1388 