144
5747 14519 4775 5111 11615 995 1635 13923 2783 5187 3291 12219 197 11885 6087 2249 9473 641 13877 3703 13099 10267 14083 8558 14215 12583 2856 3974 9962 9746 7090 9026 14934 5414 9030 3150 12216 4826 14954 7662 6045 4828 4174 818 10366 8853 5330 3762 9996 10190 7926 8150 1190 5964 4608 2852 11804 11869 
4955 13403 9467 9251 12455 6827 2283 3075 4119 13611 4275 8957 8165 13193 8873 3113 4589 4759 1171 1351 3259 3955 9934 14554 9748 3513 14054 2614 5229 8421 4678 8098 13094 8649 1206 5769 5376 3444 3126 14698 11328 8952 2834 14650 3861 1922 5 14602 7306 9890 13664 2365 4232 6721 13525 
12503 7739 11291 11363 4319 11699 4671 7235 783 1755 12399 5525 303 8441 11429 13181 3593 8875 12031 10771 13891 3520 10917 12448 11467 1927 10430 8942 4224 14932 4422 30 3568 13245 9422 3490 7154 7449 4494 5542 958 4485 8914 9952 7114 634 10790 13480 7998 5805 5264 5830 1321 13533 2504 14869 
4163 13523 12083 11735 4347 12131 10475 6995 8535 2451 5727 2139 3485 11381 1575 7397 9607 8431 6905 619 5503 6499 10099 8877 2505 6972 13236 12240 2910 9022 4918 9482 11550 324 9206 2678 8301 14572 2121 9573 12204 468 11052 13230 2433 1174 12526 1948 10801 12049 1768 968 12608 13729 
6683 10547 6575 1439 11247 2855 12759 603 12123 8499 8069 9497 10577 10095 6797 6655 12317 13687 9535 12091 8232 7543 5266 5260 10598 1344 7891 8874 1518 12870 13620 9357 13930 8032 14944 10440 8577 9410 13644 6837 13946 11520 10768 1866 8892 12582 6957 13737 2648 13652 10832 4820 
14927 3155 3983 7655 8931 3059 11067 12159 13719 14199 8919 2669 4661 9281 11539 12223 8479 655 3693 9093 6978 9090 3066 3566 11755 4086 729 13092 11834 13490 1401 9160 13956 3508 8650 1998 5121 12441 12014 2958 12826 11466 2392 1104 12390 469 8812 14817 12141 4928 2581 4729 
10487 11411 8075 4139 123 1719 5159 13263 6095 11367 8045 1205 11621 11189 12823 12451 13963 11923 10303 13747 11371 847 1769 13557 919 10578 6582 5934 1522 3204 9172 7658 4084 14400 9174 11824 6153 2028 10809 7374 11352 316 14826 7234 7540 8277 13305 13456 1082 3524 12080 11293 10885 13981 
6083 1295 3555 14831 10803 5835 3831 723 171 7227 10409 11021 7829 4061 4855 11503 2477 2791 4435 9933 9354 13188 1339 10200 13420 3022 9502 5522 13278 7626 7792 2865 6328 2784 6874 12942 5133 11398 5130 14118 8217 6354 1534 4030 3216 3428 13081 4724 4525 4273 
4331 13451 9395 3683 6623 3975 9515 5067 13995 10215 7395 14645 12653 13817 11079 209 10301 12581 13675 11347 3343 12715 14815 5224 3208 11575 6390 7750 9432 10956 12378 12202 1408 11769 8134 4341 8454 13365 9165 7377 8260 7569 4296 333 14422 300 7702 10972 4252 8432 9500 4585 11053 13940 
12839 11675 7223 13791 5183 12939 5315 7035 10527 5307 4443 4959 1277 12845 10169 5095 1925 10615 5179 6907 6706 8206 7773 7209 12508 5928 3837 6384 2506 6974 14758 1410 6088 12492 8296 1854 13266 330 9180 4170 7122 3310 9004 2128 2098 9176 12553 8581 4112 12344 
1043 12887 3431 3479 4743 851 11811 9735 1863 11087 12893 14499 13901 8921 7507 1747 6115 1579 13303 2587 6288 11944 10438 8049 4569 26 8956 12450 5937 11330 11554 1910 11664 3618 1029 13026 4497 12658 11822 12278 14445 5172 5286 9945 10022 5056 7076 12601 6049 10532 8149 
8123 2543 5363 6203 7007 2919 1259 1851 3471 3051 2679 10133 6041 13685 4901 10817 10603 5155 6259 6091 3511 7855 12760 6414 5246 6386 7317 5068 11762 14880 5316 6886 3270 9910 4305 1982 6870 1966 4812 993 2841 7260 14620 4134 11346 14382 5942 3830 4776 10024 9949 2600 4808 13297 4172 
9443 10211 8135 1859 4127 1215 2039 4007 8763 8223 3543 9353 10995 13865 5153 11921 1337 4639 4579 9033 895 7974 13120 4154 12535 14882 4176 6976 8174 4234 1858 12868 1906 13414 12792 9657 12244 11522 11990 13010 12796 11988 11602 3880 7872 3164 8600 8816 10568 9308 
1307 371 827 14771 7743 5303 4839 11115 9015 14507 7383 12267 2033 4829 10997 3835 3403 11155 8527 1003 11656 14889 13416 5421 1118 2554 979 8678 4262 10986 13192 12201 3506 1142 2200 9345 4464 5174 6736 2814 11294 5482 4377 14628 7548 9793 128 11269 10520 9524 
5267 10511 323 10667 1943 1067 10647 5619 9123 4913 10047 13709 8309 9509 2585 9967 7877 12871 10939 13219 12475 13197 7954 9328 246 10027 7968 1464 3322 7948 1642 10014 8126 9196 12804 2638 6081 11590 8906 2373 9021 6960 4666 12006 8842 7850 8365 13184 5845 14125 11192 
14939 6131 203 5039 14879 2507 5859 1911 14819 2031 2775 9569 14573 10229 425 893 11707 7243 11527 10687 9544 1447 13474 9564 14904 1992 14374 8598 6700 1857 13030 838 12088 6160 8205 11364 10786 10854 14166 12916 10152 5544 10320 3026 10198 5000 12349 14852 1009 10916 
9323 2387 4535 6407 3435 1239 1167 13275 8163 6183 2199 1359 1049 2969 5969 9091 1577 14311 11323 4963 8839 11652 13977 9924 249 6650 9550 14330 12122 13783 6178 4634 3686 14430 9134 8806 10982 4746 10240 702 11901 13024 6237 9622 4942 11082 8658 5822 7544 4006 6745 1748 921 385 
12671 6539 10415 5135 9131 4035 14427 2991 5585 11343 13229 7265 5693 13759 2527 607 11827 10536 9631 9438 5418 10576 4972 2479 5226 13960 6562 1254 10209 8592 11788 2172 2836 10062 5878 13006 7778 3058 3554 686 3909 9582 9200 8648 8553 12464 3608 1076 
2243 2711 7899 4619 10335 5247 11723 12855 6771 10551 11861 6557 2825 8767 8971 3235 11959 9691 5385 14503 4999 254 9966 9358 4180 453 9249 13118 14692 9974 9184 13962 5606 478 9378 2157 7354 2710 5313 46 8286 5704 9302 7288 5588 8845 9805 2569 11780 
9527 9767 7319 11567 8703 6311 7611 9815 7443 2955 9807 593 14477 1889 4961 3139 6919 559 8746 9084 12026 11668 9842 9540 10314 616 11566 11800 10425 10984 3510 7728 6202 7742 10989 5460 124 9366 2553 1269 8062 14680 162 8832 7876 11996 2636 2372 14197 6205 
12287 11543 8279 9803 1407 9407 12603 12903 3111 569 13757 7649 11969 14465 1459 6871 3991 2839 12758 9969 9570 12220 9646 9102 13468 3622 11116 11805 14940 7797 7086 9590 1750 2788 6297 8458 856 322 4605 2626 9112 7838 1336 13780 11234 7534 14893 11912 2557 5077 
13355 107 575 13139 4547 8187 14067 6911 11739 13313 11427 9869 341 5009 9689 14105 3739 3091 10507 964 12154 1363 3070 3482 7444 5032 4754 9382 10202 9753 3722 5536 3564 11856 13761 14714 14956 13262 11181 12172 4428 11740 11505 8894 8976 14532 4281 5029 2474 7652 5893 1489 2084 
1475 1511 8363 7175 8483 10779 3191 7155 5031 12303 7551 9929 4827 13133 8621 3821 3569 1013 11525 1483 9211 6751 8791 8323 11083 13579 3525 5938 2926 10132 8745 9216 3576 10128 1480 12542 1458 1881 5930 10336 4593 12112 7126 3582 6544 4348 9578 12636 7716 9421 3812 188 10904 3997 
12419 14495 13571 1163 5231 10775 1599 12095 351 13731 1983 3819 8247 7995 10469 5297 3089 11009 11947 2803 3547 3976 6811 3134 3518 2793 9775 4564 7620 14508 11541 13521 11806 8364 2298 11817 10392 12610 8037 1581 11172 4648 10794 13594 2830 2094 3912 11857 8888 2180 4196 7280 
4487 14591 14063 1391 8819 4323 6015 12543 4503 4131 3699 953 7685 14549 3773 2957 10699 8131 1843 14191 12691 10183 7519 12187 11042 2728 12510 6727 4908 3321 10905 14913 446 8970 3480 5776 4677 8342 12102 4956 4226 14122 830 8332 6508 2002 4550 10845 9400 3040 7046 6614 6724 6213 1498 12644 6680 2564 5281 14761 11156 2869 
5963 263 13823 3359 9503 1451 6327 13083 531 6999 8043 9185 807 10073 4253 14189 12269 11803 12103 7399 2659 12847 9271 8556 2500 12230 4266 6177 10824 13282 12866 7879 14958 9489 14748 11498 8086 1850 7192 12352 5241 9198 5988 4350 1550 658 13668 14013 5236 13610 1746 12462 2722 13881 11200 426 4088 10856 12085 5696 8773 8857 12577 
4343 3851 1415 12767 13379 8171 12527 4911 8891 6615 11151 269 543 5285 14201 413 10925 6559 9773 8683 391 7987 11949 24 12222 11950 9334 852 5253 11502 9909 14426 10432 8178 10444 2733 6576 9676 1989 9186 7206 6156 636 11146 7488 3252 11158 7336 4506 105 204 8829 3366 4532 11948 6193 1568 8881 2017 5785 1892 
8903 5495 14735 14183 9215 11015 899 6711 1935 7647 7757 9593 65 5465 9149 1949 2923 6247 1831 1987 9403 9562 2724 13020 6880 5556 5222 10646 10806 6981 5457 11546 11548 6714 14458 1510 10569 3838 3122 6732 7413 14577 130 2202 12660 9532 348 2394 2982 3334 1722 3801 6424 3728 10952 229 5288 8984 10609 1765 
13631 8015 5855 9371 7947 9059 3675 4755 12555 6819 10347 9279 13337 7001 1829 10049 5767 6439 4183 14719 5815 2858 10582 4003 786 4233 5594 7656 7788 10960 7624 11642 3724 5654 10058 4965 5781 12052 7509 1692 12780 6741 12652 6609 2766 1197 4958 12321 14058 8794 2594 13380 7765 5048 11389 11014 1381 8936 4021 9505 
14915 7199 8675 9839 8643 10931 14355 11375 9327 7287 4023 12305 6977 725 173 9533 8383 13339 10327 12379 5803 6403 907 11661 8034 13334 292 4144 3726 12724 2054 9640 13965 9906 4416 57 10274 11358 2625 160 9534 7478 12552 11368 2154 14178 3778 1797 5956 3242 4536 8674 476 5017 13909 6536 13585 11773 12925 9248 
1559 5243 7751 3899 14675 219 5991 11259 13947 7299 6987 675 6423 14561 3497 509 1265 4975 9871 3055 4387 8251 10951 13125 11940 13126 8202 9554 8114 13122 4498 6882 3970 10338 14590 12228 2546 5668 1122 6930 3354 6034 4042 2908 1262 4586 4430 334 1374 1164 10456 3168 4530 2092 8158 13786 9572 985 12913 2252 488 2977 5504 
5687 4355 4247 2159 12167 8735 12191 5535 2273 13455 4769 2309 10313 13409 8729 5825 8311 2707 7183 14671 4543 3978 13804 9288 4914 9242 5610 13226 2176 10195 9014 1996 5538 4636 4846 7406 14184 1894 7060 7500 5020 8882 3828 514 696 9672 984 12957 5490 4200 14088 4633 12829 5869 157 4952 5312 4028 2984 
719 2015 9455 11063 5807 4583 8955 9495 8175 8727 12639 12605 12989 5141 14717 3989 4015 14155 7219 4495 679 10606 13096 7764 12446 6036 14406 4752 10850 9600 12494 13032 5620 10308 9396 6038 12634 7914 10510 9826 14258 7698 10104 6108 8136 214 166 3093 1792 13822 5632 11313 4081 6776 14768 5701 824 2485 7424 
12071 5999 8303 8291 10499 2219 13251 10913 14871 2691 11813 3279 4985 9749 3653 9809 2395 13627 13363 5659 9307 12756 5073 3698 3982 10238 5772 5248 1694 34 1965 14886 9177 4182 4566 6330 7506 14154 2796 13042 3784 11902 13110 9258 14256 5709 10530 3034 8578 6818 7068 5061 4076 12056 7976 757 2281 11768 7316 11233 
10259 10871 11655 8867 875 6215 10371 1667 9099 3965 6039 12711 7445 9041 1421 8717 9401 1767 10471 8719 14107 5230 6658 6290 3616 13624 7372 2674 9222 14548 9844 6442 1150 3962 8040 6634 4158 13252 5018 1210 10846 1305 8170 8910 12345 9813 13108 14664 1046 14436 3940 11078 14085 10682 6553 1369 4165 13424 848 10604 14516 
11051 1811 1979 9875 6699 167 14351 13491 755 9255 7347 12017 3161 10023 4457 12029 5813 7375 7663 1063 8395 7999 547 12775 4512 11674 14553 9333 11666 6138 13630 6042 12360 14056 9394 6134 13542 14061 13269 2344 3002 232 5778 14673 12834 8186 9472 11530 1860 3770 3326 2584 12189 542 4612 8161 7304 3356 11989 9188 10580 7525 
13211 3791 8963 479 8183 10619 8019 7523 695 12255 14703 2967 4649 185 13601 6209 247 4471 13447 14275 14347 5971 3273 12498 14544 13566 12225 8349 14910 4014 1872 1346 790 3450 6238 8958 3730 9480 5308 12178 10776 11476 4102 5738 11637 9016 13682 7738 9066 7226 8325 12262 1494 418 12368 7537 9332 1885 7748 1112 8653 
1463 9851 14699 13751 4643 8127 11727 13131 4371 11669 7239 12483 13575 14897 11933 8909 13195 4997 8371 13831 1759 3706 5066 12523 12874 9846 4466 10426 3580 10114 3888 6150 7017 5766 10012 14858 12114 4742 7010 6558 5834 14670 3350 13317 7032 318 4286 7182 11286 5721 4113 9385 10729 10220 12529 5269 5900 3913 11005 
3587 8651 6863 13079 13415 11915 4515 13023 147 13827 10649 12519 1289 5753 401 3737 331 9305 2635 11587 13003 10147 2314 2550 8690 4017 242 6228 1629 9294 5872 5088 1960 4960 14484 2914 8352 6852 6201 14277 14157 7984 6777 5282 13680 1312 9820 4630 5517 12316 210 9988 2068 9380 10345 6428 1537 2101 5917 10628 14461 
503 10163 11207 14511 11123 3459 12351 11595 7203 12281 12077 2583 3701 9065 14789 8779 4567 11465 991 6547 13387 12487 13102 8198 9610 14962 12310 5590 4342 12370 12381 1146 10656 5770 8218 988 9484 2526 11262 10368 13562 2934 1574 10384 13898 45 5718 14272 5484 14746 6420 4736 7561 7784 709 8408 13813 3805 9632 
8699 7511 4223 959 287 143 1299 9023 10743 4095 6435 8403 7515 9341 11681 857 12641 11335 4459 3475 2959 9763 3069 3972 5265 14914 1636 10572 14856 3720 4338 11074 10990 13746 12873 10130 11898 4032 7494 7566 8182 13082 10929 8890 4492 1970 7264 13401 4620 14764 5440 8901 5734 420 12770 12625 9932 14864 14132 205 12325 13136 
11099 6227 6323 2723 11711 7271 9447 6855 8927 8619 7107 12725 12401 2717 13073 4445 8239 10315 13039 8467 14635 1135 13240 1474 6866 6705 11704 9024 10910 8596 9312 10834 3573 1278 5134 9426 9254 10356 2902 1516 7108 11038 7980 12562 14424 12849 1888 2328 9244 13214 10042 6518 2454 3044 7220 13921 776 4717 13628 14336 12404 
14759 6791 2819 11603 395 4931 12467 13487 7047 663 2607 747 687 10961 5477 2753 6257 14551 14407 9619 4591 10927 14550 13274 9436 14694 9386 9350 7428 2745 4178 14908 1353 1962 4974 4474 14150 13908 1248 6196 6342 8978 2520 1602 10084 4020 7272 11470 3238 10610 6568 7828 4990 4340 3577 1549 3920 13844 5324 7861 913 
8687 7607 3839 13199 8987 8571 9711 14175 13755 1343 14069 8031 2381 7073 3857 6425 2129 13519 7915 2515 14179 13375 7723 6307 6648 3688 13629 5566 5602 13150 13762 13418 454 14026 12813 5932 6504 150 14313 7012 5142 4750 1956 8676 11472 12969 14170 6448 9852 11034 11626 1682 10000 10237 11893 5888 1525 8485 2300 10681 9661 
2123 6395 12971 7703 8615 11159 14259 6891 6939 12891 13061 14093 3879 4133 12461 2849 2837 4733 11081 12787 307 6645 8736 6696 4230 13622 3969 14752 9348 11673 2042 5184 568 5998 13310 9158 4197 10870 5292 13686 10362 5844 8686 1502 9798 706 996 2709 1893 8438 10288 3340 11232 2602 8012 6685 4765 5648 9937 1004 769 
7343 9995 1211 2663 8423 10583 12135 6663 10287 9111 9087 1409 8081 12101 4267 5981 14935 14683 13903 5695 4411 9546 8944 14334 13564 10605 8868 5040 10422 9900 13134 9492 8258 5148 2548 1462 10346 6542 11090 6762 6784 12300 3086 2080 5870 477 470 12285 6766 10528 14349 6722 8456 9404 7052 6945 10405 14492 2492 7885 
11147 1823 599 14807 7935 99 13647 815 10671 3747 9221 11297 12593 14321 2441 545 10675 9799 4687 8851 8503 1195 13246 7310 14332 5220 13360 13142 11556 8805 14304 12628 7002 8028 4689 9420 10842 5470 7018 1771 4074 222 13221 11884 4470 849 4749 8986 1938 6496 4574 12025 3176 7777 7868 9848 5948 2773 1424 
2075 6023 275 7631 3635 13347 1515 519 3123 14595 10467 3521 9245 7469 5717 2777 1903 9751 14059 13843 2683 11359 12514 1706 10782 12153 11212 10810 8155 4977 9602 14476 6046 11565 13362 6578 5646 8304 3530 10497 10728 14250 4552 2274 11421 9418 3660 5745 3378 4238 1438 13706 4669 7153 10117 2713 380 4700 7021 2461 
6287 14147 7187 3371 4019 3995 14139 1803 1763 7119 6591 13011 1875 9063 11069 149 7983 12329 13037 7781 14129 12773 11839 6679 283 5299 4027 10538 6172 10317 5832 10258 13548 8172 4012 1816 6561 9376 12082 1620 6158 12946 9568 6009 2378 5913 12914 11210 1252 7065 13053 14301 11614 5676 12753 1882 5126 10674 4245 11104 1968 10032 11781 6110 11778 4272 7530 13465 8761 13717 3529 10208 3068 1789 5329 12776 5912 
2627 3695 2399 1847 12947 10715 2675 8451 10851 11847 4983 11499 8979 5237 4517 1659 1313 10421 6341 1373 3029 10543 13985 5227 14023 1711 10279 4783 11971 10914 5520 13558 8350 14322 1126 8310 10010 6165 10260 10662 10110 4922 9792 1404 3453 2896 9494 1485 5608 10860 5678 9250 4672 8854 7344 12274 4696 11478 10746 9654 7252 9682 4372 10048 14198 7026 11010 565 6476 5113 7832 12109 10873 4237 2005 12769 7136 
12635 13811 2195 4727 11387 7475 12611 9699 8775 3551 10983 4923 3855 5897 13277 3125 423 9197 3389 7411 13745 19 12473 11107 5371 14467 14983 1663 6640 6933 10420 5838 13802 266 9381 3312 3096 4814 8190 12432 3489 154 5742 5910 4833 13154 8164 9650 7821 6382 2032 274 5808 8529 9706 7180 2152 360 3552 6573 14226 754 9154 13074 6366 8197 12193 1897 11360 4693 2828 217 1717 11960 12481 
9179 13979 7691 7463 7259 9203 2271 1187 3603 6411 6735 2907 14849 9783 3507 6857 8765 10673 2501 10625 8885 1923 10423 1243 10123 7843 12439 775 5386 9055 8241 4735 10848 9638 3060 11152 13570 6294 3561 5118 1696 9468 9818 1876 11710 13398 9141 4192 12090 6742 3082 2112 3468 382 5112 8248 14142 5162 2654 6004 9724 9678 2280 13634 11846 10998 12160 4996 4561 12373 428 8677 12949 10285 12313 13693 1100 5977 
1103 13143 1319 803 9171 5207 8235 11391 10971 10535 1587 3627 4265 8741 9399 9471 14729 13265 1181 2609 14777 1819 667 13639 9331 14035 14791 10171 3690 9970 564 3012 9498 3446 4468 10341 9722 13726 8685 5670 4674 14268 7216 11224 13413 8253 10734 12676 474 5306 4090 3138 9850 6774 3550 9398 10922 14666 13654 6222 14350 8054 7137 3926 14094 2452 13581 7736 8089 8348 9680 11017 493 8096 3589 14984 6901 
8999 9827 3383 7151 7967 6563 12779 7191 7755 4871 4971 9195 10575 12459 6593 2751 3293 10217 11309 379 6305 7627 10963 7315 8587 11611 13483 5380 7749 12309 11337 10965 3016 10442 8085 11982 11892 10670 2658 6460 6070 8294 6258 11380 11980 10708 10492 4038 9190 6002 5642 10310 6710 378 126 9424 8404 3777 10488 4434 7578 1425 12474 14102 12162 7380 2660 10249 8353 11180 7772 3248 11473 11288 2245 10189 
6587 1739 11255 4055 13367 635 9623 7559 1743 9639 10179 10635 2499 5139 2729 4587 2333 4853 2225 7673 11071 7435 11263 12415 9835 6055 13879 1015 3268 2310 12501 8450 1030 12626 11580 4842 8354 5322 7082 7794 11790 7198 9326 11070 7761 2114 12909 11613 5541 7497 4246 4632 13790 6124 4317 4594 2422 1980 13180 11100 9458 3626 10618 842 1185 3189 9296 2881 12073 10400 9757 10741 5881 13633 1213 14612 
12815 47 6383 1175 13499 5375 2891 14115 4707 3723 10731 12795 2561 4863 3785 6807 1529 10299 8429 7385 2731 7997 6019 8755 5611 10711 7279 2308 2916 5842 9297 13518 10269 5764 4228 3729 10418 14806 9096 2808 11702 8169 4214 12106 13858 3021 12374 14514 5644 5994 4558 10924 13744 7918 48 8974 10462 2018 760 11746 4718 1864 7474 466 13785 5202 8041 9620 13736 80 3752 12128 8101 3601 3181 2449 
2567 10247 4091 13655 14279 6143 4379 5763 4595 6507 6815 3159 13035 7671 4383 2189 785 9425 11213 809 3953 13567 14813 2887 9847 8215 2647 6418 2918 9926 8738 3462 9552 1348 13464 5238 10570 4954 14402 1630 4641 1600 12546 6132 10778 705 12354 13318 1238 6072 2412 3846 4944 1144 3678 13890 10473 2932 6754 5272 4077 928 10946 70 974 5986 5802 6204 817 13568 14408 2780 3404 2624 8317 6872 7880 
10427 2639 11483 3935 3011 10203 791 13727 11799 14219 12275 7817 8847 1997 14945 12125 9257 7841 3713 10831 13807 7099 13267 8035 1735 3667 8551 10546 8692 8878 7434 13276 2037 9642 14152 666 9756 10665 2676 9470 3142 9525 5038 2030 2186 8452 11266 12357 4713 8133 792 3406 10896 9758 3898 724 8102 8229 7598 136 3369 14098 13602 7726 9580 8173 5480 8480 637 4772 7165 4117 1681 4801 14876 
5567 12515 8495 5867 6011 6071 3515 1779 5883 311 965 1227 4421 2897 2127 5417 12905 8369 13555 9355 14371 11791 643 6103 2215 943 12619 9895 12366 9352 290 7744 5836 8766 9098 8625 2380 10730 8374 598 9346 12398 8020 6786 3648 2760 14724 5685 9204 8004 6594 14354 3658 9189 6532 4876 12702 7690 2622 11418 6720 1010 84 609 7132 2545 6224 4976 11353 9253 14281 5744 1669 4784 1856 
13475 13247 3263 8759 4847 3911 10251 5223 6651 14823 13155 10263 10755 2117 8801 13553 771 3353 5333 7109 5081 11443 8119 917 8153 14263 5083 9928 10374 7946 10908 11532 14568 1354 12120 8094 8626 13798 2034 13161 6372 1116 14073 4850 13404 6194 10332 3844 10838 4929 4702 7218 5458 6770 3652 13002 2842 14290 4326 10614 11037 11916 6118 2253 14212 6729 6392 13124 4921 10645 3289 3320 12409 2065 14101 2720 
5783 12215 6527 11327 14555 9575 347 327 2795 10563 14799 6975 6173 6413 2787 7625 4505 4229 2885 12569 10579 2311 13027 10903 5311 5431 9754 6646 2920 2304 3614 12304 9864 12214 14410 13254 5534 9496 7257 782 12850 1572 3144 2786 8313 3412 7734 14306 2364 6278 6334 8758 1281 2886 12858 9478 7342 3681 7228 525 12180 8316 14202 2162 1334 1705 2893 11797 10640 11972 10933 11377 11725 10717 1784 
1631 4199 11039 2987 14255 239 7643 831 5847 7251 14763 13407 9051 5837 9891 5967 665 12579 5309 2419 12485 7003 8947 487 11215 6991 5827 13130 288 11942 11338 12033 10509 9902 146 5598 9202 7066 8116 3960 3484 13689 3196 3014 364 1274 158 12550 2382 8846 7762 1394 6468 7917 9262 12794 7756 12741 6748 396 3048 11618 9122 4886 1365 9234 8449 10964 8341 11173 6481 3541 8912 6068 12001 8132 
11771 3803 9347 1595 2927 13607 13175 12927 10559 8631 3015 6231 1251 12587 5823 5151 1887 14837 7145 13697 137 5527 8203 11683 9475 4243 8863 5947 7135 970 7953 10370 4758 1024 7314 13800 13569 10958 14140 14314 13162 5037 3750 11256 11217 10902 4773 7014 10344 5422 7106 1990 11229 6598 6552 4482 3158 717 1560 1389 10812 14661 6804 12984 4440 5826 880 14420 6560 13640 13984 13261 3380 8401 14389 13321 2125 2576 
9419 12023 14447 1023 7211 2363 2999 10791 6243 14547 8079 2331 7157 11211 14801 5007 4565 2275 4781 5345 10363 11299 7147 3571 10387 9787 12762 11770 1514 11040 3213 7798 6136 12382 11046 6146 6830 12364 1821 11978 9261 10706 2889 5190 10564 5586 9520 1912 1650 9405 3642 11896 11145 9192 3256 496 14398 14973 1672 11462 5714 9624 14028 11241 8305 6356 11924 10081 3073 10921 10033 13477 8665 11096 
7415 12707 5291 12563 13955 14315 7371 12911 4907 15 551 10175 14835 13479 12665 13541 8105 8669 6175 14621 9907 11395 2815 5215 7639 11191 739 3522 7740 8124 10437 91 1994 10833 1260 3105 3264 14946 12405 12192 12864 14690 12544 8166 4389 2838 9700 14294 5109 8266 14298 13492 5548 4486 14493 1380 14246 10773 5508 9984 3309 9040 6182 2964 14808 4100 6368 8473 11317 13489 3673 5852 12032 13381 680 
6887 11963 3443 8879 14075 10643 8663 11171 9927 4815 10035 11927 159 5045 9713 9101 8177 11489 8285 3413 5501 6043 10735 5599 3331 5347 7015 9964 427 691 10918 8448 2666 8030 6780 5361 13022 3477 9168 10286 6916 10354 14700 7308 10266 4380 12670 2680 11064 2146 153 11114 1557 7350 5302 8254 1920 4862 1570 8824 9862 798 6033 6600 10068 6360 10552 8252 11120 4933 6085 3092 7693 14576 11984 9685 6056 
12155 9983 7919 5711 12995 4211 2615 9843 2055 2207 5799 3243 3461 9977 8883 9605 3917 9089 6065 3041 6883 14501 12511 9655 12343 14539 6775 6436 3694 256 9298 450 13684 9558 4130 8042 11534 11976 2118 789 14062 1250 3396 13258 2190 3114 14949 10732 624 16 12981 12530 13902 7678 3712 11634 14530 9060 3036 7468 12568 5498 5628 10296 14012 596 8360 7004 3817 12817 4220 11828 6452 10993 
2903 14747 6639 7127 12599 10539 9951 6191 1431 8607 3327 7973 3027 14009 11477 6233 3749 13721 2141 2405 2071 5407 8419 7807 7327 3043 6394 10334 12362 6876 5262 8642 13792 6466 1632 5680 2538 13797 14710 3825 12630 6345 5452 11066 6922 12681 8358 4390 7701 13206 2604 2052 520 8586 11997 13905 7458 4036 14502 6778 12708 4893 9237 434 12361 9481 14617 13928 37 12697 1592 13508 13352 14077 
5459 1283 1523 5663 4043 4103 13203 3419 7895 3639 2979 12323 4949 5175 10829 4817 5705 14333 11571 3463 773 14743 2503 10495 14443 4447 439 6652 7660 14688 4756 12218 4336 7430 9340 5662 7790 9330 8748 2278 14697 7245 7164 5210 4570 13794 3072 11366 8536 2062 2542 12609 8398 5868 12348 11226 11793 6921 13774 9064 3156 14838 5954 1934 6900 4980 4141 5384 14725 7940 12877 12661 13244 2233 308 5168 
14867 14099 6927 10091 1551 1959 1955 243 12075 10235 12447 4635 10887 5489 3017 13661 7301 161 2201 461 2539 6691 6487 13723 6199 14131 3702 8234 13516 8308 14961 8090 1308 7312 9516 6062 573 14320 826 14146 238 12738 10276 11392 1548 11320 11685 7618 2524 7332 8472 5649 4437 2704 698 1222 11020 8782 1662 362 9942 6100 1752 11754 9901 6457 5293 11348 2293 12740 6121 6109 4777 5797 
5915 13547 4523 14687 1643 11627 9743 14487 2975 3183 11691 5211 14079 14343 3999 13215 4925 9771 4865 2681 14359 343 13951 13327 2443 13459 6168 13138 4150 10126 3966 10581 4418 1810 4818 9870 5114 7941 6450 3237 273 11882 2385 2338 13954 9408 1293 660 2290 3474 7442 5674 8582 12964 13618 406 1192 13090 8702 13696 13836 7725 11001 732 4256 6229 8389 8017 11977 3056 11312 1628 4760 13820 
12827 6971 14567 3647 11639 1503 1883 14739 1971 879 14111 6915 14523 2211 2835 12053 12293 6161 14705 1349 12089 5323 13543 14899 6967 2155 6427 10377 10434 13128 8046 12814 13158 4426 13342 4978 1638 482 12406 14452 3470 762 12842 10113 8070 3316 11373 10704 4318 8265 4449 472 6708 4222 12538 681 4044 858 1234 12328 5946 902 14133 2872 1412 13153 10657 7016 4148 7477 649 11929 7033 2089 
2423 14231 7379 12383 8559 5543 4359 7355 14783 7043 363 7991 4451 4611 14031 5475 5691 12183 1781 11597 12161 6605 8417 14345 9559 13279 13577 4231 9703 6475 811 7555 3595 9561 12506 3314 14952 6388 10250 1026 12438 13466 5760 2740 9362 12058 6148 12684 12110 11818 2370 11098 9832 8714 6098 5494 765 498 8484 7149 14560 5570 5182 9938 13390 14702 5054 652 13036 9681 12862 7538 1678 5880 8402 3562 12861 8410 11424 4538 13077 7654 14545 11852 4520 6380 7388 13741 10052 8840 3884 7633 9853 7705 5401 10513 1945 5636 
3275 14615 2111 5099 12807 14243 7847 8399 1835 13515 267 5003 12291 1671 13659 4325 6207 6389 13589 4973 7457 12041 9617 749 9233 2789 1651 8023 2347 175 523 10891 11662 10204 7746 12940 5782 3486 8930 13810 4845 3736 14866 7238 5049 6550 10358 13428 5454 7634 5398 708 12982 866 5673 6141 6274 14820 1546 2670 10476 5502 7466 1162 11730 3538 354 14266 12170 3038 10869 3300 2140 12060 9922 1154 676 2589 6117 14556 6180 88 9688 4728 9660 5761 1640 6577 10820 14120 4436 8533 14185 2456 8780 7465 4304 2924 11077 9668 
9551 3311 12179 71 1427 7535 13307 9635 8823 5019 7359 1025 13433 5787 9507 8705 13253 3087 1775 7913 3967 9725 2213 9187 2489 11369 3751 14863 9067 2947 2083 1795 960 13522 12453 28 14404 9441 4142 8961 13678 5604 12400 5658 8962 6076 1840 12054 5448 5686 14726 6064 14668 12537 12168 3117 8080 10461 2577 13449 1221 5356 2294 7262 3732 14174 938 7270 12768 12802 8724 4694 4774 5152 9918 5550 1716 2822 2754 10944 11254 2986 2482 8862 10496 20 11065 4988 5528 11324 8996 1544 10304 8588 85 11648 6601 13712 896 
4271 5327 10379 13103 12575 6755 8267 14663 3939 11511 6123 10199 13883 987 13959 14571 4575 1913 6833 2549 13289 3053 13529 4805 9269 1001 595 4675 67 6007 14875 6211 4207 5250 13970 11760 7768 9384 12028 1708 2906 14022 13156 14646 8160 14262 8385 5908 4221 8026 14325 10482 8493 12556 4864 13104 9136 5690 7054 13038 10770 7322 6226 13446 9705 2268 1264 11796 4450 3162 11028 10494 10742 12690 6622 5106 544 4046 5176 422 9057 12520 10192 8948 9841 2905 6044 5204 10376 4544 1069 44 8552 5960 4885 6296 2744 11528 
5447 6695 707 3779 12299 4859 9903 7547 4067 3047 8751 1611 3231 7467 10935 9413 10337 13121 13157 10733 11909 8213 653 14455 13255 7735 2719 14213 6379 6607 2023 12504 12146 8694 13066 10312 10449 8386 4910 9592 13958 240 950 5626 4822 3130 13716 12436 13048 10749 6681 12597 14428 11484 12242 12208 11170 8486 12648 14526 6676 4137 2517 13370 8754 1737 6664 4454 9045 8716 13498 7042 12346 1245 9782 3394 13596 14244 3345 10522 10094 2694 9626 8152 7448 8029 12541 4837 5072 11036 9445 14341 3596 1729 7580 3620 872 11024 13376 
8243 839 8351 13295 2087 8627 7835 1455 11283 2163 1839 13107 855 5871 8319 13469 3039 2057 5105 14021 1061 14165 6533 8803 1445 5251 3643 4075 4879 13051 2239 6823 9235 5524 13968 8238 13857 5529 12030 1702 2794 11374 12124 2686 2222 14181 1317 12117 8752 14901 4941 3414 9460 12372 11134 3124 837 1368 8722 12972 10689 2356 5866 5136 14116 9009 13846 12784 7668 4872 5186 8284 12705 1294 8433 7326 141 10050 10977 4209 11056 7886 2312 7309 49 9013 7009 14713 14569 140 6200 2936 13609 8204 5425 10724 7849 13304 
7439 14411 1571 7367 1787 1679 14723 6879 7167 12675 10083 13311 7575 12039 4779 14117 11417 4193 1011 9365 10157 2045 3233 9857 7013 12367 12403 8623 2011 11287 7483 6955 9744 3696 10138 3454 13101 12238 8622 12810 6868 3078 12206 7906 7161 8964 13056 314 3842 10116 12198 712 1200 722 7504 10942 8274 8104 7437 12664 12118 6669 2082 1584 5214 2242 11934 7034 10330 10866 9614 7713 3542 8328 14613 11409 7324 9002 5638 8664 2238 6426 7621 11545 13933 5677 12020 10280 14797 4645 10760 14624 5749 8605 12272 7148 10141 1736 
14855 8975 4715 2327 6719 14639 5219 11027 9075 7731 12851 14943 10031 9917 12629 2643 3651 317 8537 9461 14369 5383 14851 8995 7985 9247 1855 4315 3115 631 12259 4051 10555 6292 7370 2922 10962 7404 5560 11050 8698 11112 11222 14709 5140 5625 4382 13670 2738 828 12022 11589 38 6021 6564 11608 9062 3148 1188 10934 1862 650 11649 7422 3166 6130 7258 4050 4590 3405 10408 12516 8580 10002 11968 8074 12182 5856 2558 384 8466 14469 9601 14696 14857 9548 8377 10381 8636 7225 3409 361 925 13657 13268 6740 9229 4868 
9887 8579 12731 4991 12803 3335 8843 9275 11403 14679 8295 5055 14319 7937 11715 12615 8777 4601 10637 6785 6437 11237 8033 9785 4109 14947 12835 11227 7579 11695 415 7531 3223 9086 2925 297 14906 3098 10797 1714 2664 14145 12650 12246 8200 5882 5992 21 14716 98 4132 3292 8334 11524 6516 13260 14442 11326 9648 9786 10744 7282 6376 12912 1538 8382 13845 3441 14472 11570 10185 12489 6510 309 11850 3129 11966 6850 8916 2218 11430 9032 7441 4364 5461 6781 1964 6464 2809 3157 10453 625 620 3625 13364 5276 4405 
7979 6359 12107 5639 6983 13739 9291 5987 14091 3119 9363 5427 5127 9545 14163 9677 8009 8609 3761 9329 11777 6197 6415 3523 4135 4627 9727 1423 2755 11719 1951 3247 2866 9034 2306 9324 14750 14800 13852 13854 14070 10065 12672 10353 6154 2736 8076 14721 13764 9402 8518 8750 14570 11832 2810 11354 4768 3254 13917 11808 1306 3033 11686 12254 14862 10305 13593 9784 11952 102 1134 10005 13168 1524 8850 108 9886 11493 4542 13728 12484 4261 5605 1508 9992 11881 6620 716 4129 11 13676 5809 301 3025 12181 11624 13340 
10367 2003 5171 10067 2063 1091 4155 5483 12387 12951 3375 3287 13839 2079 2483 7263 11163 1931 14153 12881 14297 12005 4721 3665 10375 3211 4819 4339 9259 13603 7711 2779 4516 4514 2860 4010 5762 4762 7766 14064 12402 1240 9220 13366 3748 11586 12882 321 11457 9318 12286 5097 1456 8434 12460 4490 2178 2224 3636 924 9854 5546 5290 13346 1132 11416 12532 11820 10154 118 2805 4906 12994 8614 9885 1110 2286 2556 338 13222 13166 86 14042 8784 9513 13616 3152 8641 9157 8468 8005 13292 10489 13105 4657 9073 13705 6608 1753 11540 
10127 11895 7163 12059 2807 12147 6075 9879 2763 5319 13671 795 7391 3195 11019 1601 843 11645 10973 7505 13983 11705 473 437 2863 6809 1567 4531 13855 3391 14707 13531 7963 9007 5526 5565 10210 4334 11214 1414 14640 12540 6662 11640 1500 5664 8416 834 7110 13920 6256 8904 8640 14850 12952 4686 1798 4656 3154 3878 10893 6630 7170 9940 10560 9566 462 5788 14762 2352 12646 12086 5436 8848 8212 13641 2388 13698 9669 7320 9998 4029 7712 1021 56 11048 9373 1916 656 14845 997 3553 8396 14600 1940 6992 14041 7549 
8147 4403 9659 13931 5075 75 291 7451 3863 2631 4071 14235 8595 2799 4361 8259 1637 9267 14417 10013 6703 583 2945 4541 9893 8935 10867 223 7207 8275 3859 10351 294 5244 8742 5530 7622 5074 6040 4302 6556 12678 11553 9742 7498 2882 2880 14798 5476 7636 4510 6717 14188 1149 12693 4626 864 4726 12338 11270 12465 1182 1566 2418 6682 3654 14362 5154 2742 10234 6454 8010 8193 3864 366 6357 8505 12070 682 13656 11748 10593 11013 7558 11012 1244 4484 7460 14648 14485 4213 6164 7669 11341 805 3632 320 5629 1441 
1655 5027 2939 131 5759 8315 10523 9695 6351 6315 4835 1491 11487 3483 14331 1301 13683 7887 13805 6137 9485 11105 1985 941 12751 4219 4939 5671 3631 10759 4555 3981 10540 7770 3214 14546 12232 10446 5558 10480 7089 50 13200 8078 12078 9837 489 5877 5661 12294 9450 10398 8282 12876 4502 5128 516 11512 14254 13350 8392 7276 10701 2056 1902 5469 2126 2013 3302 12558 9618 6888 2256 13298 14986 206 1794 2397 6322 2512 898 14097 10988 4969 8000 9493 10472 5444 6488 8792 3860 9428 8065 9997 3692 12037 11456 5420 
2 11999 9935 6279 5255 12735 1919 14907 2603 4695 12699 14471 5703 5367 9603 13707 14753 7851 1853 1877 3197 5129 12173 13771 12763 3175 5419 6235 12955 2971 13615 11658 3705 13140 8802 6864 10826 7080 1406 12196 1204 6162 14366 148 1740 8482 6249 5296 4128 2301 9444 9214 13725 6918 5268 13233 8230 3669 7846 13710 8394 4785 7041 13368 2844 11154 5166 342 7692 144 4366 8462 3774 8109 13702 4584 2424 7138 3225 2988 13714 12184 7524 14065 1957 5449 7352 11840 14480 2533 2768 944 13880 553 12656 4981 11300 9776 
13067 8711 9707 6515 2411 6443 4947 13059 467 2175 11943 5403 12591 555 11765 5777 207 881 4625 10061 11463 10265 4889 8047 3881 1555 14419 11731 7699 10231 8335 13183 14779 10600 9225 7666 13336 8946 9388 3298 12194 14302 11584 13341 10342 4834 3120 11344 13402 13041 14490 11986 7240 1809 12950 6628 11620 14574 11481 2668 13826 6616 2962 12318 2250 1226 5794 4022 10816 2832 13497 6840 4540 14342 5430 4582 82 7130 8866 5496 6405 3685 9272 1501 5924 5617 6625 1801 3824 11137 11600 12421 7645 3361 8576 13861 13724 
1079 8471 4079 7763 1727 13767 9119 8507 5487 5163 6051 10599 1367 9747 9207 13241 6017 12531 9303 4313 9737 9017 8549 5443 8789 11647 1279 5719 1255 7675 10051 576 4521 780 3064 10137 4761 10672 5582 8872 10056 14802 11644 3136 14580 5666 9372 6693 14937 2194 10696 11558 9873 12674 6513 2770 14733 3438 2637 10622 10641 4710 5949 700 6686 6772 10840 10690 12314 11178 12642 1186 1846 7078 12042 4442 7644 2714 11304 14925 12186 13992 11008 9289 1976 4489 4916 7592 7753 3740 10556 7177 6092 812 3716 2161 1532 4993 
12743 13595 3467 7595 3131 2435 9719 1199 14283 3147 14055 5283 1683 2043 6111 10241 939 5225 5621 14811 12509 11033 6185 6773 571 3281 11863 12739 14299 7495 12967 12427 10591 3684 8697 1478 8457 6789 9526 13338 14644 7612 12226 2769 1606 2892 12734 8844 7118 8292 11682 6526 3645 14950 7398 6626 5274 14565 1402 10630 14512 4018 4878 6477 14529 9714 10410 2086 9734 13454 14898 10074 2644 4557 810 458 14788 7482 9777 11464 13534 10588 14500 6796 5557 10309 9469 10693 11552 6445 3836 10508 937 13460 10256 4537 6932 6397 877 
8099 2747 12791 9491 4235 2171 3575 14051 7295 12647 5103 2843 11199 9579 3663 1827 12197 2765 4529 3893 5429 1085 389 8837 11815 295 13795 6787 9487 6067 3415 6367 12319 6432 1521 6702 9292 14338 13054 4821 8370 5532 5320 4930 3290 1626 8574 9958 4218 1874 12429 194 1730 7212 5212 2682 4606 90 942 14162 8488 7641 10006 633 5848 7024 1173 8140 5630 4329 12466 12822 9082 11632 3876 12424 13872 11712 14598 3420 7724 13561 12229 9080 9368 10837 6505 3733 1484 9109 8072 9985 2821 10268 1417 13573 
4691 8807 5951 6059 14951 10751 4479 7407 9095 4215 14691 7911 9483 9567 4887 2595 1517 6893 10109 5597 13875 5549 14657 7709 7229 13169 1999 11599 10627 2611 585 12175 6657 8565 10574 2913 7629 3456 10360 1814 9597 7614 8568 58 12633 621 12742 14589 11458 9338 14318 4720 3738 710 6470 4654 4290 4598 12430 12892 10725 892 7125 6282 182 1288 10516 3922 14124 5145 7786 11278 13886 11106 10414 11404 8733 10994 6610 13732 5505 4788 3481 4009 2960 10076 9865 7508 9392 11084 12812 2149 7417 2036 2612 7513 12800 332 
11987 2735 8783 11807 14987 4511 5559 947 2235 4527 8067 5751 5643 6603 9437 2285 6255 12209 10901 10601 6113 4553 6283 7517 6463 4987 4723 14431 4807 6535 11059 10542 5254 13974 5258 6926 8050 4140 4188 13809 5589 12454 9696 8038 11218 3442 13488 6890 2226 480 3436 1053 3710 6264 2414 312 12798 12456 12900 12554 1886 3537 11166 6501 7420 5860 4528 888 2826 1236 6105 2974 5078 14784 4894 14282 11400 9510 12930 13990 390 9325 1201 8617 4904 14444 6512 2833 11101 5437 11413 8156 2953 11905 11281 421 
7427 4367 10847 9647 9971 7283 14607 10223 6731 7115 13095 7095 9029 7563 7839 9905 8787 639 2487 1385 3725 3425 7565 4423 13975 2191 6031 10219 10025 8515 3715 823 6943 6417 13149 5997 1818 7410 10450 5580 4384 3586 6069 12729 10018 1058 3004 10804 6166 13586 5354 5034 12936 8418 6914 5310 7936 13348 7250 14385 13450 1290 4293 1486 13608 12561 12410 13840 2938 22 11162 8068 10642 1732 7826 7102 14776 10224 11054 3246 2464 2133 13500 3370 7429 7964 6589 10477 7628 788 2521 6349 5389 5953 9644 13165 4940 8336 409 
5399 4607 6635 10283 10739 5115 1271 11139 8039 12491 8583 10011 6747 9423 4803 13887 1565 1397 7361 8225 8261 6101 1229 7241 89 13217 6715 8671 1051 2299 2491 8562 7944 10134 14068 13132 5613 9522 2544 13938 14014 14138 9698 14586 2904 7378 11124 10118 2894 11118 12801 14278 12666 11814 5817 6832 11496 2652 9808 14416 7710 2950 2354 9717 9046 5169 2748 12924 12669 4118 1834 6834 10524 9936 600 2008 5901 9693 12414 914 11006 11041 1988 10261 6769 14161 7729 121 12572 5396 608 8725 3757 1340 7988 1357 
6179 6839 10859 2555 1695 13667 3755 11091 13563 2379 9591 4047 14367 8211 377 833 11441 2537 10397 14463 9665 10529 14045 3319 2671 13231 3019 5467 475 511 7927 13171 261 14337 13137 5774 11121 10906 1812 4670 12549 6142 4080 526 5256 13044 11436 3892 1742 4478 4854 14172 8590 3640 11974 11088 9448 3165 1066 13354 6602 138 1452 10468 5710 11174 14292 9726 3402 12825 10394 14193 1776 14740 1924 346 3990 4986 3602 6214 14236 2450 5637 5593 12217 10940 7333 7609 6541 14828 11108 505 6097 9121 12620 392 1825 9800 
9923 12959 5927 10655 11819 5879 14847 4895 1995 11415 14207 7455 6783 14885 6099 735 13371 12771 8573 761 11849 10037 8333 12065 5369 6295 11767 8899 8647 5119 5755 5107 5359 5863 8491 4063 962 8994 6438 10242 7754 11325 4704 9486 5682 5122 669 7214 9138 4548 3558 8704 11998 3534 11865 13768 10125 2265 5478 8985 8476 170 7174 6525 2798 12142 6498 3594 2568 13060 11844 5722 4533 10632 7814 3742 11198 7360 1180 4062 13996 2848 11973 2322 4098 10874 9268 8613 9120 8786 10550 12622 10300 13778 9349 13172 1700 7616 152 11432 10292 5576 14257 4328 3193 6284 3560 8437 5804 14384 3800 1172 3865 7184 6937 
12251 5531 2619 8951 13679 13163 3395 11495 3579 2115 9287 10695 2147 11679 6929 10959 9663 2861 9687 5453 9317 4841 6569 7805 7925 2513 2993 5273 4433 11047 5539 2059 6631 10193 3919 139 12067 10003 6441 8242 10378 3466 4425 6982 8770 12174 5242 12048 8620 6240 4452 3546 1554 6540 1562 8008 4934 6340 11490 12330 646 3090 506 1884 7248 4362 8886 14608 5700 12422 177 12132 5728 5138 9264 714 3498 2169 11026 1450 3914 2698 9633 12040 12934 1233 561 13662 1449 7833 2781 7966 8180 8869 12578 5300 12301 14017 4465 6061 5137 6709 6241 9397 6529 3500 4549 7916 14737 2209 3368 10688 5828 7100 
14399 12395 2267 4763 7139 4439 14375 4263 3827 9819 12663 9899 14019 7479 11859 9779 10491 14655 5909 13179 3845 13517 6713 2909 1145 11321 13385 1133 9439 12199 1783 8011 9079 6139 7831 9511 10596 298 8940 5318 13272 2188 1898 11985 10500 5304 11866 2762 14148 6074 12126 7341 14284 11260 5577 8376 9108 3822 5890 2817 4526 11253 13842 9766 5716 4288 2076 5500 6014 7462 180 14676 4053 2254 3186 11838 2820 8412 6828 10881 2488 9081 1754 10102 2490 12268 14128 9273 1726 13478 4780 13860 12156 14960 6836 6942 5317 8125 1693 8953 4376 5132 7664 1573 13208 11029 2948 9913 9740 980 2192 2996 10868 529 7400 
7907 10835 11855 12875 2351 6119 2459 7019 2339 14579 12879 10071 8859 8439 1697 14141 4431 14715 13349 9701 1169 4685 13109 14765 9113 7529 10589 12019 1219 5455 7123 7471 7267 367 3283 12931 13281 10372 8798 10785 8602 12302 825 8760 6768 2386 10852 8025 357 784 10566 5030 6268 1396 3418 2174 8712 9270 6897 14742 6057 1108 14346 12846 6810 12190 8210 7224 3984 9790 12573 3672 4284 8145 1168 690 1833 7330 6086 3540 14922 1756 7836 532 1790 14770 74 894 9628 10306 1766 7134 3250 13866 10825 8689 5996 10333 13057 4280 4664 14701 7105 12721 3116 7273 12728 9836 12457 7453 12596 7040 3872 13069 13993 
11843 11591 5843 7431 6291 14603 11871 2027 5451 10355 4599 63 6531 11031 8103 12651 11307 12027 4107 11405 14741 4073 10841 11693 5801 5729 4637 9223 55 9679 1615 9883 12055 2575 211 2599 3907 9960 3266 13425 10245 1272 2421 12376 12072 13210 5208 7752 1578 5298 7246 9412 13084 14712 7694 6734 11138 9978 13818 14394 4596 7605 1558 12574 11032 11992 4444 14596 2940 3928 11248 11889 8554 4257 2138 13314 1668 5733 6270 1138 7922 14970 1390 10514 537 2022 8608 2124 10092 3600 6946 2997 9892 6904 11941 11004 1993 13021 14036 11209 6073 5125 6733 7909 3889 2804 14437 5341 2329 169 11917 13052 1177 14636 13892 
11279 9083 12335 4883 8375 12243 14531 2859 7419 13691 8799 10839 11435 2715 5415 6003 6581 1073 3605 6521 2165 365 5789 5933 14669 10889 4205 845 3895 13663 4507 10663 14167 235 966 1087 4518 8196 566 7432 196 1804 8950 8244 13922 2182 9462 12602 5572 6712 1778 9830 14892 3081 6252 2148 5150 1800 12342 5028 7302 5884 8222 10389 11085 2400 2484 3376 13012 7714 13713 6814 2217 3388 14974 7576 1378 4778 2078 12273 3294 12970 9036 7476 12418 4406 7648 3910 5966 7366 13692 8790 9232 8666 8157 1345 12805 6764 4417 2269 10088 11888 1268 11240 9181 4705 3308 9313 14720 9577 8821 12584 1429 3901 1081 5965 
13775 1331 11399 5579 539 1139 3167 12311 8231 9219 13635 11223 1479 779 7959 5271 4203 1191 9521 1037 14861 8753 4373 11789 8405 10385 4519 12713 955 13651 11143 3007 11431 2911 4375 7387 9094 6412 8998 9606 6928 2292 14930 10490 6234 1624 4194 9858 7438 14454 11452 8110 6273 14220 10526 9501 3994 8409 2398 6472 12886 225 9586 5712 6756 13218 4358 2928 11494 72 13650 6806 7546 3258 9946 4650 10968 8 13648 10020 9069 9266 1342 7418 3220 7965 2949 3942 14496 2448 9050 14001 6309 10590 7741 8708 10957 14228 14456 3992 5600 6824 6116 2396 12013 10765 4501 14744 8833 9001 2756 14024 12517 7957 2473 
383 13559 2303 14027 3923 5087 13895 13871 10295 9675 2703 6339 7599 9039 1047 10383 2439 12339 2921 5765 1745 13097 8117 7481 9031 869 2645 8167 5263 3487 5995 5683 11779 4831 11203 2359 3367 6170 10694 6078 5070 9796 8442 14510 7221 14373 2536 13850 9816 11582 7990 4294 6326 4766 3088 2106 12069 2046 13770 3886 4708 5510 14482 4122 6520 2326 5894 11932 3598 2562 13086 11918 280 7146 1684 13437 4790 4054 5962 11109 2592 7550 5692 2316 5434 3390 9774 10617 11236 11922 14978 5786 1666 13524 7520 13989 10700 13333 13868 12205 4381 5120 14137 7897 193 6469 10321 8288 4628 7321 13556 12836 10976 11569 11305 
7823 6875 335 10811 8447 11555 5339 10119 3963 8915 14403 10107 11991 3887 11631 231 1059 11775 2511 497 8357 10565 7589 4013 10877 9209 3365 14537 7759 6151 14395 14335 14527 859 10531 7867 14623 3700 13242 12945 13560 11766 5064 11334 5596 8478 3657 11858 2541 13080 4396 5990 14 8445 3674 12782 4356 10666 7642 13185 513 8584 9957 13752 6970 11097 11412 5810 11904 1398 14344 12720 10702 442 2097 12880 4534 5862 6846 1314 13612 9878 14920 172 734 501 2944 7077 1114 933 2460 8856 1770 12618 10752 9768 3205 3613 1453 4813 3020 8077 9344 8413 14264 13393 13016 8977 6757 12044 13328 8828 3848 7028 9625 7244 6301 
1031 11423 11519 9027 4823 6611 9539 14843 9791 179 315 11451 9339 627 3399 11619 507 2823 1217 6723 12413 4995 12857 281 14273 14597 9005 1603 9367 7795 6163 12883 9 2227 11911 2995 10819 6410 9904 1713 7665 13926 1704 1120 7200 4173 106 7896 3318 11182 6996 5193 5025 12918 13008 14494 862 6892 8344 6765 10920 7574 13870 3676 11160 4662 13812 8058 2824 13290 10390 14505 302 2428 940 10548 11994 2978 11529 10557 14781 13068 3664 14386 430 13588 7810 10814 14769 7857 14772 7924 14874 6396 12585 13093 2792 11533 10112 13040 6104 9817 1256 2041 13064 344 7117 11636 8612 10448 889 2749 7045 3932 7952 9068 
10919 971 13127 5063 9047 7619 14339 11831 1071 11195 4391 6831 7179 2571 12327 471 10307 14043 7635 713 11513 9449 3929 1335 13445 2693 13961 13063 13301 11419 1411 3847 11119 12679 14575 13075 14659 6638 8121 3570 994 6066 12306 6554 952 1610 14606 4690 10562 9156 14164 3528 12 11700 1576 10070 2184 5758 11340 801 9114 9834 8496 648 3382 11638 11130 4330 13482 13018 2778 13701 3904 7454 1430 2410 14397 13876 12974 5158 8865 9228 1690 4446 9861 3924 14916 10534 13638 9630 9129 10754 10948 1942 9508 3565 11758 5252 4153 13580 6325 12241 4945 7688 1477 12788 13429 9236 2000 9860 164 4964 3385 1088 601 7993 
12371 3539 6371 5411 9587 3023 11763 14483 5679 951 14415 6431 9651 10781 9159 9003 7719 13503 339 4145 11285 13949 4181 11549 8501 3451 3341 7087 13927 11095 6725 5887 6187 7651 8731 13781 12765 9028 7158 8988 8306 8378 9240 12766 9972 14517 13538 13202 3753 11370 6261 11560 11860 11526 3194 1382 11706 5488 7785 8006 6964 189 12606 8820 12938 10970 2656 13329 12066 11460 14352 14160 10612 8834 7986 2580 736 14086 9274 10950 8781 753 1586 5748 7720 6126 13293 7286 5338 12580 2598 3364 2976 1941 2248 13549 13986 7081 12356 949 10184 5624 5653 14108 1472 12704 2377 7141 12140 457 8960 5005 3421 10969 8216 10585 
11879 13643 2183 1247 13391 3083 11075 4811 39 2103 13787 12963 10055 6701 8283 927 4539 3437 41 11141 14405 5537 8297 13779 2453 11741 2623 10145 7541 14755 43 3679 7423 10291 12859 14923 2131 14066 252 9645 8302 6434 13422 11841 10714 1125 4816 10122 12786 11414 7776 7144 9810 7812 9370 4354 5736 5886 1654 6966 9762 213 64 7480 11784 2610 9990 11628 12966 7848 13458 3948 878 1428 2350 7338 13830 3190 10886 654 12662 13430 3590 10096 6844 3372 6849 13598 9286 4248 6402 3873 9541 8548 10928 8989 10892 4508 13472 7933 8144 6829 1609 9716 3145 12781 1969 9872 7844 9145 13213 7069 2689 9212 12668 
4295 5555 2771 6467 8339 8555 5439 14711 8051 13395 3303 12411 8331 11657 2223 3735 12687 11907 9531 6149 5249 3305 7181 8597 6689 11153 10349 4409 8321 3943 3583 6331 13939 3775 9739 2407 7591 9151 11011 7408 9393 4146 8990 18 4562 6672 12016 13758 11044 1276 6230 10898 7334 11318 12076 3192 8534 5284 14734 8142 2362 11625 12844 7166 9760 4126 4881 13178 9538 8064 1224 10162 14018 10878 8337 0 2966 11782 2802 2241 2214 6990 9894 13782 6538 2260 12486 5052 9316 3756 552 538 1824 12614 14812 14030 3226 3265 12865 1388 2024 781 5569 11449 1249 10105 9193 4849 7585 5432 2077 7837 8269 12548 1304 10664 7381 2888 
7799 587 11303 10799 10691 743 10595 579 13715 8543 14007 4031 6627 9459 5655 8511 13863 6063 14609 12833 9821 1433 1973 4709 2345 9941 6485 13481 10207 12499 14647 8359 8611 10039 10747 1147 12799 11635 8566 8118 33 13972 3465 7972 9390 6458 3106 11440 14486 7905 3201 4476 10713 14626 8937 1617 1386 12018 3850 13720 2358 4068 14109 14224 14594 3228 11776 2438 5514 10284 3282 11265 10060 12324 6730 2980 7022 2130 4898 13742 5982 4402 9142 14126 11289 5008 12062 11853 134 9789 7920 4258 2990 6726 1080 14877 6948 728 14204 13832 14144 13448 4412 572 14173 6128 12841 13520 3301 11629 2072 932 9044 3032 1448 8917 13028 1208 
3623 14423 14291 14267 3171 6803 9611 5391 13911 9071 2391 9135 2307 483 4251 10131 2667 3101 10541 9377 7169 3005 245 7875 12797 9581 9547 6583 305 6223 7687 12115 6355 787 535 7783 9811 2827 7977 13554 6174 8938 13514 2330 590 6286 12129 5841 14686 3556 9210 1209 3472 3074 4658 2853 11678 6492 5044 7942 6856 5164 1302 1106 14964 12744 4706 2074 11886 6225 8428 12645 13330 8338 7584 2952 2565 5170 13814 14730 10894 626 13284 6816 9126 14361 12894 3592 370 3798 6400 2404 4414 9309 5024 1360 1465 12384 6788 4297 14053 3668 7369 5144 7232 6253 9008 10465 1165 548 4069 10136 11713 12260 10297 1933 3493 
12755 447 5723 10727 1619 2471 3407 1899 4463 13467 3299 9315 13223 5091 3807 4227 9147 12435 9953 2847 14285 8093 10227 2981 5405 11993 915 1793 11633 10949 9979 13123 1531 6523 4123 5551 11573 4279 2467 3274 3526 7446 444 10257 14016 6688 6597 12024 11842 4684 3549 5450 1246 7236 2662 2898 7653 484 12100 11598 7840 802 336 7610 1113 3758 4830 6566 6 8980 10264 10186 11230 12158 2854 4254 606 14326 2212 1936 1230 5280 8544 10890 6489 10404 1194 5346 6398 12470 3050 13461 10226 1665 741 13509 1090 8876 5400 11744 10981 2029 14509 3968 13808 1297 1597 3001 13009 10621 9709 2353 14965 73 12980 1225 3949 973 7160 
11339 1403 3611 5435 14451 9755 375 3491 14135 8355 13551 8679 819 7863 9831 8811 13599 8835 8897 6353 10697 4899 13637 11117 13505 12341 6005 12425 8143 4087 2767 10567 6667 8539 7351 13699 9859 14599 9178 8740 10428 2790 3018 8870 5412 7190 13942 11446 4480 8616 11274 1330 10485 11830 664 3153 11246 592 11601 5757 6862 6352 12790 405 8246 3230 5344 13377 2073 5424 1590 8700 9986 5554 7586 165 4198 1070 6574 1926 5800 12688 3818 14786 14044 4722 14238 4546 6820 8920 6208 10158 1950 1362 3249 1830 13916 3445 5929 14953 296 5665 6800 1952 7501 92 2336 1033 6596 2257 8108 8696 13760 14192 2593 541 68 
6035 12119 9383 11951 13319 8087 12431 14795 983 911 5523 1287 12719 5355 5199 4791 11883 14453 1097 3711 12087 6509 10191 7253 14873 6917 8563 4025 3979 4771 2899 9391 2035 11455 9667 4867 751 13999 2038 1096 2502 9477 7978 11536 5314 9132 2806 1896 588 3744 11122 10858 3478 1977 8494 3009 12210 4602 381 13257 10882 9454 1322 8718 14229 3386 4802 4576 11914 3604 8772 12698 10608 8778 2436 1158 7281 8908 844 945 5270 3633 2296 1594 11016 4809 8498 1774 6606 12774 14541 4276 1358 9048 13738 5697 1664 9433 11329 3080 284 9584 7057 2137 14473 12716 349 9488 2845 8564 1832 8684 11516 7093 13280 11264 11749 
11183 9911 8207 8195 8639 9671 13091 7307 1235 14087 8895 8943 4935 5381 11319 11055 12423 7827 1443 5499 14933 13025 12677 8981 1253 7205 3245 3221 11179 11875 8059 3499 8983 7255 8299 2263 5275 578 13146 1350 12034 7152 12096 13234 14754 8013 1822 5146 8220 11680 10474 11438 13270 4622 2712 9866 352 8721 2956 10774 9474 11250 14260 14433 12334 11724 5812 12312 5858 8440 1156 13665 1228 7590 3410 11410 1054 230 11630 14037 4370 10329 12954 6494 897 4048 3813 7384 10740 276 1012 13216 7864 11750 11913 10429 916 5581 4316 1400 12673 7568 11809 7412 11149 8905 9020 12860 11509 11245 8900 12061 12253 7640 10021 2965 
4427 1967 11687 2099 7667 1499 14327 13283 13619 8723 3843 14295 2187 6159 5667 14667 6195 10205 615 8057 2069 9881 2741 701 9161 5645 2357 7865 11057 10553 1627 10795 12295 11551 8443 11623 4711 1867 9750 3062 13029 14074 832 9070 250 10416 8022 4946 11794 13358 5388 8256 13924 13614 13677 7178 7348 5846 1068 7782 2346 6184 6084 12600 8606 3232 6338 2026 4401 9322 3330 10214 13674 8469 7329 6502 8226 5160 4890 1918 10954 14578 2776 8604 6604 14376 6028 2586 10818 6986 14774 7362 1658 528 14868 12777 9666 5756 248 13789 10160 2413 11257 11953 10789 11221 12848 12973 3296 12164 13441 10100 7760 3169 6332 176 1580 5821 
2867 14015 13943 5939 4631 2915 14435 12747 5895 12819 5919 647 1311 9173 4481 8307 581 2019 5343 8129 3677 6737 6449 10985 7289 8513 10277 199 8695 1361 7747 4039 5023 3187 10987 8659 4615 1482 8236 12496 4938 4968 11397 3297 10738 14649 12412 7934 11316 10221 14805 5046 1384 12978 8570 4740 3849 8100 10077 9465 7402 3786 873 10401 11136 5754 11738 13452 5746 1000 14010 14488 6993 7392 3042 534 2440 2230 3950 5806 14534 13005 3184 10149 7677 13576 7860 9321 186 12710 12038 5970 8557 4794 9553 912 11665 2497 14365 6188 9829 14672 10861 697 8864 12589 12896 8281 5161 9320 5012 13076 1184 10177 10232 
6647 6707 10343 3447 7871 13967 1467 6923 11975 13419 5507 11475 6471 3003 7923 7883 12233 135 13397 1179 5993 17 10815 13013 12965 2261 233 3905 13889 8525 3079 4099 9163 3931 6571 2935 12007 463 6636 6393 5592 9594 13552 1536 14409 9801 730 14678 2730 3718 6333 10737 2446 7104 9794 3118 726 8913 2058 1701 6873 5232 14100 10626 1674 12904 11718 10150 310 5853 7600 1130 13300 4116 7809 9144 12340 14006 11426 3874 1137 674 2266 8550 4545 8424 4992 14810 12518 10101 7718 3422 3430 12772 7526 410 9476 2972 6644 2432 13405 12476 5737 6853 5905 13045 9224 10784 8660 5209 8521 7556 12985 1160 12469 3217 668 
6275 1907 9959 407 6599 1151 3743 3719 14003 495 731 1107 1383 8667 11235 13323 14187 8391 14127 6077 10481 5021 3377 4877 2573 5669 4277 6821 1639 271 5743 9343 10399 5167 14971 2203 2143 11311 11946 4149 4644 100 4948 11500 11798 10120 1842 5116 7938 52 7353 1005 1622 6094 3717 12837 612 2530 12417 2342 1078 3352 9814 13816 6120 11018 2337 746 4902 7485 4120 9712 12604 3662 7908 1653 6082 7902 2884 2160 14080 3492 14446 8638 12134 5366 13389 7888 9506 8154 3996 11433 9656 4792 7389 4472 3097 524 1436 11113 8185 11521 6656 1460 2420 12097 9128 13688 4621 9781 11845 3452 14276 1772 7873 
3071 767 9227 1115 13859 3875 2255 527 1799 5615 12047 6503 4287 1707 9975 5775 13971 683 14955 5831 12063 3351 1371 1275 2547 11751 12365 6135 5117 14393 3317 10805 13925 11007 14261 9845 5861 8021 10745 13997 1481 14525 9931 14515 3559 7819 14491 6595 8071 9379 11887 4291 12533 13591 8227 10459 1111 5011 9319 14767 582 4891 5983 12808 13766 10980 2181 13308 6060 8954 1392 10506 11826 8542 7900 12270 3734 7818 756 1041 2066 12420 2618 3708 14316 14830 7204 9738 1008 6854 5634 13636 8400 11578 7542 1656 10089 11140 1890 2006 11454 1738 10041 14412 8710 6522 9110 7358 14217 1062 9730 8380 4094 7300 6490 4240 13182 7593 14506 2232 12074 13941 12722 3177 3954 9662 10470 13384 14340 8414 3808 7053 6480 6012 12045 7894 6058 1870 6530 438 5902 7461 6430 10722 7994 2649 7638 10178 3900 1356 10166 7722 14218 2208 11444 8322 14782 14918 11878 13528 550 778 4738 6940 12757 6637 13237 918 10573 14881 253 2876 7405 3133 740 13976 2672 4496 9589 6032 10357 2168 11605 6661 10501 11089 3584 12152 3829 9733 7297 7573 12872 2929 4321 11864 5173 14605 8497 8168 13592 11204 12236 4045 14216 12944 8312 8264 1657 6704 1292 
7775 5519 14387 1379 3527 13259 13343 2415 443 3239 8855 12975 8091 4335 9311 13145 11127 623 2739 5715 3135 6641 279 3891 7779 13383 2403 4169 11559 5741 293 221 11981 1457 11967 5321 891 11261 521 1027 8273 12449 7771 10505 14981 12631 617 9629 13471 12185 5395 7853 763 4603 12895 12703 7063 10639 12148 11239 13144 13194 7440 6642 4668 4185 6878 9434 1128 7502 12820 2374 2620 7758 744 12657 9364 3172 3432 358 6969 10272 13821 12806 9430 10262 6738 12682 4324 6465 11062 3304 12528 14182 3110 10230 4346 9954 8097 13862 14938 5961 1728 10800 12434 9012 4588 1418 14004 1038 8373 1296 8654 12902 12832 4924 4461 4665 2025 5301 8858 2166 14110 3222 2016 7185 11434 9856 11030 3933 3670 3794 7050 9150 8061 518 2426 2109 13374 2968 9304 12426 8508 10758 7274 7094 4404 13288 813 9772 3494 8818 684 14464 9310 3952 1773 7036 10194 10634 7470 4000 11206 4618 7904 2998 2646 1376 3973 12009 8814 14684 1513 12248 8852 3200 9284 12445 1148 2552 14540 3764 5540 9812 2216 11677 6860 14312 5780 8672 3008 12289 3344 14353 11144 14221 13148 5365 4429 9877 10069 3985 9608 10352 4892 12932 13412 7088 12709 2641 11425 14528 10844 4057 
13439 7943 83 8591 5627 2291 5351 4415 9431 9263 7791 1539 419 10395 3599 255 8007 2007 4083 8463 1815 8343 14727 6281 2655 1155 13191 2355 77 3209 12737 5561 3581 14357 5261 10793 5513 6245 9965 5957 13613 7313 10167 6545 6845 7037 9053 8813 8743 6401 6089 9955 7447 10135 1399 9715 2251 12907 12547 1375 9930 5923 11995 9549 2431 7027 4912 4008 374 14450 11890 8997 1905 14358 13494 13392 5814 4070 6346 8278 8898 5466 4866 5050 4488 1786 7096 14829 7346 13224 2746 10086 6478 12570 7617 5188 3772 3010 10533 9282 11956 6633 1094 2430 13838 11362 6216 3862 11049 604 3084 1198 398 8884 13934 7202 7456 4962 5340 10930 2258 6744 868 4874 4646 3496 1564 5553 6954 11577 13176 14270 3936 2868 7473 4408 156 9078 2334 10182 14790 2878 12478 11920 7518 1762 7092 13078 3868 10298 11194 5976 11284 4413 12046 13730 5784 7866 774 81 1089 882 13982 10180 4108 10424 12928 4460 2096 6792 4066 6956 1328 9169 260 10441 5833 2384 13952 2677 3841 5936 11276 4712 13772 8245 6668 14240 6373 4309 12793 8528 4748 1561 9416 3325 1316 13784 13484 5180 13345 10124 14785 13597 6181 4268 992 6212 12992 10165 11492 11252 1333 5192 
3455 3063 3947 6455 7487 11243 3207 6479 4979 8139 6027 4115 3035 6147 13043 9987 12623 215 7769 11355 6867 591 13991 9243 8427 14967 10707 14513 1583 13743 10121 9557 6329 4 12941 2813 1241 797 14225 13673 7577 9125 6941 485 9919 3809 8489 4303 557 12307 11753 1315 12943 12727 12331 13351 9115 6451 11491 3199 9427 931 1543 14328 9088 1022 10780 3897 14865 9604 7318 13434 957 9490 13848 8073 4298 1102 6348 5952 4629 2284 4216 14434 8406 7210 10466 9429 10156 14370 4078 12290 11937 13672 622 13900 5652 7254 12213 12298 602 1098 11169 1780 11482 5392 10636 9518 12036 3076 8668 816 1298 8526 11488 4966 5337 6192 2560 7956 5002 7982 7672 2890 3336 8793 7142 14200 10090 12612 2601 5656 718 7230 2942 11877 11164 7893 7962 846 3666 14196 5512 10764 1341 9576 12576 76 2234 14778 6318 10164 12064 12394 11910 5058 9664 10030 6206 2688 4410 5793 10537 417 11205 3140 5336 13506 14656 4208 1652 10340 9560 2156 1844 445 1141 13309 692 12121 6133 3229 1837 14677 1237 1045 589 12200 9409 2864 4856 10525 6265 6985 6584 4345 1928 11737 632 3980 7597 9920 5941 12908 12416 1153 9164 4105 11060 5060 4652 13777 
14891 11663 7079 1223 6347 3143 9167 10911 155 8691 8219 563 1623 10151 111 4683 2687 3959 12539 7083 4563 6759 2931 14151 3363 7131 8367 8561 3987 5811 5331 13299 12497 3977 6881 14775 12389 9077 6377 12137 6665 12869 8969 14693 12377 2321 6931 10757 6271 4363 4951 10685 14803 9523 79 14731 13411 11023 13819 12139 4255 6619 3871 14695 570 8407 1512 13788 7062 14025 12250 328 2368 9914 2220 11361 13356 4306 14614 6218 6242 14524 4953 6894 4905 7689 8706 14894 11292 5750 8769 2532 12986 7581 11772 4770 14230 3108 10252 12130 13754 1852 2534 5402 2040 11469 5358 4392 6958 12408 12996 12594 1092 14418 981 3885 10454 5328 4554 5918 6189 13690 7 628 1282 1506 4072 1720 7116 9718 10228 14248 5370 237 5004 2020 6266 3362 12386 738 69 8634 4900 112 11572 6825 14002 2970 546 814 304 8632 6314 7858 10233 8318 3182 13510 13173 9054 200 14242 7958 14498 4058 12145 5985 9116 289 12778 13070 6973 14924 8060 12632 4844 13801 452 2053 14641 2444 3745 6140 9824 8120 5233 6884 7237 11437 4424 9692 104 8569 7340 14888 1189 3085 4393 8209 13645 7981 272 8240 884 13825 3277 2708 6493 14917 9596 11564 10945 4609 6949 
12239 8063 11459 14651 13031 10883 51 3503 9915 4167 935 12695 6579 11507 12111 6675 4191 14859 1323 5547 7071 195 7901 2621 2247 29 10323 3173 1527 10361 9293 1263 8655 7011 7733 113 4097 11729 4037 12843 11501 11453 929 7061 2525 14309 13829 6953 1699 12283 1963 499 8959 11479 12607 11131 5575 3295 14959 727 7567 9019 12463 4699 5635 10206 12513 4111 9290 9542 10017 2700 11133 13050 7822 8764 9976 13756 11176 4456 8776 6244 4096 54 5100 11938 13152 3810 40 14205 1324 7910 7000 12948 3766 8530 1437 13944 1258 6453 13444 4936 5110 11448 2122 2406 5854 14448 14392 4680 1370 6054 3610 14745 1917 3854 11302 6444 11742 5446 5914 8880 8822 2158 13722 2901 10504 10382 6114 5790 14841 13485 11925 1932 208 4932 4458 5916 3360 12393 4572 78 1540 9585 3408 6808 11908 5698 14234 2442 3930 3806 3054 9278 5940 12165 2170 13302 13320 3218 2782 7030 6842 11193 7128 7528 11188 777 4513 6649 7945 9085 5082 4002 10369 1796 2917 1117 13621 4177 800 1741 265 8965 10057 7189 10849 11708 5516 6752 10393 1556 8732 145 2341 3769 12512 14377 865 9056 11504 416 14552 4124 9301 14629 4897 5497 12296 13285 6728 14977 13873 11816 5725 8516 5197 
13151 5123 7067 11135 8831 23 14363 6167 13271 12659 13331 515 6267 11331 3687 13623 14627 5147 7247 9723 11583 11897 4875 6567 12809 14271 10059 13899 11607 1083 14979 3387 257 11837 11045 12977 13421 3951 3591 2705 13625 13085 14057 7325 10001 10433 8861 12257 6643 4385 12521 4351 9415 9499 12667 8107 1039 14827 5479 3607 14227 6739 9943 7111 1891 7291 7970 448 10828 4260 4870 5234 14364 6462 3832 2289 874 14942 4360 202 10692 13966 14356 11810 1032 2718 13408 3057 9208 14538 8757 2716 2409 10 645 5578 14050 1605 7266 11676 10078 14542 14296 14822 10222 7854 9598 11616 6506 8934 14114 13014 3789 9074 8390 3852 3918 5373 6760 6190 2061 12138 820 4810 9058 11486 1596 3958 11342 14836 13773 9514 1930 5694 946 7425 2462 10026 12336 10558 14558 5409 6528 7646 12004 909 11757 8836 190 3866 7670 3170 14980 6364 12166 7452 7382 540 4798 12621 1446 8661 13502 1953 7960 5796 5080 5001 11696 4064 13604 904 4114 25 11168 13117 9565 2228 1813 12440 14288 481 661 11701 6145 9260 11480 11785 6889 14317 10016 3512 4477 4292 4832 12536 6248 3392 2840 5612 12212 12092 11384 2516 7700 8384 5816 12889 2696 6320 13160 4201 7801 11197 2360 14233 
3215 2375 7955 8747 251 10907 4187 4799 9435 9239 13019 3707 7679 7815 2519 12495 11531 12443 8739 5511 11955 13815 14559 7803 14247 8255 10683 8871 651 999 4551 5441 87 8933 5295 13147 4673 8945 9137 5573 533 6629 1841 10289 11201 7661 11717 11357 2093 12437 11671 12617 10243 13207 715 11983 319 6343 6979 11851 12559 14239 14251 8887 4903 3516 2095 2726 13332 1644 2376 9609 13470 3006 3348 8815 8146 8184 4858 11812 3597 10857 11562 12282 1744 10802 2702 8262 13950 14848 6316 6006 11450 11442 8330 13046 3045 9804 8618 3052 2818 8902 11961 14642 11102 5394 2510 10270 12264 10677 14625 4653 7414 3112 7510 1526 14457 14253 12566 3285 11962 11594 13164 7572 8270 822 9456 14824 3646 1569 2616 990 184 14194 13248 14632 2650 220 4682 926 8926 6350 806 11848 11721 9694 8808 808 7606 4896 13834 11080 14562 2596 2582 3261 11568 14870 9130 4374 7522 2590 3946 2210 5973 6406 10197 1018 6950 1442 1497 3697 414 5198 14466 5984 6908 9898 10736 10880 4753 3457 9217 1405 752 13945 13220 6344 11497 9788 7172 5641 8228 14113 14413 7813 97 3433 9361 4741 13232 1129 3037 10592 12265 8444 4160 13885 8492 9440 5101 11689 2509 12392 1220 3224 8276 704 5156 14168 10412 
5387 6299 7767 11447 14123 10451 4559 9155 8379 11111 12363 13055 4419 13463 9183 4467 5955 14931 12015 2091 2259 11579 699 10719 5975 4301 13695 10623 12149 6795 11873 411 1625 10853 7493 6677 12821 14825 5921 6461 8633 3629 14585 9797 5657 11165 2465 10769 4159 7939 3439 11251 835 4399 11275 10075 4651 13087 2167 1495 2551 1435 10087 1159 5647 8949 9283 3210 11709 11544 11538 3458 8688 10380 9702 6684 1598 13396 14438 9741 6612 8430 3434 5157 12012 4300 1648 1582 14896 14844 2270 3588 2494 494 14738 13936 4744 7242 1593 10254 11388 1908 10036 4026 10106 13089 9880 6838 1036 369 6690 1422 14208 14834 14584 3814 12878 3393 4394 4600 10080 11094 11596 1984 10029 7674 10350 3338 9612 10644 11406 10044 14592 8514 8709 1869 7401 4378 9201 2518 1178 10521 11854 7596 2850 8320 3934 13882 2110 13666 10142 12640 3280 7806 10996 66 14566 885 6936 3957 5798 7881 9276 577 408 8652 5724 5076 9888 9770 2305 7064 2466 11752 8233 7328 13129 9097 3236 13849 3284 14941 14072 14468 5216 11468 9241 11821 13669 13681 7393 920 721 2468 8929 3212 10213 3853 6812 7681 512 11576 8425 11420 14821 9265 14504 2401 5672 4352 10633 6793 3793 5972 2144 9980 5096 2732 
3323 13919 4919 14963 6419 14903 14391 2231 8519 10631 5795 1535 5279 10895 3615 10319 7503 431 10827 13583 8967 12099 14643 6447 13227 12783 7215 53 7143 11003 11703 8237 10373 11931 14909 8381 11393 6317 3067 1817 13733 6869 8681 11945 5357 10783 2933 2801 14071 7961 13457 259 3691 5839 13915 14095 10159 1327 9571 3307 2107 1591 3763 2983 5382 2875 7039 8122 2455 11764 7084 10545 4270 8992 13426 7536 7816 5326 8138 2613 12369 5090 12748 8362 4212 4920 13912 12249 13228 2340 2994 198 8016 122 278 13410 14008 6324 4624 8966 10386 13062 7269 2349 1836 340 9982 930 9981 11322 7730 11157 6210 14520 1266 3028 13740 8368 1152 12564 3234 10766 6358 4716 13660 14481 8280 14674 8224 6618 7704 12960 7058 7168 12592 14190 13888 12638 5374 5618 7824 1072 3400 6534 5364 14638 14536 13776 11196 11061 10756 2164 1074 10726 672 8522 9686 4782 3902 13878 2870 10594 11874 2010 12897 12714 14652 7708 982 394 876 14076 2472 286 4400 11086 10909 14360 5980 976 4136 5065 10129 8744 5413 6037 4333 13033 1393 14372 12680 12397 3440 7489 5305 8420 1093 14269 6272 9649 9512 3272 14060 3128 1280 9092 11617 5485 2288 1777 8768 9764 10045 2389 5684 4369 10813 14773 3241 6440 6572 14497 9769 
455 5051 1127 12143 2315 9359 4703 12231 9335 7571 27 6947 863 11315 3315 10943 7715 10239 8327 6219 711 13587 12999 2963 12867 2295 3759 12375 7323 2943 11547 8271 6555 2417 1553 3567 6495 1901 6029 1947 12953 1325 1109 14237 6125 11957 11225 8151 11899 10709 3329 12235 1507 10937 7159 10651 5563 10411 1075 12919 6511 9823 12144 11035 13015 3727 1939 3799 4264 3811 8112 9583 5874 1466 10246 5217 8162 13250 9828 8128 11382 5464 3102 6336 6678 4714 870 13893 10900 2673 2142 13948 5616 5925 4504 5181 6998 8088 14280 6666 10648 12910 7560 13209 8250 4989 4725 3840 9453 11378 96 2800 4365 4982 14796 3585 7588 1202 14832 1270 8298 4190 10498 10978 11220 7680 7594 5124 890 4806 12050 6030 3286 1056 3741 13918 12962 13572 14210 5404 2752 7632 2088 6486 12888 4206 998 2470 9708 12700 9010 1432 13590 1758 1216 10146 13306 9148 3429 11184 6422 7890 900 6910 1944 2481 7878 10888 10584 12712 978 11002 6312 4204 910 7802 393 13869 2408 10544 4060 5892 11761 6169 2480 2912 14401 14096 14689 1052 2605 14581 6524 9517 7496 2204 9884 10328 7261 8084 14936 325 12277 9205 12961 13088 14245 793 536 5545 4597 4040 11336 9452 14660 13837 3049 3925 14209 109 2540 11732 5053 4580 8809 
11903 9683 10787 7499 13431 14159 13235 1007 6671 1691 3815 10991 13187 3065 2447 3659 8115 10863 4283 6519 5583 13443 9387 3927 2759 7623 10875 7311 8547 7659 2151 2427 1505 3495 8715 7707 4745 4289 2369 1649 3149 5165 605 6761 10661 11537 7025 3869 3185 1471 3137 5945 14033 14633 5047 13315 13243 10339 13423 3787 10807 4747 883 1207 5143 10447 12163 13867 703 10602 1687 1470 12150 11650 262 2001 3621 11880 2416 13058 9218 618 7912 10054 4642 4917 6262 7486 13170 13806 4836 4560 2632 13536 1528 6246 11506 1214 2734 4320 2104 9825 4701 10938 7162 6048 7394 6782 11728 2229 14928 6898 1929 7804 861 3988 4869 14604 12730 3262 8673 886 345 6122 12789 4926 4500 7682 8106 10872 13708 492 5850 7290 6994 4092 10650 11186 13286 12654 2692 1900 7298 549 5898 14214 8208 6096 12890 2750 11428 5506 12525 6813 6310 8841 9993 14634 4800 7852 9042 168 7862 7426 13574 11868 2486 3346 7029 14662 1017 12490 13386 11190 3998 4617 11314 6370 4732 6409 9961 13582 3721 14329 13436 8720 11641 6289 3961 3121 1364 2173 3704 8804 10616 6716 2113 5353 14293 1124 6277 13112 2684 4681 6517 12565 1105 12685 5456 5492 11965 8053 1585 10153 1 4568 5689 12308 7112 841 9356 5360 7717 10093 4789 
1703 299 10403 6767 491 4667 9599 12359 11759 1055 10967 6251 14171 3227 2651 1035 8531 1871 1355 12407 2811 6263 9999 4239 7695 399 4851 2319 10407 4659 7275 3219 13167 10611 8141 8523 13973 125 329 11129 13493 8201 7121 12785 14957 6365 1937 7349 3797 2429 2475 6497 451 5239 8249 3545 6079 4147 9451 9103 14287 7051 12595 5287 12571 11563 12355 871 13291 8635 586 13735 1461 13312 12358 11894 4860 2136 1914 3894 12750 10008 9838 486 8572 10966 10293 13932 12502 11786 10658 4824 13114 3682 7450 218 12108 8361 12694 14854 8474 14682 14308 12534 8397 7562 11296 6232 6298 42 11208 4168 4101 1710 11514 4210 6456 4698 14112 5622 3820 400 9912 14222 7197 3328 5390 4398 12094 2514 5493 11736 5904 530 1284 10348 9802 7842 13204 10218 10464 9530 12322 6822 216 5014 4242 1646 114 7686 2100 5104 3792 6753 11930 11076 6826 14040 13606 11290 3502 2578 14460 3906 8922 694 7514 2690 12472 12256 12616 10680 840 9690 6801 4804 1761 4202 2476 4994 12482 3802 2874 9745 12505 10173 5245 6176 13141 8797 4909 5773 8372 1040 2629 13357 9896 6157 12901 5720 11720 853 7345 11408 12764 9140 3637 14972 14521 3464 10652 6565 8701 5552 5228 1760 11485 14593 236 11401 12884 12500 1196 7129 8785 14588 6361 5240 14809 
14459 4175 9299 12551 10007 6335 5651 4751 4299 10139 9011 10359 10391 671 10271 13835 11643 14223 14751 3795 2067 14583 2535 11439 12507 9939 923 3449 14307 6543 8645 11103 1791 10515 10103 3411 8453 7421 4059 2393 11523 12929 1613 14429 14681 821 3401 13325 5177 5633 12221 1865 8455 13373 3619 14011 6859 11515 10111 8575 4195 7363 6763 12991 7303 3355 5875 3964 3883 1468 3504 13432 3206 2496 11068 12021 4970 228 1101 9166 13550 4857 11734 6514 6674 11646 3358 2706 10821 10282 1286 12922 5574 10864 9162 10792 11022 2628 8356 11092 1218 9840 110 4950 9950 11928 7830 986 7898 5818 10788 7038 11954 4840 12732 10413 3638 504 132 10629 3333 5368 10836 10936 2457 9921 13324 5010 6660 10502 8594 11301 7048 12624 9314 12686 10161 14474 8520 3609 5092 5332 6022 60 10720 4614 11272 14390 9720 2946 5426 14046 11574 5334 8002 8502 8268 9038 2757 1764 8788 5196 14637 2774 5206 10144 9504 1492 8860 11872 1444 14034 768 4797 12718 6362 10554 12380 3517 432 8810 8941 6697 12008 241 12920 4225 7789 1621 2737 8257 8749 12433 11900 9973 11588 6673 10705 7808 14929 3416 32 12997 11161 14432 1285 3709 8713 1921 12104 12337 5768 14912 9037 5840 3332 3937 10712 9049 4249 6313 14533 10808 14029 
35 9143 227 9731 11795 10703 14975 6899 2531 2879 7031 6959 3203 11891 5699 10763 11979 8411 759 14379 1395 5571 11351 5463 10431 567 9351 10443 183 12003 5607 10311 13047 9855 8693 10587 13913 13205 975 6221 13565 4337 13001 14211 9761 6749 10085 14887 8345 2153 7903 12689 3103 1661 5899 10855 2743 8179 4171 12127 977 355 187 9991 7075 11935 9127 10843 2695 5203 7950 258 5584 13545 7630 8426 12234 12828 8532 4473 5438 8314 12093 8644 6024 13065 4089 2390 1050 11025 13646 13034 9246 326 10668 8800 3514 9018 5194 12057 662 1698 9822 12746 3426 1826 6276 1034 7008 11622 2640 13174 5462 558 10941 11244 3174 8481 794 264 7098 5702 5006 5474 2282 8092 9076 5889 597 285 3000 94 3993 6962 13212 14104 14206 10822 8290 8830 5094 2570 93 11694 5397 14522 10518 13378 2961 14090 3381 8506 5472 1670 5433 9621 8637 2574 142 12926 1416 8774 2469 772 12480 4998 4610 10188 8734 436 9118 6909 13998 9285 7892 1488 4734 9925 4052 972 3908 14324 10201 14816 6925 1633 2785 3109 1849 2185 3649 10009 4796 7436 2120 5084 7196 6080 14000 3572 12488 13 11000 1496 836 7376 5468 9944 4873 4184 1724 181 133 4573 5708 13369 6500 8629 7285 500 10196 1880 8545 
12983 10463 4475 13007 8459 10043 10439 3767 4259 13115 7931 13535 2559 8991 13803 1991 7335 9375 2367 12831 3531 12207 13851 3519 11295 3771 2135 5015 7433 6293 7527 11273 6483 9615 3689 7373 5979 5681 7793 13853 4217 2237 10181 11919 13435 2657 5201 6473 4613 3509 2119 14143 4577 7339 14119 6895 151 13711 3127 5707 3427 2047 5335 8827 12271 5378 10999 1675 8923 9170 3460 8130 5568 14846 7194 1986 6093 14706 678 10278 14518 6144 9342 1552 5601 1978 402 12105 13540 10365 11445 5416 7732 6984 10798 14421 14622 11870 350 234 3146 2758 3417 306 10926 2634 10108 1608 13910 36 12177 14378 12081 3324 1588 10624 1806 9153 3746 3357 12816 5350 6590 5958 10326 8889 11356 14685 13442 11510 7554 5944 6050 14842 14136 10932 14440 3921 3606 4578 2445 6369 9072 934 10512 5013 9729 3634 8470 5978 6802 7233 6902 13382 9634 12010 13980 1426 693 4984 10762 6186 5829 5922 10684 7800 7390 7072 13874 13994 9897 4786 14878 386 2900 8737 6300 2134 13196 7268 3061 3013 6877 1616 9704 14252 1868 2197 4604 5864 7201 12937 11684 5372 7364 13897 10172 12733 9529 373 9457 6613 6980 3644 14792 11593 4880 6013 1712 8893 8024 12116 5713 12224 6920 7604 10549 11672 10148 1676 13501 
1547 12923 2279 5771 14303 4571 8027 14883 6851 7583 5675 9543 14039 611 11175 11219 2699 963 12915 4767 13239 3255 7403 6779 5943 4011 13287 12567 1143 867 6399 9795 5079 11249 1805 13793 14475 903 8907 10865 12353 5849 7097 4697 14103 6053 3473 5873 4049 11659 13049 737 7277 6989 10517 103 2383 1807 12655 13495 1291 5191 7889 14839 10435 9199 9463 163 11167 3031 7603 8911 4156 6924 13116 4152 8538 7113 7932 1504 3816 6585 1612 9868 13017 5614 5518 7396 12958 12830 574 6570 13264 13473 7608 9226 11402 7989 13344 7006 4882 3768 14722 8680 9213 14158 14092 6446 8018 13294 936 2014 13894 1838 6250 5410 8928 6090 10322 14265 9446 14176 1878 7176 12754 6482 6861 2829 13000 12297 796 10034 4692 7696 8524 6102 9124 12990 10140 12258 5406 1320 7834 4438 62 508 7706 742 2085 3856 13824 12468 9876 8510 11606 2070 5442 556 8500 3342 12898 8662 117 9146 7101 2244 14658 1946 12252 12136 8925 8817 8630 1161 688 4282 2877 2236 11653 1440 5968 13189 1660 7356 3788 12320 584 3680 11612 6260 3313 1909 1873 13537 10273 5876 6913 8593 14665 11660 14300 10064 14005 14804 2701 8540 6416 14900 10676 10460 5473 4453 8509 8756 4093 673 644 2348 1861 4441 6805 12133 956 5348 1604 5732 368 
59 8567 9563 5471 5379 10115 7103 11267 9107 10019 12627 191 1119 5195 6239 11939 8055 95 4395 10455 2495 11667 3783 13119 4739 1203 3867 2523 2871 4719 9231 8415 10767 8003 1961 10253 8993 10457 14381 1721 1709 3641 3833 10721 12701 5093 1493 5213 2873 12811 967 4483 8657 4327 14911 6391 9595 8707 6319 5491 10015 9139 14563 8599 5059 6698 6408 11654 3574 4795 8044 13098 7774 9556 9360 1473 5042 5650 10066 766 1782 5325 14169 9100 8973 1641 1476 2116 4041 9574 9948 10653 12838 9105 6694 10452 6912 2529 12976 5730 14582 11964 3650 9369 9194 10248 11862 14601 2566 14368 2044 2630 13546 12326 4164 642 3374 3100 3160 9882 13929 14902 12590 11282 5022 6381 12292 13462 13617 854 11698 11926 2325 2004 3094 1048 1170 11518 14106 11058 6858 4024 3765 554 5950 3544 6952 2361 7120 13186 6758 2937 1533 9778 11350 11733 11310 14872 14470 13526 2992 282 5205 1176 412 5726 2973 10302 429 12522 14241 11308 10953 5085 8001 6302 2857 7472 12586 4005 2588 9536 13417 9637 10772 11228 9728 14149 1309 2221 12692 4189 10748 10561 5089 1981 7213 6001 11125 313 12524 4676 6404 12560 10388 3656 517 13388 13532 14840 4285 8461 224 4616 11461 12188 7124 6841 7357 9968 7928 685 14084 
4307 3563 1715 11867 7091 1487 3731 7055 8603 3099 10607 659 1095 6107 2831 10419 5907 3095 5595 5235 11747 9519 13935 12171 7683 13359 13071 3915 1419 1469 1131 387 4349 7745 2883 3617 459 1121 4397 13649 8189 5189 1589 12545 8585 14177 14969 1733 6617 1157 7217 4793 5587 9295 10613 12079 2371 2179 2287 7171 3163 8083 12391 4663 6127 14323 8287 5935 1183 1231 6654 4522 8560 3448 804 8194 8436 14052 6580 7188 11836 8541 2498 12098 1006 8646 3132 4082 13653 12442 4332 2196 1065 12840 11258 6790 4161 9252 6000 3754 5098 640 10402 13896 6016 2764 10458 11385 670 14310 10638 9306 2608 1848 4353 9466 11148 3306 7602 9732 502 8517 11280 3532 5026 6374 6718 13486 9994 2050 9414 6546 4888 7305 3578 10324 11376 3782 14966 13584 11692 8446 3714 7737 4344 1686 6129 13694 14968 11716 3858 2930 12818 1725 1734 13734 5445 14818 14630 2320 748 14134 5926 3278 610 770 3945 11906 2090 4110 14049 1366 4065 3244 10098 11306 14082 13256 8656 10586 10168 5974 5221 178 14078 9908 11372 8113 3548 6865 13988 2725 13753 1904 2240 9104 8036 9152 10796 8293 11833 14305 6008 6337 4556 3956 3104 116 6308 10364 1352 8300 4448 8504 10040 6152 14557 7484 13453 1820 2437 6817 12157 61 14048 14089 5660 440 
9035 3179 5903 4151 8939 1607 2579 7331 887 3267 3347 3671 12011 5423 9863 4787 11783 7971 9555 449 12227 6375 11535 14439 13539 14535 3423 4967 2343 8159 14895 12987 2463 4157 6951 7539 12749 11177 1347 7085 14921 2177 11801 12917 4121 5885 2009 7553 12315 1673 7601 4241 9175 7637 2597 8849 5779 7721 1519 13135 10483 2335 5035 8191 9643 5515 4927 5851 799 14203 7459 12643 1879 2313 13507 4420 4269 11829 13987 12288 5562 7156 10294 1242 14718 11110 13953 6586 201 7582 3141 1020 14616 10716 2685 8188 7545 9417 268 1845 4186 4308 8464 11745 11142 6592 13914 10318 120 6254 465 2150 13296 1788 13113 10216 2318 11610 441 5289 14860 14038 8214 1257 8512 11517 3198 7368 5277 4310 3030 6750 1974 6549 4884 5752 7564 10678 12350 3790 11386 13440 11128 12333 456 6746 1002 4125 1677 1680 8272 1014 10176 5865 8628 3986 7650 12988 5920 7278 1689 7869 2846 4660 9000 3276 10992 14814 7929 7557 4056 4737 2985 10974 1332 7992 3760 906 7884 6306 12388 7533 14794 9052 14948 5377 9684 424 13273 6433 7657 3776 10777 6236 14749 13748 13201 829 6692 11365 4957 4825 2060 11876 1064 13904 12752 12824 2761 14756 13004 11132 12853 3260 8624 5509 397 8048 9613 8972 745 4640 12637 12176 1520 14180 2989 764 7921 9277 5108 
6155 13799 13427 5603 8111 7787 14543 4655 10187 11271 10331 14195 13763 6491 7859 12347 12195 12279 10479 5259 6687 9479 7059 8475 10155 4179 2591 4647 4311 5631 13527 13769 4455 10143 5393 14787 12761 6303 3941 11333 2633 9641 353 4757 12471 13361 2297 11561 9653 11609 5609 7975 11825 7133 14081 14611 5911 4001 5623 11383 12211 6835 4843 10912 8347 12043 14479 5131 2862 6799 10879 11332 10710 14890 244 9849 4638 8896 1413 6280 13626 5896 490 1166 12726 10478 129 3398 5740 7005 10236 8066 7570 9406 11150 10072 8762 13394 2102 6378 3288 3890 9256 12885 11298 758 2366 6484 7056 9658 1972 13353 2198 4314 11604 5178 4838 7296 10396 3630 192 13833 10750 12706 6321 4764 2205 3046 9537 14982 6198 5906 10290 1509 6106 7845 14274 12998 13718 14736 5481 8388 1326 5102 7186 9006 7074 4236 1042 13578 8610 8838 11349 388 6798 10876 5349 10046 7930 3796 9238 8546 8918 10174 2246 4104 3870 12717 7870 9280 1086 12002 7516 13864 6304 7293 7996 9230 3501 3882 5820 12284 3804 922 5257 13969 13513 9464 14396 1808 464 1028 2653 613 11581 4033 5041 8137 2048 860 14348 10028 9133 12169 4861 3349 10484 1232 6968 12649 13765 8192 4592 2617 10004 10244 10225 5857 3337 3944 7256 2816 6944 733 2132 9889 4004 
8387 11651 12203 9947 10979 5591 6743 8435 10571 2951 13847 13703 12899 6047 5043 9411 8795 11043 14919 5735 11787 3557 10503 12723 7587 10275 5931 4623 6843 9867 6269 7949 435 4469 3339 9627 101 3077 5033 1541 7193 3533 10915 4731 4937 6903 7697 5057 8465 2081 12151 3271 2021 4493 11345 13399 1193 5071 905 10975 1387 14383 1723 5791 2323 12979 403 3151 2272 9636 13198 7231 6885 4848 2193 13238 12444 13190 2661 9182 8082 4852 1958 11958 9674 8176 8968 657 1318 2522 6537 1618 2277 8422 372 1310 9528 8796 10486 11474 8346 8682 14032 6026 8366 6112 5362 11126 9117 2606 1785 2721 8014 12276 7070 14728 594 12736 7490 14286 14704 8826 7222 4034 3624 5218 12266 2954 4462 2508 11970 13438 3384 12854 10406 1044 6052 174 9736 13322 12261 1212 3826 2402 7173 6010 1490 11688 750 4432 14766 7552 13884 9806 6794 11277 11714 8982 3916 14976 10212 2772 1420 4581 7512 2642 11202 1954 13658 6906 10884 8728 2697 13642 6429 2458 961 14985 6632 10170 11238 2478 8730 7294 7874 13530 11072 7969 3505 6848 13957 12493 1273 560 14449 7676 11557 7208 9337 11756 5408 1057 1688 13100 3397 13249 4688 3781 7249 908 3253 337 8221 11936 14564 1645 7856 7825 2317 12745 13400 14156 6896 901 2012 433 12956 9956 
3107 119 4943 9191 6659 1751 5891 7811 2051 11835 4679 4499 5739 1647 6387 12263 3 3251 8771 4143 1563 1019 1731 10823 1895 11379 13335 12479 10899 10659 14631 11471 4407 12245 4491 14619 10923 4085 11093 12113 13937 8825 14441 9989 14249 6965 10493 10325 1685 629 8393 7951 1303 677 31 1099 1123 8095 7615 10255 7195 10097 127 10723 14587 115 3535 5731 8263 2851 6847 14047 969 13512 9336 9106 6934 14884 6285 7140 14020 6621 12237 2812 9588 1300 9442 10862 13978 3780 11802 9616 14414 1634 9710 1060 5352 4386 4509 14380 13406 13749 11268 10038 8056 10281 5640 8601 720 376 11390 3938 4138 2145 9874 13750 14478 10718 630 8589 14289 14618 1749 14853 12588 10698 12696 11726 4322 2206 2064 13704 2262 5428 14121 7492 12921 7044 7150 12852 13605 11774 5486 8726 2332 8052 2049 1542 11697 12856 12933 10053 14130 3628 12458 14186 8490 6474 1329 10686 4274 9780 850 3178 3180 1434 1828 13372 13476 10761 12000 4250 14760 1338 1084 3240 6938 2493 5824 2276 9025 14462 2324 14732 13828 3896 6385 4244 212 5533 13964 2665 1261 13316 2264 10897 4388 3469 10669 5185 13700 10436 6020 3536 14780 13225 13496 13177 3188 3373 3661 9721 8324 404 6025 2528 9752 7796 12068 2941 2425 1136 10753 4016 14653 11216 11185 12385 
6935 3971 11231 12683 12935 10079 6551 10955 13907 12035 5819 10679 359 12863 2895 7727 13511 6171 7491 8199 12051 2727 6963 6363 9759 9963 6459 3269 7023 8487 10947 11823 3903 7409 14489 7613 7337 11187 5069 2105 6653 9389 7049 12557 13841 11585 10445 9833 1757 989 8477 3257 4915 2563 12247 689 11407 13159 1915 10063 9043 3379 3823 3655 1975 13111 11743 580 5959 1267 10519 10830 1140 8181 4162 11670 1614 7416 9765 14757 12396 11394 8932 12906 6624 8340 4166 1802 948 562 7684 9652 1454 11422 1377 3612 270 6220 9300 5016 6670 6588 7780 3024 1372 2302 614 638 10654 1077 13600 8326 12280 10660 954 11073 5294 9374 11542 14610 1545 13906 3834 6988 7365 11592 12084 10082 9916 4312 4368 522 11508 6018 7464 5342 12598 13106 13632 10620 8460 5706 5688 5278 3202 1530 510 7020 5062 14793 226 7521 460 3424 1718 11722 11690 4524 13326 14926 8670 12993 13072 2434 13504 2572 8148 5200 4106 14388 8289 7284 14232 9670 4278 14654 4730 7386 11242 7882 356 10597 5086 12477 8924 5521 10316 14905 10417 5792 12428 2108 14708 7820 6548 5989 6997 13544 5149 14425 7292 11396 3488 9697 2797 12968 6217 3476 6961 9061 4357 9673 8329 12332 13796 14833 7532 13856 3877 12452 1016 12613 277 5564 5036 11792 6421 