144
3359 10211 2015 12923 16751 4439 11483 3779 17607 8231 8151 10143 17559 12483 8681 6831 7073 5717 1073 8059 6197 8371 12979 14443 15967 5863 10286 11368 17575 5422 17472 6760 16065 7610 14128 2988 7413 2409 1020 2124 6880 1308 17582 36 7882 10850 2890 11734 7752 5805 8762 16920 6324 8422 2774 15057 1926 9312 2752 1477 15894 5137 4674 6704 10364 3493 
7979 7247 15011 15443 2591 14771 16043 13319 2159 1971 12519 291 5021 9951 16637 15507 1997 7109 10673 1169 12091 11995 3979 6655 9943 11558 11311 15826 2431 4531 5990 10458 7338 17973 8628 11590 17262 13312 13534 14622 16386 16934 14824 16062 8796 2916 14076 2808 2400 11572 12564 10000 2706 14376 514 11362 15006 2589 3316 6254 16670 6378 396 17846 5602 11216 16040 6697 10376 15889 
2627 12131 15035 6035 16691 13047 759 6659 16527 13049 4355 14609 17825 3329 3377 9701 13769 8021 15365 14873 6763 10747 8983 13615 2563 643 8854 9268 8314 1953 931 7180 13528 16224 2952 1770 1564 11782 1374 12130 2824 10646 7954 3768 9122 586 11130 16461 1248 8070 17301 13826 5968 950 11150 241 13320 12952 385 10436 4772 13340 
14543 7667 17831 13391 5219 5559 1899 11855 6159 2283 15423 1767 11321 8475 7995 12377 13877 8477 17177 16387 9619 15295 6691 8143 13471 12458 3499 7534 8718 1042 17476 5527 11155 12192 7176 14830 1766 1116 16380 1578 16642 14904 3578 8104 2138 94 2338 5536 11106 2755 6976 2508 8470 10702 10734 850 15438 3385 11313 13514 13940 3445 1628 16273 
6623 15407 3863 1355 635 7371 1595 13539 1635 5163 9809 5859 3845 15077 821 16337 7879 8311 6367 10795 14311 787 7699 7771 5358 166 5362 7548 1965 1867 6270 9000 2128 6530 8685 16742 15070 10456 8196 16046 13914 8662 40 7646 13000 4552 4694 16842 7706 12578 10312 14946 2764 7484 15897 1688 1866 5473 15433 
6215 9131 15107 12383 15119 15243 13427 5679 2883 10851 6759 17247 8703 3699 10817 1853 7289 17105 11309 7111 5095 9523 15691 1627 4903 15220 13046 6885 6919 5100 1074 4254 17950 7080 5088 11076 5110 7144 4470 2658 7485 1944 16908 13644 11856 5446 12566 2712 7778 14638 13776 7262 6237 634 7282 8905 12973 9961 7213 4753 17917 
8111 5267 7883 219 8159 1643 12191 17895 5475 11295 8435 3243 13241 6927 11573 1241 5705 10937 1039 11083 13183 3295 17179 9006 847 15381 2500 4272 10872 938 4351 15974 11974 5332 16663 1768 5102 1478 5334 9201 432 3370 6806 17388 10723 15794 10610 9698 4216 11510 1746 9562 8066 13042 10137 9954 97 15961 421 10777 10405 9236 
14963 7823 995 1427 15071 8675 5015 6239 12663 10875 14271 15711 17199 15231 14105 10265 653 12941 3691 4483 3511 703 17011 1351 2311 3559 14985 2166 12115 8395 6794 1758 7533 9525 14958 5109 12955 15972 4924 17217 1560 5570 8340 249 5416 14736 525 1370 8910 6264 12062 13960 16006 17452 9228 13440 6705 7510 2426 1178 2288 7137 14180 17854 16549 5420 11113 
16259 17987 1703 7331 17967 3683 1275 4931 10115 12435 1179 13073 7791 14057 14093 15821 14909 4781 5009 14911 12617 9007 16519 2191 15391 12456 10284 1644 3043 16646 13720 10566 2274 1396 14978 13113 4022 7416 9076 8850 13946 11940 5440 5217 1822 14505 9258 16962 17050 16956 13970 15082 11760 486 3796 8620 966 1472 11024 7741 10909 7993 8420 
5555 13415 12995 17519 8847 11795 279 1503 16851 6963 831 2127 3231 3255 14511 7635 10599 17117 797 15701 13099 43 9487 1027 4687 16291 15811 17719 4845 6882 7082 13562 12556 7758 13252 7401 9094 12444 9297 16680 16974 17930 15286 86 11862 726 5194 2880 10680 10384 3774 16233 532 17136 5085 16586 7324 6914 7604 13124 7952 6656 10412 11132 
14531 7787 7415 6747 6479 13839 3099 6495 1707 9713 12749 8489 14477 6893 10975 4085 7423 1879 11131 895 2839 6931 13806 9184 2505 216 14080 2985 14318 16303 9974 14130 6792 4274 15729 13269 3772 7185 4886 2702 13725 2673 7716 7942 13056 7806 10317 5682 3262 10598 16536 1869 870 1860 7566 5454 320 10309 10585 15577 
2507 11591 335 14615 13235 3923 16079 5711 2055 15515 13779 3519 7107 8885 1289 16841 6521 7697 2479 16747 15199 9175 4257 7360 17318 4058 998 2826 4062 9986 9186 11220 12210 6849 5260 3666 17898 4108 13716 17002 11520 17424 8205 4320 2026 6681 15592 1386 2145 1533 1014 15016 16068 1594 17925 5950 15169 15116 7201 15656 1808 
8651 179 13799 6959 5747 4335 9155 1551 7947 14439 10827 4035 16839 161 16577 17021 12701 7255 5849 17203 14323 12019 16903 9405 5635 3703 13702 5421 6105 10876 7552 14373 8298 9502 4702 11570 6360 3974 14688 11518 11258 4164 12546 13686 12990 4722 5913 2332 16620 16298 16862 628 13120 109 12985 14828 10465 4664 4345 
5339 17687 12947 16967 16067 14747 6191 6171 17919 7703 6483 2235 4733 2187 13973 665 7349 16687 12103 17573 11827 12619 7207 9139 5275 4258 15033 15522 4953 8674 12237 9753 3921 12014 5152 17474 12561 110 15736 2718 9276 16749 8186 8536 13341 5954 9702 10210 5722 10276 12146 4120 10786 14556 2748 12325 12649 4777 13033 781 12781 
12467 17615 15467 923 10755 6743 11799 5667 10983 9099 12641 6221 2801 5033 11645 1133 7555 11347 3583 4999 1471 5047 7279 4110 17836 2347 15825 1394 3981 17212 4252 1126 2714 13713 14698 17044 2020 17394 16060 17824 11925 13658 11134 8601 1810 5898 16994 3297 16120 4005 12760 2560 1460 2708 5048 16276 15980 11588 3200 
9299 8135 10643 2979 11891 10527 6147 8247 14055 9483 4815 7481 16001 8427 15173 14717 9377 11815 14083 3067 1819 6247 12679 11779 8227 2767 13524 9598 10874 17802 1696 12232 8313 3622 16798 11556 4384 42 4072 6206 13134 688 8782 15088 11841 12754 4322 8898 16110 8426 14802 10468 1414 7502 1130 61 10201 5504 2485 2149 6913 
6755 6551 17243 15723 1715 9167 14811 15783 11103 12891 1287 4565 8897 12005 12185 11381 4493 6355 13843 13015 3799 2695 10968 9415 756 9002 14580 11608 6102 3770 9808 13714 9522 3748 17188 5118 3078 13476 3422 7374 15426 13696 7754 13622 4468 16888 5508 7944 17292 3856 3150 12684 8793 4154 930 6217 5041 5458 8228 2816 
9755 1439 7527 14087 9263 16535 2363 17603 9107 5247 17463 2643 4863 14573 3689 77 13313 8753 617 10109 3343 5251 5239 9739 12462 10978 6643 871 5314 13314 14694 6522 14308 16202 9494 4106 11930 4557 13378 10302 15250 11229 8188 6138 6354 3402 14 8541 686 3118 3880 11596 3832 15198 8988 2754 9056 10609 2120 6949 5377 3013 
14399 3095 14363 13247 1391 11207 16619 16343 6695 16767 14415 2799 12579 9999 16433 10541 15833 11429 9451 115 3751 13423 12595 10245 165 4954 6595 2155 9492 14914 1938 7617 5906 2978 15516 7482 7406 4246 5406 6693 1617 14238 16602 16480 1521 12165 2178 13558 1730 7038 13986 3453 12705 2757 181 2556 15442 4353 8240 7364 5365 16136 
9191 16787 8259 11219 1431 3615 13755 10275 17667 11943 14475 531 5213 15807 17633 8705 7625 1387 11563 3955 1375 16159 5306 17961 15868 9810 14962 16058 3943 4570 13447 7476 12970 10972 1566 13552 4830 14020 2226 5793 11568 5253 8290 12273 6990 9480 16576 357 7450 642 8788 3973 14341 3704 3428 13844 13484 
5423 2387 11087 6287 14003 983 9479 6515 1107 7803 2067 771 1757 11729 8609 1001 1673 10927 1003 9799 17275 9043 9607 10867 160 14008 17830 9729 5114 1036 11524 14502 16965 4926 17842 11698 16066 2886 12094 15526 8558 8642 14889 11926 652 12544 14506 7822 7428 15300 13392 13608 970 7686 15258 16300 6732 14950 5689 13141 13837 15896 
3851 10355 3759 17411 1379 4475 1679 9447 10515 8895 17427 4745 8717 809 15535 15509 14587 16123 11299 12535 1339 2107 12234 13530 4884 8935 134 10622 17326 246 7102 15412 838 11582 1440 5962 5016 3326 16389 10857 14200 11426 2018 13994 16634 2286 4785 6825 5662 8010 9018 12529 15212 1736 3901 548 14468 
12515 4835 13571 2027 8315 3591 315 4299 4011 9303 17271 4611 14907 14417 13001 10793 8909 2575 10519 13315 8911 11431 8767 6886 2611 11241 8730 6765 10462 5572 3914 7558 14313 14208 16054 2272 3338 14385 9564 17796 16348 6226 2334 6285 1788 15962 6582 5942 810 10718 1186 13298 1357 9836 12613 17396 14732 625 
3143 7595 4847 6563 1271 11979 7355 17151 1527 13851 14559 12363 1229 5909 16073 8419 11587 10711 3367 17107 3547 5695 213 14980 15818 8724 7614 11865 16809 13722 14616 8592 17906 5122 9804 9472 11082 15672 90 13132 15348 14358 2224 14042 17818 2356 10065 6466 16824 15106 4142 7272 15608 14862 8990 5132 13777 13516 7472 5449 
11399 14783 1943 515 16319 14651 17835 327 9591 5727 13775 6735 9363 1613 12291 1361 8369 3881 16457 5059 6473 9295 15031 10255 10375 7435 15730 17974 15742 13054 17954 16350 13502 14913 2030 7644 10044 13050 10296 10996 1936 1968 1552 88 3420 822 10281 3238 11086 1173 2298 5814 5697 2529 17738 12468 6456 13494 5470 3348 16186 2542 4654 10860 9957 13388 4201 13057 11413 14713 10141 11653 17744 
17939 17339 8279 6167 5687 14343 11247 191 7407 16131 6075 783 17957 9375 14307 10769 9221 4817 8693 3293 7889 17311 6523 6847 14887 16039 7639 1761 1392 5998 11085 1226 14006 13809 8721 828 5784 10240 12084 15350 2908 9570 15610 11822 17944 3789 6534 2366 1078 16440 15168 10066 6972 504 8136 11697 15540 16434 2361 466 17158 2488 13852 13612 11308 8397 11197 8636 14773 6320 9025 3373 6193 7664 4712 
4139 275 14591 5291 11171 8831 15003 2439 2699 1787 17883 17091 9663 639 14669 10901 6233 15797 16373 17765 11455 6547 16783 14503 10639 5083 12691 7653 14590 15417 17320 9814 14010 11034 15298 12016 16893 14253 4893 9182 1122 1278 7024 11544 7989 12346 16314 11830 8772 14500 2746 3430 13173 16966 17018 17730 9822 2440 4810 8878 15669 5496 3964 3940 2308 16748 1520 1789 11118 11329 17881 15037 4585 5629 
17507 12743 2903 11411 16775 1751 13167 14567 16475 11679 4095 14247 4949 3555 9135 3425 15557 3965 17899 2693 6079 6895 16843 8035 1087 5287 13890 8844 2920 13701 2470 14280 7362 5208 15034 9453 15609 15158 2133 6657 16794 2802 14520 6078 8258 10528 381 8946 3930 17736 6988 5172 15780 477 8482 17512 3606 13624 8448 13396 3682 14512 8341 2540 7988 14228 17641 9656 7189 14360 13189 
611 2675 14111 16595 17343 8195 8775 519 2391 2435 12351 10013 735 4445 15749 12797 9665 3521 14885 13013 1147 12499 14155 16315 3199 4039 7358 1034 7182 4338 434 9120 10742 16245 12384 9720 4030 1072 17628 12354 15285 1046 6306 11724 14916 2054 7118 8110 684 2482 15010 2806 4998 5938 4864 16924 6532 621 7593 15388 4378 5320 5601 928 10720 692 5382 4628 10513 16873 17444 16496 11665 800 
7523 203 1211 10979 4763 12563 8915 15203 8091 1383 9759 4959 4923 1623 11489 16299 13673 629 3773 8719 11479 14971 715 259 8839 16675 158 14586 16890 8184 5994 2884 13318 9074 12640 10686 14174 12814 15681 6840 3264 12102 11577 2034 3621 10690 1876 12172 16528 3208 14050 4516 15684 5622 4941 14488 10054 6714 10980 5781 6554 14146 11521 9680 704 14276 11012 9248 2965 6188 11876 1861 
4643 2723 11327 3815 5111 17195 17567 3827 4907 7923 17111 16815 2535 16997 2427 2933 5501 14837 5847 14321 9055 12127 1399 9211 16015 16267 1582 11562 12201 8190 210 7980 15470 7366 2032 3346 7762 14498 1454 5121 4432 17613 11402 141 17946 3004 290 984 16130 16024 3885 9770 15208 2290 14290 17040 556 13550 6508 14410 14656 5776 4586 7674 3016 5881 9116 2905 14516 15416 2845 17132 2305 12236 
2987 17387 11579 3119 47 7199 3399 9179 17943 16683 939 5235 11643 3939 5669 16913 17429 9869 6401 2227 13567 7747 4579 187 4699 1063 1398 4399 7618 11346 4065 8805 1773 15162 11964 17322 388 12810 15177 14286 6210 15542 16138 11836 13002 496 9288 5062 4728 16041 5076 12988 7926 410 14594 9934 14712 4230 7314 11649 10806 4773 11654 16282 16441 188 6428 1004 16033 3565 12164 2348 6733 
9899 2147 13643 4055 12459 12551 5307 7211 3807 4851 10623 14621 2211 8153 4061 6425 473 13817 13325 17227 5633 7615 10447 6199 5383 3631 4248 17832 17193 8308 8606 12552 4206 2481 6100 9984 11988 8334 7302 3744 12340 16740 15062 1024 10341 12100 14224 9993 8814 3114 494 7060 5082 13130 554 1462 17554 4176 3376 12309 6256 3412 2750 11101 8197 13220 4160 9205 1832 5857 12217 
17975 13871 16091 16919 8207 15887 2111 6999 2175 12195 14763 15447 3195 13599 7385 3495 293 15185 11537 6857 4649 12031 7277 9871 17479 15883 13591 8623 6898 15724 9441 9406 15538 12090 14577 1636 4838 7660 17914 13078 14086 16958 526 1162 9442 7990 16845 14049 1372 13761 12434 1512 12158 1902 12816 11142 14630 16566 15330 5608 15153 894 16306 3890 933 10940 7861 7249 13672 14473 9080 1921 1028 4141 
4955 4247 131 8423 11391 8643 4787 10683 7875 1803 8307 5379 4253 7409 10037 5585 1709 14741 583 7205 7519 17767 10231 7351 3163 6106 1646 11928 4603 1608 11860 12196 17962 8980 837 10644 693 6658 702 15213 5193 3616 5349 1682 13470 10449 6902 1786 2056 15966 14738 14181 6994 11769 1214 14186 12854 12474 594 7236 5242 9350 5709 402 15764 565 6409 11240 8852 3673 4609 2876 
5567 15287 14459 17903 15563 10731 13679 11583 16503 4743 15521 399 663 1239 15221 6629 2813 15713 6689 12811 4001 11863 4267 13735 1015 3259 12228 12238 16053 2498 17908 5568 240 17676 17260 11097 14842 15026 3922 17806 3273 45 9976 9818 15466 16378 13473 10344 2674 12528 324 276 5316 14214 5745 14934 13740 17274 3282 13426 10502 5630 757 14324 356 13645 4448 8473 14624 15776 10100 
2927 10067 10535 4127 16127 14327 7299 13583 1631 423 16667 11499 7731 6507 6183 651 16685 11057 5957 4181 5777 4243 2309 5131 4855 7291 9367 4459 9516 2926 15410 7392 16606 14284 10569 11530 12022 1632 14218 4922 5532 1960 8726 8742 1358 9190 15549 1269 1886 420 11194 15798 5080 4696 1416 2690 6502 8374 10618 13977 17886 17294 5872 2236 920 15404 7969 14221 11137 9661 10477 1141 7765 
14735 13835 1619 1931 9875 2135 17703 375 4203 9495 1577 6797 8321 17681 2607 3173 773 14861 11923 9499 2707 6031 17419 12775 6511 7365 6762 1260 7648 17934 2704 3298 9866 7420 8038 14445 8712 16444 17810 10698 7396 9078 11428 820 9682 15550 7946 10022 7098 6962 10188 15316 9778 4977 13629 7116 1240 9030 10024 6868 15645 5329 8384 8605 10148 12265 9217 3404 6236 4189 
17843 5807 11807 8627 10695 7655 9435 17307 16323 8595 7647 15903 6783 5513 7623 737 3509 10253 17935 3403 12355 7759 15571 14683 13987 4294 14133 17482 4742 11316 7958 7178 1872 15820 9518 11230 14178 8594 11318 16174 17340 12537 10389 14529 3093 10774 17800 11632 14538 16017 9928 2736 3360 5244 1366 2193 7802 10077 654 14032 16545 12897 11898 8593 505 12637 4364 9224 15397 10964 12320 
11039 15359 7727 4583 10139 10631 6767 5723 9987 6279 6231 3411 17487 8249 125 11921 4961 5465 9953 10865 7565 14383 15653 11203 7627 1723 9398 4944 5304 6750 13886 4382 12018 11124 4266 4066 11094 14826 2788 6314 17786 15288 13094 14832 3924 9249 1848 13468 15318 8128 2818 16413 1802 10078 1740 14596 15354 11806 11073 5424 10782 10596 12633 14392 10716 14365 8144 11533 15553 16148 10352 608 13112 1585 
16487 4511 11987 14855 3323 5399 12599 14867 16907 3027 3867 2859 6843 17055 65 8345 113 15905 965 893 16351 10219 14335 14167 7567 14947 1032 6754 609 1966 16804 12122 1774 8925 17186 9873 13718 8734 6350 5550 8656 11424 10180 5826 17466 10168 9470 15852 2244 6004 9794 6410 17686 3234 4440 8454 9138 11484 13966 11757 13790 5944 3012 12240 13333 277 14216 1820 9668 14612 1052 10076 
3839 1331 13511 10307 13499 2783 1791 17859 14175 5091 12447 8139 11547 13829 5813 16757 5129 5597 9595 16673 7135 7867 14047 1783 4003 5779 12562 8666 9270 945 6096 2258 15583 13526 10920 15024 10041 15468 3765 13390 1882 6609 17942 3394 4050 8301 3096 8532 11706 13749 8458 13598 5301 7666 12902 7893 17232 8812 3350 10936 11152 5713 7381 17888 17509 10868 15008 13892 12068 2912 
10931 8975 3215 2639 9599 1811 9707 12119 13331 8499 8763 5403 6711 891 6281 8237 14969 1745 14597 4063 11107 10315 463 8443 6439 4651 2004 15240 9202 4284 15655 16384 14834 8638 13174 15870 7876 12046 441 4362 14346 13303 13464 3033 17805 15292 12930 8412 7386 16498 7965 17978 2956 10485 17742 13654 3090 15886 11026 21 13262 10233 2977 9577 817 16753 3505 15001 3697 4597 2936 
8051 11235 1451 6431 13559 10595 8859 15063 13503 3503 2655 11715 8465 5609 17175 12221 17571 6833 1781 8563 4901 15871 16063 1171 10591 17875 13108 8733 9004 1792 11858 11614 11529 15960 16492 1958 6892 15358 5820 3026 10842 11222 14925 17682 13254 14709 2870 15744 10108 1806 16752 17196 10665 2940 11514 1989 9966 11868 10266 11376 7680 14878 4678 14600 8888 15224 4849 8701 14672 944 7669 11528 
7187 35 1523 6539 9419 723 16491 13199 9807 6723 5067 10551 7721 10277 12699 11273 16649 2237 8009 13145 12533 2719 6727 10195 11023 4183 8995 11238 16884 13500 17638 9520 11589 11344 15678 2918 16118 14378 10900 11526 93 2656 13730 10185 7342 14882 16234 17632 4737 4658 17025 5074 10810 16240 13982 3564 7149 986 4454 13080 13492 11658 5180 7064 92 6205 15898 1388 10784 14029 10004 2192 
9587 3767 7067 5843 7907 10283 4607 11951 9963 11115 1911 2165 4155 15089 9197 15149 5573 10889 7541 5861 2287 7039 5071 4159 12883 6475 8634 15534 1821 1896 12086 17586 15537 8853 1816 17258 7780 4950 2578 9894 12972 10998 15753 14728 6072 11952 14226 17514 11458 3054 3288 16802 10442 11181 5502 4245 17788 5728 10036 5966 3573 4960 12056 6841 9092 2744 3541 2660 17624 5444 12752 13513 
9803 11903 3731 431 12203 5099 15455 16395 10959 3435 10607 87 13061 5105 269 15579 413 15317 13601 9199 1975 13507 1519 11851 499 9919 16972 12558 15866 10564 4990 12106 5971 17112 13104 17328 7872 5788 16317 9306 10550 11176 10336 16968 9690 7852 2654 506 17184 9129 11704 408 11440 17122 9612 10958 6978 8386 3258 11985 5174 3414 3260 16345 17852 14701 3320 17545 2600 15824 7693 15253 
2951 12395 13535 1799 14243 16139 12023 851 8739 1887 6111 2703 5499 16287 10085 833 11261 13289 8117 14561 953 8335 15823 7769 15307 10951 10111 3187 17901 9264 17208 720 3110 12942 13642 940 5714 2008 11832 446 4204 7738 12542 17190 6334 180 7722 6744 13768 7730 12744 2416 6612 10106 9206 9117 2364 4438 16432 17690 5241 16594 4333 15908 1496 6164 3224 10021 12901 11576 12733 7172 
15131 3407 7871 5543 16187 1259 3011 4679 4971 2259 2967 13479 15303 17007 13575 11609 8921 2151 1481 3725 12615 3341 8189 13193 13639 14011 5969 6295 943 14191 11707 11937 10293 13810 9010 2316 9526 13884 14976 8846 1002 3396 576 13368 3405 8106 117 6664 8030 7306 14164 7546 46 14794 9192 5822 182 4725 11834 13154 2202 6321 8766 11598 5350 2914 1670 7161 13896 13830 1322 6424 7506 13344 964 14260 11896 13677 380 10532 4220 4604 10705 3241 16429 7537 7316 15644 8792 11516 
4295 13919 4811 17543 12227 16715 14579 16271 1775 8211 6339 27 339 7895 8883 13671 1071 6891 5775 12521 13661 6293 8513 5789 16399 9187 4339 13723 2371 16555 13231 4495 2491 12295 4298 6748 15374 10846 16978 14454 10204 13706 7332 11388 9330 8194 9300 186 1104 1854 16318 2382 3242 12454 11682 15112 11452 13384 16533 8877 5210 15357 13996 17268 9710 8050 4558 11980 7294 10194 16704 12436 3508 2070 7202 5836 3969 2758 17406 3745 4856 1796 16268 6128 11936 11984 8449 2641 524 15044 2972 
3611 17171 6275 4287 5651 1947 10679 16239 4967 83 10083 17619 8523 2367 6255 8669 15269 8223 3221 13481 5177 2645 13217 557 9907 5045 11263 4075 14839 11143 6859 7495 6403 4296 2014 14450 14620 3340 1006 11968 5553 13954 5414 1456 9482 10684 4264 16636 16930 566 1125 1250 1778 8950 2872 2296 3720 2386 3866 5488 6974 5685 8506 14478 6426 8676 5206 9609 9238 13869 16872 2728 9376 6262 2682 12762 5520 15766 1586 1376 11120 17737 3692 11125 12200 8216 7532 6433 884 16585 3440 
5123 12407 10403 23 8591 9123 16583 2319 15267 5187 4911 15371 9111 8871 2415 5943 1671 12965 17103 16985 17777 5523 17477 9017 13339 15415 6463 7027 7543 4555 12703 3690 5851 4749 8310 1574 15030 7554 16689 8284 604 3388 10206 12450 6112 15940 16854 2664 454 10608 15244 7656 12573 17162 282 105 9717 2130 6982 1198 2277 6082 6326 17109 1236 4708 2038 10030 3186 922 10638 17445 13278 5973 842 6156 1182 4912 4381 11821 1364 8677 6601 12416 5677 169 17281 349 284 15613 
14699 4151 8243 14507 9851 10415 11999 1067 10943 8903 2511 2223 1491 13151 2355 8067 3147 17441 3989 12173 12281 10481 2201 11885 7997 1507 2275 3497 12667 3775 6091 6979 4675 162 14952 1038 5258 10562 15378 9582 10305 15352 11206 10492 16800 16598 2174 11826 7953 4582 5400 9090 17030 16564 7984 8914 8746 2385 2902 3220 4989 16438 2666 11136 3294 8870 8538 1353 16562 10914 5589 17289 11754 10934 6952 5524 12078 2394 11158 9140 7232 17300 3061 11293 1484 4009 10520 12728 4976 16657 7273 
1163 8063 10739 8327 4067 10511 3959 17891 14147 10559 9383 2631 4707 9507 2811 17579 14525 15281 4937 4491 11405 4757 10421 2045 3103 139 9991 5299 13651 4783 6307 15775 6787 10970 2506 7056 8632 15242 16488 14082 8553 7114 10852 442 10300 5577 5090 16790 11866 8562 16368 8464 2709 13170 17332 16048 1490 4166 3076 3916 1420 8140 3462 14481 15489 6225 15132 14090 5078 9216 4538 13248 10636 16178 7846 12802 10422 3182 4188 13329 3740 12133 13945 1273 6092 15668 11900 8444 2857 7621 17653 13076 
14831 9443 3059 2579 9515 9075 15431 8967 6603 2003 10971 17235 7419 15915 14967 13311 3101 1779 3113 2357 5165 12951 15379 7505 16807 11947 9883 1915 15451 5371 5203 17407 12367 15520 12787 11001 7408 15873 12045 8368 6804 292 9825 12408 11322 7864 7126 8986 5292 16838 12069 12204 5438 14614 1422 12396 6909 8598 9768 15214 5290 11736 10548 9886 3542 390 9876 2494 7598 11248 3454 15384 6717 15844 9633 4158 2342 1957 9948 10645 12296 4573 12608 15596 16405 10573 7165 4417 16976 15284 
5495 17231 12311 1895 10175 16143 5507 16739 14619 5643 5171 16283 16743 14295 14631 255 17751 17763 4683 3737 4217 14081 10313 2585 11849 1615 4397 10495 15475 4987 14263 7591 14863 220 15218 15982 10526 8670 11038 16850 8146 17910 5640 286 13092 7248 16390 6304 6650 13557 8568 14918 10366 801 11962 297 11186 15110 10689 12940 14342 10706 698 3009 3180 13690 366 10174 9204 9462 430 5590 9430 154 15405 15921 17244 10864 17866 5072 4532 13928 7945 2785 9368 5120 9673 2636 560 14641 12253 
12911 12167 16703 4739 4859 11123 10619 14603 13071 13139 13803 10839 11475 12147 1083 351 4625 16793 12125 1769 7733 14501 5753 9161 2189 6653 17635 7123 1303 6319 6451 5395 6379 1402 4104 8342 13506 15938 8544 5229 11574 14757 8985 762 5894 9489 16840 4894 2700 10182 2410 9069 996 658 17385 2278 17502 16774 14710 7094 3060 3436 13862 6666 14762 13338 10794 5282 17376 8810 2109 14722 8860 16198 4818 3310 13300 2430 8360 9769 12541 17384 9920 5876 4796 7244 3517 5389 12073 2761 
12815 12071 4979 14951 8507 2991 2 5603 10523 14463 12495 14427 3527 3639 1875 1143 15195 14357 6389 16385 8333 15929 2117 14657 12581 523 3667 8803 8933 1255 17191 1603 2160 10603 8630 11560 10994 6746 7398 14448 2976 13726 17325 11397 4840 3432 9588 15294 6652 17314 10209 8781 4710 5786 7162 184 13653 9693 1950 16788 12448 12986 16458 2062 17664 2904 17526 16730 3568 9370 4704 13834 15772 15916 12906 13146 7240 10438 10833 1725 872 15853 14917 17000 16064 1016 5461 10640 13873 14137 11552 15428 
17219 9431 11567 12215 10691 11351 8255 9935 4799 435 13335 9143 13743 15555 10443 699 3039 13757 1445 4647 13937 3917 4985 6185 12881 14767 1831 16915 2887 12547 2551 14635 7915 17928 12194 12038 518 7756 9730 10326 16690 14493 10120 12540 3390 10216 12198 17790 3766 13062 6538 14148 12570 7782 14322 6602 9528 10274 14422 8296 5058 6669 8178 9888 825 417 2046 11337 17566 4462 1102 8214 9102 17182 840 17054 1588 11122 9721 8324 3344 4801 11545 4232 9925 7033 10496 12176 5240 6032 
8855 5159 7223 15419 6047 15695 11543 855 8171 7235 5639 15675 4323 3015 13899 9569 15533 4395 7287 7649 11741 16625 15739 53 2751 14179 5911 17083 1687 1531 8875 5011 15703 14625 14908 14626 15976 4336 16942 10461 15738 108 17940 10332 7816 8061 13485 5721 9820 8582 2006 12352 6960 3434 10282 15710 8138 1305 1978 17090 6141 11548 14554 15458 15674 3734 3844 11434 16578 16106 15616 429 13576 11494 230 636 17085 6921 6372 3397 9992 14948 3073 10304 6452 5768 7069 12481 11780 10729 13021 
13655 467 11519 3743 8339 15707 1535 1187 1823 363 4059 12963 8379 8823 3627 8607 15831 16253 17645 4661 1145 10337 14645 13121 9917 2803 16027 475 16339 12079 8167 206 208 13308 6758 6900 14906 11037 8550 10454 16778 5134 16936 15874 6726 9904 13689 15420 7812 15278 13006 16485 12178 7113 16846 606 2466 16632 8466 2352 10750 2266 328 12478 9700 17222 7596 12614 2102 4466 17284 16158 3597 8230 12034 1929 7270 3938 4273 9380 13508 1076 6560 13472 1760 9457 3709 9913 14240 15625 
8639 3287 10103 755 2267 5903 2495 17379 16163 17255 2019 1251 16431 2315 17213 4311 1937 4205 13637 13143 10493 89 16613 8201 2561 3223 3931 12919 11959 17263 15367 2170 16951 12230 14584 17218 7608 4114 4842 17392 4026 582 13680 1764 6550 11030 4276 12358 8268 10166 14212 12138 5800 16570 14706 1437 12394 5566 10836 6458 6600 14469 7746 2668 15876 8058 502 4086 8078 5870 814 17594 15324 16197 4634 7174 5754 7672 4648 4412 11816 14197 1105 17528 9344 16897 12925 2773 8113 1081 12313 
13103 11975 15251 395 17867 12179 16223 14123 4359 8015 7919 7467 2727 4431 9147 7311 75 7503 1325 15329 11477 14871 6761 4193 9271 2179 1291 7399 2851 9331 15547 15511 17287 15226 8338 10294 1228 12412 729 16596 9774 12381 8566 1878 4024 11604 16912 11884 7986 17334 16692 2820 6526 3477 17500 15796 8806 12177 10534 15946 9592 3386 9506 9998 2337 14254 16512 5397 2104 12818 2094 15508 4598 2544 3525 7828 546 12118 4424 11809 14209 8125 6529 9469 1100 14936 2065 9937 1424 4136 
8303 1415 17711 3995 8867 12503 10223 4827 3267 195 11027 899 6791 15147 3915 15005 5079 5729 13767 7563 5657 1661 1313 4157 835 12199 175 7183 343 9355 11047 8791 17956 1648 15122 7186 16776 17350 12021 2134 17913 14770 194 12120 3400 16140 300 9082 11850 13065 4234 3228 6366 9460 11686 13158 14776 5256 1444 792 7257 16773 8760 1342 15304 1804 16156 7218 3640 10557 15694 17386 16428 15838 8073 12672 7790 1945 12954 10525 104 4208 11048 17149 8000 13201 14653 1465 9145 5701 
9551 12107 14495 563 5303 6455 9087 4719 8039 17063 8759 5139 11487 9627 15627 15255 13467 9915 11775 2573 713 8357 15233 5081 13807 6437 4759 6715 8479 12943 4087 2164 15408 136 1642 12357 17970 8302 5061 16252 1053 9093 2040 6540 1776 17904 16608 1476 11078 13102 15210 13210 5716 8498 11709 1194 13236 7582 1830 10398 6420 17428 17006 14613 3874 378 16648 9546 261 4418 10068 12866 9170 4605 7134 3898 2210 7268 3502 7105 3380 4069 10693 877 13285 553 10417 12092 9097 11149 
215 16247 6467 7007 8747 13431 2051 16167 3347 17319 15759 6315 12975 6351 9207 16169 11019 17045 7695 2129 9257 10709 1049 14261 16901 6967 14707 7051 8515 6187 15931 6943 7999 14875 4302 11973 4113 11002 5128 14220 2268 11942 10766 16310 9436 3226 9282 14836 17769 1354 16372 4221 14170 12446 11678 8172 11454 16617 7818 16258 4054 15345 10152 8978 748 374 7622 4906 17556 12801 4934 15117 13449 15201 14066 16266 10605 15634 12140 7724 13477 409 2420 9337 17089 9476 2725 8065 1 12421 
10019 17735 587 10043 17639 5663 14303 10859 17367 9855 12207 6555 14991 15771 761 10311 6881 10145 16467 6269 17693 11549 3677 11141 12967 9667 4843 3175 1267 7795 13903 15225 17958 5988 14582 11340 6852 12804 9813 10092 12350 8570 1942 6894 14982 14058 4380 1452 16209 9294 14374 12096 11109 288 11685 2472 11944 7860 5469 14352 17880 2928 5680 1428 15453 3190 2205 5493 15597 11013 1488 10552 4084 8352 12424 12114 5838 3140 9817 2473 5257 2504 13352 5756 709 12769 4909 6716 7321 
15731 10295 491 12719 16763 15023 1839 12063 95 11319 12243 10299 5919 15639 6809 12771 7949 13685 2033 41 13265 533 8429 11527 1795 6631 13531 1315 16627 15487 14599 11364 15726 1653 15028 7612 2013 13106 6808 12042 6798 13744 10881 9578 11266 10202 5030 7142 1692 4566 8736 6936 15322 3918 298 1509 13374 10382 6981 12532 6412 9816 8198 2090 9906 15422 3189 15321 10948 15484 7584 16108 14034 12660 13458 6177 13026 17853 11317 16597 17581 3492 17617 9565 3829 17977 1597 9349 17569 2384 9949 
8735 15347 16799 16095 15855 9887 9371 6263 1563 1611 14235 12255 15843 9651 15183 2249 16361 1637 9533 11717 9065 7841 10745 13133 163 4529 4387 6139 799 6487 8011 403 12808 9744 8306 14986 11242 4750 15732 8373 14968 1694 5020 1230 11726 472 3478 4212 5666 4701 9530 12105 8906 6110 7370 6690 12208 10440 7101 17169 10096 16312 12926 13666 717 5272 16018 274 7002 2073 6718 6252 8236 16714 3148 17572 1176 4508 7544 1297 8101 17521 12157 5648 2444 13117 14845 17780 4016 
10475 8219 1571 16331 1367 3335 7239 4535 15375 3219 15591 14151 13935 14115 1815 51 9989 4587 3785 6077 6029 12077 15953 12017 11035 2765 10303 16135 15499 15043 1135 9273 14134 226 9726 4576 3746 4929 12334 14570 8745 10848 3162 9897 3756 7096 1506 15342 2877 14110 3742 11818 9084 13734 12864 10334 9302 8596 15546 616 522 5829 7978 5961 4034 1350 3006 10125 17130 6158 3528 15990 2866 3450 17080 6070 2346 12121 5089 2377 1112 6500 13549 11396 14929 13268 8017 16844 7789 
11003 10787 14471 4571 11771 14075 13667 6179 12791 4619 15411 8711 15725 13451 12051 4791 15377 8129 14369 10301 1301 4613 11129 12043 8551 4219 2095 12343 13159 10831 11287 9319 14910 6878 600 1812 1762 15478 9486 14098 13893 13754 5250 5542 5574 13509 7065 14044 4262 12938 15602 6969 11946 16454 13641 7026 5541 12936 2898 1234 9981 15021 4200 8944 12856 17342 9916 5698 16876 14670 7293 3592 3738 10809 16082 14274 4350 3968 5704 11257 17677 4112 14264 6481 361 716 7225 4525 5192 12601 
17963 9983 9287 719 7859 2039 15059 15635 707 16463 2295 2847 9327 3975 15495 4467 1995 1131 15941 5885 2705 6713 10409 5491 8155 13171 10123 5899 2119 15163 9763 6871 15124 15525 16497 12129 6753 4278 6278 9870 11932 6057 14344 9454 5914 3034 13646 15429 4074 8266 14304 5190 12132 4078 5412 8976 12874 14154 370 12534 5278 10212 13137 5932 2080 14673 17622 9638 4689 17138 7470 11702 2698 3146 17722 12582 2208 7914 12308 5125 13465 8761 6493 11881 15769 9500 2000 9980 11041 16465 
10391 9083 11759 8927 13343 6119 11915 13707 14403 10359 7863 3831 5103 16307 5835 11991 13731 975 4721 4301 16275 10661 8597 3389 16529 9113 14189 10001 11909 8107 1639 6917 15427 3439 2047 14491 2419 10159 1650 11366 12012 1641 7881 5104 9580 17784 3406 2230 5066 2577 14160 10992 7368 2817 12976 8286 3244 16137 520 1426 8572 16605 1570 126 2937 10950 12710 17884 8154 6018 11628 2745 14745 13962 9072 13150 250 5688 3214 16929 17506 17016 9542 14666 3254 7298 4766 3256 10798 15562 7708 7620 9630 17454 6261 5766 12502 11712 14806 7549 6224 721 4561 5905 12505 16448 6961 13633 13460 15565 16376 9505 3349 6416 10957 656 7237 13669 
7343 10655 7559 9863 16871 1991 3515 1883 11507 803 9567 4043 14919 7755 16047 159 12959 9125 13889 8163 13205 13337 5297 15029 11765 15617 13733 16877 4697 16037 10903 10567 79 8275 6535 13445 13459 16471 4867 7086 9498 13480 580 17938 11436 10362 5148 9324 17316 8256 3441 1905 7410 14716 2052 8262 3213 16146 6460 1286 8904 4480 13866 2469 1300 17608 3552 1677 17558 1434 16 8181 17614 2894 3304 3249 1797 11764 2452 6346 8589 17126 8702 10634 11058 16834 2229 14102 12256 6222 6514 6856 13038 10785 1665 7264 2154 12244 5982 8402 13916 8768 16165 2797 3332 3469 6769 15740 14036 15661 9841 3133 15385 15884 4369 6248 12685 14420 
4235 13043 16367 10967 8351 1967 3071 3755 4103 14423 12455 17907 16563 11783 11163 1299 9879 15795 4805 11283 14825 10397 15387 10349 15437 2849 8309 4109 4865 9091 4037 1123 9583 17167 2011 751 16531 15211 17059 13495 11234 6739 5337 14841 13684 9978 10854 4888 5830 8728 9198 17728 3614 1845 14182 10710 1264 16377 11200 17164 64 15430 1510 4656 11460 6626 3534 3556 11361 9118 16430 13818 4008 15638 7725 17598 890 17670 11178 10654 6330 2100 57 13836 10918 12674 14865 3088 5760 2086 7288 13785 13490 5848 146 11217 11046 15902 17248 11121 1693 14876 15673 1124 12272 5468 2329 12596 9697 11593 9853 16621 13520 15097 14048 6241 12673 3680 
16211 9539 15335 12635 3935 1647 13911 5675 14267 12159 7511 12707 15 3663 8583 15963 8031 4695 3819 245 12905 16505 12245 12917 6413 10637 8981 17057 15091 10601 16243 7651 7927 8539 4795 7231 17131 6571 7267 11934 1000 8330 5106 10246 17841 12554 1785 8546 4920 4138 4389 1106 14440 14610 12852 7966 16374 9336 4806 12398 8304 10797 13660 8134 3741 2642 4473 13864 16324 15998 4082 12978 414 273 15640 6814 1070 537 7890 15114 13478 11958 15688 15460 5238 12648 2694 7536 15450 3170 17692 11766 354 4966 1668 2064 16546 14860 15888 16400 3392 5437 11437 2108 968 17269 13657 14605 17156 3649 15368 529 661 4868 15176 16189 541 14857 
2963 4031 8291 15995 2399 2555 12359 5207 6407 2075 6647 17723 507 12819 11559 5655 1035 1371 9039 9171 5153 15401 6545 6137 5249 10193 12929 4925 6485 8813 17717 15943 16507 391 1771 15667 10855 4111 1219 10560 15129 4250 10878 5352 14078 14973 14890 9988 13332 4386 8450 1458 1900 7402 468 17798 7962 3074 9304 6486 1188 8658 7041 11542 15573 6513 14038 13012 7150 6132 4608 13610 11997 14172 10504 15504 16986 2592 14494 11182 10048 8280 7462 13746 8486 11812 16034 17400 4314 3657 10228 1546 696 1410 3448 1672 16216 13142 1662 11310 16057 11605 8612 11444 2096 17900 5084 14761 14924 16765 5617 17557 7345 14629 4832 1993 9037 15236 13652 
7535 4727 1547 5183 6051 3383 1115 15551 9743 17811 13475 1139 7935 5607 6219 10815 15999 8741 17333 4973 6701 1167 2225 16589 7613 11837 11213 10613 13891 17335 6343 103 13879 9775 15595 15907 3235 11875 7090 2986 4846 6297 1120 7650 4281 15801 2982 470 8126 5548 13161 1840 13566 10102 5404 16780 11446 10272 14884 5794 11742 10164 622 12981 3532 8841 16761 4786 10260 15326 13185 741 4726 4874 3598 3576 10984 15060 2930 10406 10200 6122 129 10161 4905 3040 4134 15666 15804 1605 4041 2692 612 6381 8998 11906 2989 11077 8408 4568 17785 15104 8864 6956 9872 14084 14245 16357 9512 13417 6404 5317 15356 16592 17401 
8267 12731 3431 17087 1727 14015 9119 4803 419 2595 16935 15531 12711 1395 11919 12831 3003 12075 4671 6677 12473 2969 16769 13553 15113 7901 7313 8033 8215 14419 5563 7075 8863 6619 14395 11791 14203 9151 4946 5947 16977 2496 12418 14458 10298 5668 11205 14726 11580 9537 7104 124 13728 11541 9333 6722 17001 15950 96 6614 5046 13953 16572 15000 9676 2938 6618 3466 7948 16080 6837 177 10653 7726 5878 2781 2610 4420 7900 11870 17014 13266 3160 7348 4032 9861 4814 7504 3646 14740 9388 8118 5976 12250 16950 13588 15890 2624 14617 7676 2713 289 1292 6937 14233 12104 11701 9728 2156 3193 6397 15716 14065 10472 11905 
16895 1835 2603 3227 3131 683 10883 5135 8075 14751 5783 13635 7799 11763 2271 11619 11969 15075 5595 9905 14921 4385 3905 13961 9209 17189 3245 13421 8837 4411 2935 11935 9559 1495 8203 9391 619 13627 15259 5354 5330 10898 9868 11886 1029 2172 14724 2322 7878 11554 5154 11298 16248 15462 3873 10790 5562 6309 11808 9048 5070 66 4858 1282 13989 4870 15076 9597 6160 8970 76 6142 7605 7810 4682 6364 1548 3250 6720 7821 13270 12886 4180 11805 8114 9162 1210 4102 6240 6342 10374 234 10150 12484 8930 7234 6734 7670 1633 9181 15956 2984 17329 5245 7304 10688 14149 11797 17461 10700 13160 9536 15637 6620 2389 3937 
13439 2403 3491 8687 6311 11963 13487 5115 2663 2219 1455 4319 7023 2571 3927 4107 675 8187 15125 3449 8957 16085 2093 13793 5069 4517 6941 14513 6245 1195 8347 2527 379 1735 8179 15787 14143 12465 9246 2994 14956 14589 4744 11350 1790 138 17256 14526 12510 10396 11820 10713 15340 11406 1054 16806 16569 2061 568 11784 2874 17310 15338 8832 12142 14188 2742 11992 9208 714 4610 13377 10614 10104 4178 10538 17469 11733 4860 7850 3846 16526 6465 10593 28 8085 10264 9028 12004 12549 13354 6782 8226 13917 16656 772 10 5918 15580 17588 3356 11677 11449 15344 8533 5065 11425 9301 6337 5612 17540 10184 673 11972 841 9020 1928 8096 
14135 11447 9467 14711 12971 3443 5075 3887 8727 15975 7715 9339 2651 10767 10007 9231 6905 963 7661 13949 17715 5477 101 7397 9497 17273 8671 3413 1061 5155 5731 5671 6019 11359 9643 14299 13123 3571 214 9396 12813 8646 10446 4020 15604 11193 7858 14690 11950 16204 15676 15858 7654 8913 15090 6910 17390 2512 15093 1293 9244 6213 6310 17102 5517 11066 7020 15334 16857 3010 11202 9466 14680 7869 9694 10917 422 7310 11256 14786 7308 17302 5694 14760 394 11794 3357 7684 15588 17074 3136 3676 4377 12154 8688 16989 11496 6574 6928 4394 6277 8545 12097 13256 14881 265 2017 13628 14089 5252 14888 9541 13573 6392 16981 1580 7136 2749 
10463 10703 13115 12671 9563 6587 2207 12839 16523 10023 15279 9959 1959 12219 5295 4755 1851 1743 10251 411 12111 6651 17945 15593 4433 10553 9833 353 9941 5263 15581 9895 16759 15343 5743 17095 919 17491 13135 8815 156 3912 11265 1610 1634 2796 6654 13802 15282 6730 8344 13732 5650 14880 9801 4242 6842 11198 17362 106 13014 9878 17668 498 17505 770 12382 4425 1485 3204 8478 15570 13437 5538 4878 5782 7750 8586 13878 16896 6494 12254 490 14061 6846 16362 15784 10420 13356 13850 4450 15184 15309 15832 2841 3822 12828 17860 6097 1676 8797 9332 13316 15032 5408 6740 14252 16196 12500 9860 6692 3253 140 4328 6169 3596 961 
14231 287 5435 10715 12287 15047 1859 839 4187 11523 6123 11331 3987 12567 14199 471 3507 6329 6965 5261 10913 8561 10073 8537 15101 5405 1759 15257 4303 607 13831 1699 8503 5623 7855 17515 13579 3694 6876 15720 15477 5418 15750 12126 8798 946 13389 14386 3105 444 4740 16500 8686 10498 1262 7718 7434 10170 14370 12722 9849 11016 5889 16398 5426 1320 3364 2044 10250 14592 16162 13944 10762 6450 6820 5198 1468 10094 10612 10954 12218 266 8682 10416 6688 7173 11098 6562 8438 13008 978 3674 10960 5946 858 962 426 1220 17600 11581 7736 10321 2053 685 3721 14300 9296 17696 5605 2492 10789 853 4813 836 8960 14192 3409 
17651 443 3599 16391 10239 14183 5615 17499 6875 9687 8955 4839 11691 7571 14379 3951 3459 437 2079 11525 9593 2285 10841 3209 6353 14069 11669 15053 6785 5273 15607 14107 1555 9823 11467 2395 7687 9009 12871 5313 936 7110 10320 6890 10761 12960 730 6280 9444 16960 6544 10768 2722 5064 2368 6610 11184 16050 14421 13164 5040 570 13972 976 13204 10704 4942 657 9554 11688 914 4482 10254 3906 4228 2442 11414 11208 9242 11637 6398 14424 10588 2598 6418 5862 5730 5841 7924 8928 12501 11382 12958 6922 6146 829 6757 8293 9044 16100 15092 668 2924 13153 13381 12865 2101 17504 6625 6368 5233 80 7129 2732 
13355 15983 17819 9395 13259 4307 17699 4275 13595 16227 12135 11751 4871 7643 1023 6027 11225 17115 12653 9015 12737 2945 1863 13805 14297 6065 3953 5393 4951 7913 16423 8095 17803 13867 655 5525 5791 9835 10974 11966 10290 5338 17214 5328 15741 2922 11032 3760 16238 8678 450 12538 14446 5484 2025 9792 16353 11110 16008 15160 1048 7542 590 16401 7710 17650 6492 17877 15969 2586 2958 13116 4042 10888 15194 13058 12285 17104 6580 11092 4821 11778 14337 3806 7380 3672 1534 4318 5772 5474 12000 2486 10962 9914 16860 12222 10413 9524 11036 8552 12080 2720 3769 260 2132 11833 12116 4873 8348 16316 13789 769 11713 14072 10537 9956 
17591 10235 5231 15767 9335 14207 13007 2499 447 13395 16655 5151 1827 16587 6935 8343 2501 15687 13119 7707 1157 2513 2909 16659 9449 4421 6845 1589 17827 10363 31 5035 17395 6667 3895 13555 4349 11503 10721 4288 1224 12969 17966 17949 9706 15290 17812 610 1288 16446 7050 13912 3393 334 5218 12530 16922 15081 14938 15180 17808 2786 7354 3604 17270 10752 3537 11145 8556 5286 16764 17457 6506 14289 12873 4426 3878 14486 358 4918 11601 1216 16725 16662 7353 564 4641 3549 3309 17282 1338 2606 9624 3144 12252 4758 13446 5353 13640 9589 11828 15421 296 8672 4352 9824 13429 1268 16093 6752 15493 740 11720 1129 16628 11960 
3083 2747 12347 14051 4079 9071 9839 10995 17075 6863 591 16791 8667 8559 12843 3711 16179 5463 2103 867 16899 5043 17081 3999 2307 11105 2273 11021 15689 1337 1423 12415 14371 3355 883 12823 17755 2059 3415 11938 9 8346 9513 4029 11349 5546 832 16744 15274 9345 9777 12861 14692 14534 11824 13168 3342 11694 5625 6028 5718 9178 17206 14542 369 10744 418 12778 11982 6136 10418 3456 12669 5140 10578 3678 7800 13606 8700 16905 14974 2136 6066 16710 1686 1602 10584 6586 8322 3868 13348 7170 5652 9045 5700 3252 4249 15865 3337 5276 16124 2029 17864 3733 15296 11989 3452 12464 8588 10189 6637 4784 901 9320 7489 2425 
10919 2327 17555 1487 7451 1763 8987 827 3467 8027 5439 1935 15839 6203 1923 13227 8979 8777 8691 15605 16853 6149 1925 14765 11513 12557 17069 5741 15223 14779 2153 5191 17779 13387 19 5323 11659 13195 2169 15722 4948 2670 14829 1756 13692 13242 11260 8193 11920 8274 11889 6050 13665 5296 12708 3102 15782 17589 14364 3468 5402 304 17145 10497 1302 10576 993 8890 7960 14406 17010 5472 11061 2637 14994 1890 516 13848 9381 2710 7190 15204 5798 5169 9364 8934 8037 16286 6290 2838 2522 9414 3792 3626 3490 13144 12694 4162 15842 7460 14833 7184 15157 7760 5221 7297 12992 4453 15728 16393 14665 3116 9385 4304 16813 2996 11276 
3479 9695 8951 16427 2099 12251 7619 14027 15923 12011 603 14727 15939 12651 1011 4659 14799 12999 1311 2679 4455 11933 4083 2729 8585 7767 7121 5453 12893 10157 8621 16157 1099 7603 16699 2647 12571 10003 15126 14013 7524 11370 11326 12964 16279 11392 5892 3362 5884 7106 5254 13968 5158 10696 15280 4437 3292 3465 9478 13773 1190 16344 9681 13656 1161 8049 14236 6684 8704 15206 10118 6370 9369 17620 14246 3470 4857 17562 6036 16482 8752 174 5886 14028 9058 11854 3069 9338 5284 1238 12274 3696 16698 11254 17740 16830 10822 12189 8750 14953 10993 992 4928 15205 212 16309 6853 13621 13969 5228 301 6709 5749 6920 5197 14156 10160 9896 
15863 11471 14339 7379 4223 207 7847 5471 15123 15083 1203 4091 14847 8799 5511 7373 6567 3879 12591 17019 13191 9893 6497 7217 8177 13565 17753 2417 9605 4457 10351 5887 1891 1999 16651 3247 4051 4123 13855 17481 17892 8100 11970 17194 13510 1946 11232 1874 2829 17517 10401 6408 7576 17121 11292 13180 16782 16898 7744 14788 17265 5176 17337 16042 3230 3722 13980 882 11594 14601 11796 1098 16622 11102 9062 4666 3266 4498 9802 8508 17510 1365 9946 336 15598 6940 12822 5034 513 3610 6190 7224 5042 2530 10020 2973 11758 8966 15048 272 6356 1117 4981 1021 3476 8641 17564 11845 16160 1712 9776 17420 3992 10657 11749 332 7964 11893 
2999 16403 10331 3911 17459 239 2843 8723 9011 12527 5343 3051 14483 8175 16959 7775 13983 1467 2921 16445 14777 14585 6557 7445 389 2873 2681 3149 12391 11777 5935 15175 2815 667 16567 14551 9931 15055 15981 4300 7675 3602 9496 5409 5882 6549 13564 2954 5558 9712 760 10773 14169 2282 15424 15069 4332 17358 190 6604 2892 6345 17338 5904 322 13978 16356 15664 9556 7344 9378 2862 15022 7714 4458 5565 11674 13569 12400 13840 3854 16509 6640 11949 9504 11490 9634 17460 6646 7278 8025 4514 2608 4526 9766 902 17893 2317 9788 4592 6152 4172 632 3800 11300 13580 15584 9932 2521 17360 16705 17065 14660 16261 13100 13616 
13955 8783 12327 10775 12263 14807 3899 15323 11303 16827 4163 17439 13859 4119 7119 5619 13373 7191 10289 17595 329 8057 17225 12713 4505 5897 17453 1721 11873 15127 6883 3787 3391 11071 16879 13675 11539 9631 14014 13800 7550 830 4569 4746 1638 10452 6546 2568 17937 10173 16134 3754 17630 22 17150 12160 16694 3330 3210 5956 6501 8892 11018 10006 16874 9534 3240 12518 13634 9558 11330 6861 14674 1941 4546 6702 8052 5068 14634 7642 14334 7562 10908 3840 4077 8112 7266 4132 12838 7742 5366 13780 8445 14640 10660 6400 3042 5710 9632 2060 8036 6464 17432 8900 3608 1801 10952 17197 1345 10117 16664 2629 9560 15752 16712 13441 17228 
7055 13691 15095 9251 7475 17583 3659 3191 3575 15311 3299 5427 5799 17391 6975 5895 7491 17127 3675 7143 1565 7253 5981 8801 1877 11069 977 11657 3629 2489 1483 5227 5347 2035 7807 679 4315 3655 9402 1581 1576 6098 16149 11586 12088 189 11224 4574 3972 12638 2934 13638 14746 14162 1522 2370 5958 11172 2250 14409 1050 4518 7437 13090 808 7732 8882 5690 9420 17094 9900 15496 6957 10574 7122 16152 530 11746 2158 6786 15717 3444 6638 11776 9990 13578 7444 17133 16214 12868 10437 1538 4089 4792 10800 3998 11304 9732 7393 9128 10837 3044 3368 5216 17660 11060 6008 1237 9877 10369 2185 145 1537 11156 3625 4040 
9035 2483 17039 11183 8375 10751 14387 16971 4887 1151 7059 2907 14043 4263 11067 10491 5199 9519 13875 1277 7263 14453 11033 17033 7805 5825 677 9521 16517 14309 10531 16795 15115 319 14791 1855 3007 4195 17851 12460 4836 7891 17626 10570 2997 1934 12405 1702 14618 17308 17524 14150 10930 15346 1749 12748 8364 15084 10360 13632 12010 9034 14094 7286 9310 3550 4698 12729 3510 285 17382 15556 7042 280 12009 15390 7629 15333 16288 11296 5806 4150 12882 910 3384 5364 8476 4182 17544 228 8182 8974 8434 3153 13906 9762 3900 3128 2312 8305 16184 6133 464 8365 4969 14353 9584 15181 373 253 2432 6608 1405 1556 8840 7508 11852 
14351 15383 2939 7763 3671 6131 6635 15779 13887 17043 9783 16011 7529 7215 10899 39 2993 8355 5451 14739 15065 10863 3029 16541 16553 13277 14959 17201 13435 7673 5683 8899 17863 17299 14023 10555 11887 2753 5356 4591 14004 17902 6756 3753 8637 7862 10178 14578 5025 16132 11680 3982 100 5094 2462 6214 10838 16142 6292 11762 9180 4713 7254 7662 8370 14205 12168 3828 130 14686 7214 3652 10701 5236 7521 9424 7336 10154 13125 5858 13488 9220 54 4122 9360 17700 14714 6504 11044 8416 7312 17205 6388 12585 10824 1010 11673 15892 10897 1088 8828 2665 3757 445 2216 9800 12061 15709 8317 15325 17173 14564 17144 14768 10016 4393 
2411 11639 17447 8495 323 1235 14535 16203 791 12807 10319 13347 11895 4403 63 2615 11511 14007 7683 10371 5391 4277 3963 7001 3617 2477 7025 12401 15785 12845 13181 785 15271 12593 5023 1231 12163 6499 4915 13279 12283 979 12187 3686 12466 16219 4056 7857 9538 474 15600 5712 1504 15234 6777 3366 2517 16126 5510 10386 7146 3334 11466 8817 10746 9708 16766 17008 8208 14052 15196 16726 8710 309 15996 13156 9081 16828 16540 12768 2949 15190 9393 1678 1166 2944 7682 8433 7838 3201 17882 7930 17409 14222 4876 6022 2776 13296 2640 1252 10070 5373 1720 8758 11050 8842 12220 17721 6573 16864 5448 4965 12805 5989 6541 4580 7904 11912 5600 13921 1309 3325 4952 2509 12668 4460 1729 14329 8816 13772 17336 10801 10220 10981 5744 12644 13321 8300 
7367 15611 6071 3695 10091 14895 1343 1091 4167 14063 3263 7251 13383 1871 15159 1359 12461 1949 17631 8297 17259 857 13169 2559 173 9557 14045 5093 11633 1469 14141 3257 10719 17839 6283 9343 2467 6559 2899 14467 16051 8659 17539 5839 12859 17397 17834 14838 14733 8554 2402 14382 17306 14196 3369 4116 170 1218 2265 4070 13060 4617 5674 534 10642 9696 16674 10630 2301 14040 14402 13034 9070 14092 15336 6873 3084 4197 6874 8757 11740 2628 13600 9994 12430 7077 393 1982 9021 849 13798 14438 4000 6780 8158 7500 13330 6566 2088 11054 3798 9316 10778 8889 14661 6201 4896 5380 5844 12844 7281 12898 10590 17774 10604 17185 12488 488 16237 5792 14281 12848 764 4225 6073 13808 11888 10933 14096 13261 10628 13597 7100 9356 6116 6061 7909 7916 3481 
5363 13403 16499 7403 12683 13187 6971 2375 10647 6015 4463 16295 459 11651 10095 16383 12171 6411 11393 11907 9749 4409 12809 6519 6915 17801 12629 12989 16121 4373 6377 3821 10651 13927 4747 9715 13087 10915 3463 5923 10627 15619 4471 4519 7711 955 13486 8292 2325 16246 6802 14362 9996 14166 17434 10394 17438 1221 5490 7030 16756 17224 13774 13908 5226 9618 8446 17706 9549 376 258 6528 16200 5326 17890 9394 14302 14109 13272 12498 2950 5866 5582 13816 8122 3504 13924 10430 7154 4416 16284 4590 4790 16185 4848 3460 12302 12846 6154 1348 9550 11218 3942 16629 4348 2632 640 10140 6165 11668 15624 12020 14940 15260 17404 2269 12332 1225 11917 16801 1664 152 16952 17240 6361 10400 980 3728 17084 8809 13052 3104 6553 8168 11005 10808 3644 4748 2552 
9407 599 15275 14375 11339 17795 14931 8363 9527 5487 3419 647 14315 3207 5357 1095 3123 10707 16973 10457 2487 16455 4361 12497 8093 2717 14177 12821 14429 5359 4469 4553 2251 9137 12751 7387 1459 6115 7015 5959 14431 1243 11383 16711 724 14206 2270 13710 16173 11394 9616 15246 12213 5445 12974 4485 2932 11550 10218 16650 13764 5146 708 552 17616 5018 3142 7204 10450 6444 1281 6818 5610 4092 6084 16176 3902 6244 4958 13857 333 14892 5877 3424 4449 12216 3852 8046 8493 2518 15909 232 17570 12688 6268 1389 9606 17250 12314 12770 11253 4646 5430 1380 12297 16812 4090 352 11010 12604 846 17494 1128 14684 9765 15800 3716 9433 15680 11401 13784 15601 1045 3752 2437 12968 15301 1568 3601 10045 10633 12913 16616 8833 11144 5977 7892 7580 10825 
6059 9683 107 17327 15599 3107 13211 9767 14435 407 5279 17331 3251 6807 8571 15027 11727 12267 12279 3063 10611 7539 12509 3401 11453 1553 9821 14009 9329 13157 15727 5873 3065 2923 17347 7975 16087 811 511 17239 8971 13411 8023 14961 7422 11522 10306 9088 5130 3237 17038 11028 17733 3933 5220 6322 6208 17140 2464 12324 13238 17634 7384 4734 10582 1377 6480 1690 7941 712 12310 15564 5842 5436 10910 8380 17748 4312 12322 1624 13572 4170 670 11398 2536 736 14190 11164 10476 10410 15904 10156 8124 122 12766 2790 10737 12850 921 5044 8040 588 15933 5846 12477 13938 2194 12184 8406 7910 3014 14277 2397 11965 3416 6805 3512 1244 9325 6349 13964 7813 3361 3865 16760 13753 16832 16688 11461 2396 649 13424 10844 14912 913 10813 12625 14869 2144 
11195 10031 695 7139 16991 1019 12887 155 14447 9311 12539 7983 5759 2715 7587 11607 11955 15663 13215 12543 13491 16035 8213 13323 2297 17909 10169 9403 9293 17981 13409 3017 7193 6331 9173 6641 3451 10663 10207 2335 13267 12763 3811 691 8827 967 4060 2992 9189 11613 14536 1233 14314 2280 5808 2454 1881 794 12124 17762 16094 3882 5952 11457 306 9885 4994 8440 4365 3048 15096 1258 6712 9880 2330 16750 15930 4866 8080 1246 12616 11290 9429 10038 2686 8164 732 10425 17082 5037 2445 8166 13898 5124 8529 11386 7210 2313 3858 744 9064 5374 2676 6150 6926 2584 2186 2566 1082 10884 13941 398 11112 15441 13105 2433 16364 3913 601 7700 11389 14521 17341 620 4549 2809 14528 12512 10945 12656 7856 3049 12877 7088 9361 6104 5948 7868 9313 6373 
7091 7259 12419 4631 11051 12983 6731 4523 2891 17135 11315 779 8483 16359 7167 15435 2871 7851 5333 16623 8645 11813 12425 5933 7203 3077 11801 14333 9353 10373 3197 3305 9101 641 5119 11731 4135 823 9463 17371 9379 3535 4879 15222 758 7062 132 7761 38 7414 4202 13098 17344 8916 12993 573 16938 7078 9862 5740 12522 6010 14152 16000 12984 12374 5556 4096 10101 14781 11788 9066 312 14990 3134 17172 13264 10658 6518 2685 15712 16394 11692 9890 14817 9568 14366 7474 17098 1090 3062 2140 16020 10368 4502 14097 7128 7238 17440 3184 11020 15014 16404 15042 12054 15144 9096 13410 8016 960 5526 7641 11116 2068 2516 1590 16933 3908 14689 9272 7369 2929 3308 788 7513 2828 14533 12284 17701 4652 10052 745 4124 14588 7820 15193 15841 7837 8617 4100 
15743 5315 4775 13847 16643 15791 8999 14955 17015 9975 13883 7739 5019 16847 3783 14091 14943 14519 3531 7361 13263 137 9437 9689 1109 6461 12257 12449 15041 11201 1217 10805 2455 4171 8225 5767 10183 16855 16435 15439 2071 9307 10099 12055 7089 11226 9714 17952 14769 13998 4222 16786 12214 1894 9309 16450 5908 16882 10518 4410 3777 6006 14926 561 1780 16098 8148 15802 10581 13394 1164 4210 6429 5606 15777 12904 1254 14265 15394 618 13554 3066 8584 11268 17178 816 1750 13956 3546 974 12496 14532 11025 17662 12634 11620 11656 8938 13668 12472 17542 13792 7690 16326 13086 3358 7638 13778 4677 17246 15630 14278 16218 13590 8629 17941 1933 8876 11696 9901 2881 12445 8504 4729 7052 14480 12440 973 1652 7933 13700 12860 2941 8485 12277 337 16436 7328 11312 
16727 7487 5447 13067 1511 911 17159 17663 11735 10547 7679 671 11355 579 11859 1419 879 6531 3327 11739 3651 3363 2825 3303 12183 3281 16397 15341 8405 5621 1265 13443 7325 6449 4313 7339 5215 6223 5419 2299 15991 16771 5407 13603 4423 12583 222 9910 17726 2998 15748 13708 8548 1290 7977 4554 15472 10322 8542 9826 10521 4406 3778 10770 5116 60 10626 2373 6729 34 16086 14030 14932 12717 9882 14664 7258 4932 1990 7022 15900 12826 3381 2844 8176 17181 1142 5010 14198 3177 2526 17304 6834 3838 17066 14808 14470 3036 9165 2906 16722 1168 5028 3052 7198 2616 15648 11062 12490 15693 15928 82 15396 12180 4945 16078 16969 17916 6824 12349 7873 8917 10988 1609 7796 5384 3884 17497 11252 6457 11977 15572 121 6788 4033 6536 14893 11053 6565 12589 9757 13213 
12431 6683 10055 4943 1559 14283 14211 14687 1667 14663 9183 15911 567 15327 15099 11595 13179 14187 4515 11189 10649 5715 5441 1457 6989 17309 3137 14165 3317 17297 3569 4997 4255 6775 5815 14407 7783 17035 13771 16735 8191 12931 11623 17251 2215 1752 17964 3225 14457 12966 13698 2126 3750 17590 1977 2652 16257 17766 16410 6986 14966 10754 9114 4358 10788 12372 8062 1734 15948 14678 12432 8534 2114 11068 11448 14902 7624 11056 12316 13762 4372 4642 11748 11512 15513 1384 7446 7689 12777 5428 12294 9924 2733 12612 7326 3522 3850 3794 7694 11476 16456 6386 13882 12894 11008 14997 11721 3526 9834 2620 7494 12702 1998 1400 1584 17096 7112 8972 5209 6901 13165 12620 8432 4165 17605 14456 15109 4117 17101 2077 16568 4093 2581 8437 1544 14557 9409 17365 11305 
16103 16451 16943 4211 15671 17139 8531 3179 8891 10203 11451 10395 12723 8271 14607 14129 2195 5823 11655 8511 16059 2321 13925 4889 9185 16697 10229 7097 3929 15917 12545 17489 11371 15247 7411 1903 11491 8575 11153 12403 7843 7195 5539 3127 8673 7084 1754 10858 7658 2176 10214 9864 15754 16998 16406 10792 14606 8056 10533 14970 6676 14668 11174 13930 1996 9514 6002 11422 5614 4038 4992 11750 16792 11352 6081 2460 16342 7461 854 17134 13438 2414 9366 11212 8382 11890 6302 2110 4596 4422 17446 2846 10110 15834 1137 3126 13209 16305 13425 10408 8121 6446 10198 10804 2734 17574 5200 3813 16470 2238 16660 7768 3702 8756 9608 2228 12368 1256 7573 11000 1777 1352 5360 17041 6344 10381 12404 17756 12032 9373 15320 13820 16729 8377 6260 6512 12584 9733 14389 
14903 4415 16571 767 14999 4379 11015 15683 11879 16883 1079 9891 16347 13107 13719 1515 9351 1347 2981 10131 4191 9219 15977 8549 6639 593 16349 11345 1985 3233 12341 11501 10699 8635 7709 16469 8131 13951 7987 7219 10075 9283 11635 12953 3019 2502 6259 1654 9806 15822 766 8664 10905 13066 6362 6770 10740 16762 4732 12650 8082 11745 12406 17354 17116 10158 9262 6216 5518 9678 10005 14676 11781 8770 2582 14460 9962 5620 4310 14056 7029 8326 1498 8044 13545 15770 14901 6564 10938 16732 16426 9374 12300 10138 5748 10434 11738 16869 5974 14546 9112 15756 8709 10540 7590 4908 2842 7905 12186 13444 8954 3129 5708 12888 13801 4398 10712 4688 10040 4904 6313 13976 9049 5341 3896 6325 13129 6013 5425 3553 2413 7004 1616 10885 8353 6253 6469 12560 8389 17408 
9275 8471 12767 2915 8411 10427 8631 16511 13631 17211 17675 15135 12491 14031 4143 387 16923 5175 5907 10803 17187 8007 5787 13109 6243 14465 17357 11333 5921 11957 13699 3533 6365 3005 9737 5107 12113 10399 10879 12727 2947 8359 4771 7315 8431 10939 907 15249 13317 11610 13101 4408 13922 2248 6498 17042 11538 13005 15178 12618 9490 5054 13950 5644 2868 11332 15465 15590 4048 4342 10350 16737 12134 3648 5642 6126 11536 15926 6624 17106 7630 4910 11160 7932 5506 10042 5928 168 8472 15880 12156 11908 12242 3324 13824 11421 10114 5004 13413 7166 14330 2968 4996 2688 17402 7602 12706 3714 4368 3966 3816 9153 1645 3960 624 1208 1140 16280 4921 14696 8977 5665 13093 644 793 17168 6284 15872 12248 1508 4760 10057 6872 13489 7009 7928 14425 5924 10124 9488 12697 
1655 3803 14759 6995 2291 5147 7691 9579 11967 16007 16443 13035 8043 8283 11259 4935 17415 11403 14835 5955 17729 3269 4779 2465 16421 10925 3809 989 4097 3125 3365 9653 11611 8263 6751 1567 17443 14815 11275 11575 6955 12151 2083 3151 2570 8414 15130 2181 3758 6888 17896 16530 7516 15264 12998 13474 98 7120 9621 16641 4782 1836 13582 17146 1096 16476 6033 17152 10464 4636 5734 16206 8894 6300 17878 12758 9622 15856 5750 6790 13454 14608 3106 10478 12402 5500 6288 3285 8200 1012 1257 13617 3138 6374 12676 14416 13402 2152 14562 10480 2310 1656 14338 13322 12290 16706 9321 3588 15849 16953 6934 11505 6561 2084 7788 15469 13664 1069 16957 8048 14569 14965 824 17372 7220 11648 9277 11108 17005 16484 680 10796 3848 73 12301 1940 8749 12932 1057 
14939 15143 11367 11615 119 13943 5579 1055 11111 7659 17727 12411 6923 9491 4875 11079 3891 1443 16145 13551 8811 3543 5993 12389 13085 6341 1889 12725 7133 3869 12331 6089 9473 11239 17249 13111 2263 16277 9427 11407 13819 7099 15643 14995 151 7530 14126 13053 17838 16848 3660 7970 7512 11390 16502 2474 7734 17814 8206 5554 16360 318 6340 4341 14361 15670 13380 7982 4044 5318 3876 5940 6630 8652 16102 7896 17356 12718 3198 14998 990 11272 8098 9354 16032 9410 12693 1920 7586 3736 6468 6950 17373 2856 12686 17889 4788 9789 5613 538 7834 11462 2217 14565 9040 8786 2122 7006 15626 8830 9146 1630 14266 2388 11914 3944 6474 15733 5101 7753 17029 5636 15265 164 8648 3764 2449 10393 13988 6181 3668 457 3085 3301 6997 7921 14408 5917 10129 8660 10928 
12095 6707 17747 11363 4487 11279 5963 15735 14223 2711 6327 15339 14667 2667 12471 13203 11387 6627 7337 1263 16575 3183 1409 11093 15413 2691 1973 11117 11081 7961 4793 13997 17537 10949 16447 185 7003 17647 6703 16327 11743 4435 17743 14647 55 6114 12040 6897 2404 12093 6312 4413 10402 6993 13258 12388 11325 12996 8774 9484 9168 1492 1206 14442 8858 1684 826 7390 3276 7950 2253 4572 12057 16365 314 11074 13984 4882 144 9026 789 1600 11676 3962 7138 11486 12736 13358 5274 12746 2121 13286 14530 7230 8836 16557 6432 11910 16902 8224 3168 12153 13842 2001 14142 17772 10144 7008 12182 16948 3948 954 4297 4672 6745 7888 17456 3860 577 4820 8557 15452 17972 7981 4237 6020 10892 11924 11324 11485 8869 16669 12944 6980 10028 11161 11264 7681 8684 10861 
731 5027 887 167 15575 12275 13979 14195 6575 8103 9747 303 17223 15395 4563 17679 10635 2453 1047 15245 3567 843 13011 8391 10325 10961 545 17465 12149 15965 17215 15881 4 11191 8323 5647 295 2443 739 307 535 16195 15216 10977 7327 8776 16096 834 10338 7377 13704 11088 13336 17604 17678 585 4716 17170 9614 4984 15094 5181 14784 2812 30 17982 3002 11418 2076 718 12206 15544 8922 3474 562 8142 12885 1910 6250 12150 16768 674 10257 17062 9938 12934 9626 489 13353 12646 1134 2850 9921 8784 6830 153 14650 15482 4862 10314 1598 15806 10486 424 12734 17280 9148 17490 16221 5769 12765 3825 958 12108 17833 918 17708 5113 14312 10213 11420 13748 1501 440 5036 2456 10441 12716 16796 11492 2353 1916 2204 6968 14792 15812 11281 11456 4669 15649 
17003 10367 575 11099 17951 347 1119 9779 14691 12387 14523 1247 14391 11931 5883 12627 2031 711 6447 15315 16205 9927 17381 14813 12101 10685 6173 7421 16049 10985 16733 5381 13577 3185 4685 1279 17683 17551 2971 1327 4927 1927 15019 10411 4147 4290 14820 4293 11373 11188 438 8145 8920 1480 7776 9340 1846 5514 6946 9450 12002 3724 4562 4548 4560 1798 2318 6358 5186 16090 3849 15202 13294 8982 8488 482 10641 4872 2058 1908 8769 1569 650 6046 10026 10050 12772 13260 10122 10509 4442 1114 17234 7269 5757 1086 9662 11646 15994 6194 2638 15502 11278 16588 5834 7017 15150 6558 15102 5008 5874 12298 10956 7764 17370 12788 8952 16964 10460 8725 10177 9889 2821 17924 16333 4717 7021 13765 15632 12152 1040 2072 7309 3145 2113 9152 17689 752 16297 10429 1177 
13895 11459 12659 10955 9239 13371 14159 1607 7811 4703 9675 9027 243 5087 7395 1479 15291 4071 10887 9471 5855 11847 17871 1505 9159 7013 6533 15677 17393 2369 4291 13781 8069 17405 3271 331 14671 17911 11767 3523 13975 13939 7528 10615 10135 5875 17277 11565 16442 14721 16228 7557 13096 5649 7572 11080 4804 112 3558 10002 11998 13758 10924 10624 14241 1442 4850 6724 16521 16092 13974 4540 6634 4173 9705 11214 12489 62 3058 15910 6678 16548 6016 17484 11338 2484 12681 7468 5618 9038 412 13305 7456 7509 5390 16514 5654 6454 3990 9036 17488 15314 9158 2772 7497 6228 2558 7678 4798 4614 4962 11661 9741 12553 13309 6800 5149 7748 5017 16909 13729 7400 8156 5012 2461 12692 1868 15188 17221 15073 15920 13813 733 7897 6037 16861 7633 17533 14941 
6803 17375 13091 5195 13055 14927 2855 10271 12443 10991 8699 2919 4443 14331 12747 17079 747 10503 13287 9771 10727 15543 11127 11427 10205 11357 569 1253 16781 1181 9233 1601 9929 8141 10291 14359 8611 6593 10771 5143 3967 10543 15463 16183 1572 15530 3669 7480 9748 2222 14001 7356 8337 2284 6000 14922 10348 8462 1202 9892 14928 15514 1918 5910 13926 10629 1310 6369 16516 2524 14106 4618 12982 17433 13418 5434 5934 12714 6556 6192 12858 11126 3458 2594 9177 5686 4602 2726 14418 14258 12796 12513 16414 15758 17230 12626 10602 13462 16210 8410 14397 1606 11901 16818 12878 806 15192 2649 7317 8697 6 2424 17654 6390 7702 5456 7773 17468 4105 8564 4825 7333 13088 4213 325 4261 6001 12872 14900 5269 1153 8948 10652 2180 15925 7885 16825 5828 10196 8785 14372 
2471 7607 311 9827 2451 8579 4751 3623 5331 15803 8615 12899 2739 6819 1175 2091 4215 3375 15615 16263 17655 13623 16515 7227 4899 4013 10973 10517 6005 15305 7275 7829 1651 2213 11285 16949 5551 15679 16927 2539 4663 16615 4375 16075 8071 15382 1591 13894 15847 12962 7854 9194 16346 1306 4390 10329 5262 13662 8661 16113 8577 7048 5802 5178 15964 14754 1826 2320 3166 17625 8150 448 14472 11961 8818 7600 3352 9970 10466 6189 10558 3650 1732 8116 2116 11328 16270 11986 10353 14018 13408 12774 15238 350 648 17568 1680 7898 5268 11786 13872 17872 10816 9828 13797 4668 12921 1674 10149 13366 13846 13512 8524 13188 5450 7886 6793 9106 17816 6992 9908 10088 7045 3068 469 16369 3217 1825 10316 9253 15505 14204 7717 17413 3169 13304 11 4633 368 8689 3176 5852 
2531 9719 12143 8087 8843 10343 7439 4427 12779 5459 3239 3279 10323 6459 4731 13959 6039 13251 6101 16647 16551 16805 6363 12161 5967 11151 8501 10217 15017 10781 14117 16975 12485 4673 15067 17815 3091 7963 3427 10339 9115 13999 16375 10675 17478 5997 13114 15414 13202 9850 7418 8778 9796 16354 5265 5188 14572 4236 10524 8866 13434 1857 13482 13910 5224 12166 16754 10650 9858 3172 70 1330 16358 16626 1714 15568 1984 2374 17076 12144 16370 669 5234 8001 17688 17458 9650 3300 7588 12645 16980 10014 7228 12794 12664 17298 9936 15369 3886 10474 9830 15698 15189 864 8020 3705 16260 7632 6249 6234 11280 11929 873 8665 3120 6860 12037 4161 7777 10580 15164 15133 848 16916 1837 10009 14000 14053 1700 16016 17377 1885 2948 17984 11996 14852 8540 15476 14384 
11531 4451 11939 13175 17627 9399 6383 13163 3471 17495 6899 1323 10179 6719 16083 13563 11007 5871 2199 16215 4419 17837 6687 7601 5681 16937 615 11165 9617 1013 257 11323 13613 8731 5515 13483 3115 7951 2671 13027 11803 12259 9235 559 9019 15418 5150 8130 13310 11916 1701 11430 1502 14414 3024 3206 2800 12348 8510 17464 4802 3928 11196 4662 10510 1368 7786 7300 9286 4730 17088 16701 2848 706 16552 2493 12712 14184 15912 5778 13814 16154 15182 17674 8157 8886 10692 3862 1346 14062 12568 17290 14553 15706 256 10426 2106 3837 681 6338 5232 9964 3374 4533 17546 6592 904 660 10606 14256 1718 13306 3498 12482 13532 7357 2168 12380 16658 11600 16088 2569 1453 17725 3092 1724 9793 14017 6212 11737 344 16105 10249 3932 16321 4501 14293 8161 4244 17245 
17363 227 14039 371 8183 6671 12851 11663 6143 1575 6443 5547 1683 17207 12123 3387 9401 16707 4289 7085 4551 8439 6399 1587 16025 9461 11693 12353 11561 12761 17657 2777 14021 9811 5311 8647 247 1411 17611 1111 9703 6823 8119 15319 9955 11374 15631 13888 15120 1962 2378 14282 16894 4474 11409 10330 10620 4209 8565 6964 2289 7053 13372 1917 118 5442 15945 5344 8385 15786 9285 4692 6040 4464 16250 4317 11534 386 13010 8109 14194 6490 5534 17868 16852 6088 10046 2538 14766 10632 10490 15885 13466 15552 9348 5868 5050 3158 885 1530 9922 540 17848 11710 8086 9384 9142 10678 750 14426 16990 1629 2622 9784 5370 8409 6924 15038 12013 8576 2125 4724 17366 11624 7040 3080 12409 17828 5576 1849 13280 9613 6289 11785 7705 1952 2041 13081 9212 17077 14396 16328 13016 6380 
13703 6779 9791 16547 9971 6419 16931 13967 4919 13619 6903 5003 13811 10451 16559 9543 16251 11555 2523 8943 4635 2331 12759 12099 14451 7131 5811 12399 12927 3761 11667 13433 7323 16721 7241 1335 3353 16241 6471 8969 11307 9425 305 15761 2741 6041 12977 14131 8573 17885 15845 15523 9509 11395 4807 6811 4601 6509 7663 9413 2429 10279 16255 16579 9223 17155 3379 5587 8383 3823 2925 15734 12835 10126 5578 17932 1030 8714 10758 8210 9446 1404 16396 11442 9540 16005 14541 8366 753 5817 2794 12726 8613 11334 3000 3662 5930 4593 4936 9408 10146 1274 1406 17760 5160 11445 4500 340 11128 10404 2541 1113 6525 16614 16510 17644 9782 10473 6422 6030 270 17142 48 2966 1362 705 8961 645 17770 3590 16281 14136 2085 6238 12306 13398 15448 15760 11913 2358 8282 2604 9842 9172 4125 7284 15586 12024 9736 4706 7458 11014 10494 9642 14896 15146 13018 8404 6912 11284 2242 17862 2832 10666 7432 17421 909 5166 10821 15696 7606 13521 15434 2766 12052 2678 12598 1008 8229 9412 9098 10677 3566 12832 1062 400 6246 5006 13586 14868 345 17718 13678 9958 2276 17473 1658 15256 3945 10244 13184 14125 16820 6889 2005 12961 14977 5452 11569 9308 8053 8336 12997 13676 14984 7772 2173 17324 3229 3925 16700 6301 11684 15793 12392 5984 17636 11660 5029 12428 8084 493 9061 9464 1909 15068 13453 3589 10328 9392 7880 4765 6121 11372 11288 5660 8521 3805 12241 13604 7160 14269 
12335 2831 2255 8555 15479 1463 3167 383 479 1307 1919 16859 10823 7083 8603 2867 1155 12587 1191 10287 9795 3047 12027 13083 1539 16107 9387 16539 4479 10947 14285 5867 15471 5739 209 9077 4229 1121 3 5127 10385 5549 11981 9341 17741 14393 17861 7531 16013 4769 17561 8873 6977 9845 4577 15449 11789 8467 16289 8299 4735 12067 9679 4279 9079 3941 15139 1363 15151 12799 12247 929 4963 8407 14851 6175 15532 11011 10507 9163 11236 15518 10882 9590 4970 15138 8212 4890 13240 6789 14574 12270 9126 4080 9657 8644 3268 12494 6621 16581 5790 8452 8748 12506 5325 2050 6266 6182 12508 10732 5678 16226 4524 4638 11800 10814 1356 6180 7545 7389 7464 9422 15934 330 4564 3946 11770 13128 6694 8278 1464 11846 2206 7438 14428 13029 15486 4452 1296 16336 6294 2822 12249 12724 3624 6333 1390 1497 7792 14294 4156 1708 17680 12606 12880 7018 3544 5142 10258 10190 15230 12730 14390 12426 13024 8244 10130 2142 1542 13858 8526 17462 12590 11380 5764 6406 4584 14430 12148 14658 6376 6170 10802 2697 15614 8088 1640 4144 16474 7994 3570 12690 9160 3818 6742 5376 13584 2161 8392 3122 11348 10748 8924 3984 9166 4148 11228 2917 17389 2408 7477 4736 9884 3022 5396 11408 16741 16460 2588 1969 14972 7729 7712 8653 3097 3781 1741 6440 9764 13741 13592 13861 3524 3277 11629 3841 12469 10112 16172 8581 2888 10208 7616 12661 17672 15913 9229 404 12025 6157 17857 6385 9716 7568 13412 8804 6200 10340 
12047 8459 6827 10439 6227 12575 16379 16055 5891 17267 13019 9047 10163 59 6527 6371 11723 17027 8451 4503 12855 12315 6003 6087 17535 8261 3687 1719 14879 6303 5561 15879 9089 6939 281 5309 795 4179 12089 17933 183 9727 14033 17621 6317 4853 4121 10445 17669 11297 13721 881 1579 3797 12235 3763 16207 9127 11227 9691 11443 4891 10687 8393 3595 7063 6391 14227 10242 5827 12895 17023 9400 17983 8707 15895 5157 6766 15372 15816 12386 8054 7054 16810 4218 16654 17874 3585 13828 14522 26 11592 2814 14100 14782 16494 11478 9434 14844 12028 12636 9982 9024 8901 1432 16738 10953 7305 10682 13742 278 1554 11802 12910 4982 16797 7452 6570 10989 9382 1980 3870 13812 6052 17026 7072 5762 8250 8026 14412 8325 6094 15768 1101 15922 924 17529 13200 15924 10818 7034 12909 4366 4504 11626 6012 5 9372 1482 1706 11416 14856 8174 6484 8238 6204 6186 5270 5856 1870 12790 2042 6948 5964 7206 7454 10062 13538 15837 5658 6633 3708 11618 3482 8424 3132 8002 14262 13194 13036 12364 1470 8992 4149 5024 14550 16473 6242 782 12948 15612 8618 14514 78 3808 926 1666 9016 17781 15529 14005 15721 16272 7177 10237 133 15252 17821 6488 10453 5888 14725 11756 9104 6776 8497 2756 2953 14497 4268 1549 1148 3157 4465 6728 5960 10292 14492 13249 9188 6505 4129 5348 11792 4705 2737 2372 2468 16573 15313 7597 3793 12536 6865 56 14168 14113 6145 452 10976 8372 7561 13405 8821 1748 200 
2459 13931 6095 2339 3791 11495 9995 14979 10667 5519 13271 11811 16995 5763 2823 4559 7047 4199 13947 3155 3075 6615 687 8415 8079 539 3947 8055 11369 2583 15587 111 12879 8115 13709 16947 10565 4169 14693 1961 8861 5141 2261 16565 2141 4877 5321 9389 341 11705 14381 9641 10829 15773 6737 14633 6055 17731 8165 8789 7637 13687 271 7265 8491 11335 595 4639 10039 3919 11719 16543 15559 2162 14119 9750 3684 12202 15376 16682 11450 14822 12487 1948 2326 6118 4233 7341 11410 1824 4578 11474 8457 1192 1828 14316 12753 9292 4428 15002 4214 14793 17028 7209 17430 2596 7058 11642 4476 384 17637 14434 15105 0 15789 15986 9234 12342 7824 6686 11270 9672 8094 10226 528 14812 6864 876 8496 9226 4714 196 17470 10929 7922 12592 12928 17602 3082 8738 14121 14244 8378 934 4768 11848 5073 2098 2146 6048 17097 2860 4354 4780 16668 8834 9318 8241 1924 6184 15882 17926 8006 5926 4684 7797 1524 15840 4486 682 5854 13860 13782 5925 2680 6996 16074 7032 7242 6062 15498 4624 2834 2646 17577 11640 8962 2184 17070 5702 10600 9144 10866 12321 7492 9832 6598 10738 2428 8398 5706 2344 10862 2212 4650 1280 13400 12780 16821 12085 9745 15517 3494 16381 10333 11857 5413 14144 16544 16520 10921 7849 2653 13681 3548 8936 8281 416 16904 4988 17648 7352 15229 13724 12397 12896 4537 10916 12572 16892 1429 7808 8912 9601 15445 16717 3181 17480 17612 6829 16232 5108 4681 14432 14809 6332 9740 7501 13357 2209 925 397 
6911 16151 4391 5351 10847 7175 15755 4991 9647 5915 7547 11927 16023 7971 15959 1223 12875 4383 13307 6251 5795 5975 9291 13791 12603 4595 11237 11571 12939 10071 13697 8835 7973 13155 10263 3473 14259 14715 12065 2597 10529 8907 14753 6209 605 13541 1829 10097 7553 17 7037 16133 2407 7685 10505 7145 17959 4231 1435 14695 14827 15979 6607 3619 16891 2731 10027 8959 1963 10267 2911 12847 12523 12991 11515 2143 5755 16600 3693 16166 16941 1401 1418 12060 13630 14752 14046 14734 1144 6850 6318 17448 11990 10082 9222 8442 16332 10512 11469 2510 14778 4542 1528 5302 16230 9674 460 3706 12622 5184 14380 746 8754 11138 10965 13245 1312 2970 17198 1842 4330 9670 5368 10162 15370 6058 12369 17820 6696 15702 1378 11793 8590 2260 2246 6576 12741 9646 9602 4816 17422 12304 12006 12914 17414 13497 11716 8253 15078 9760 5482 10072 4018 6784 3681 15660 2418 15618 10370 10944 3354 14894 4190 13461 3645 3562 8361 13905 2602 5277 544 6588 9225 12732 11378 15398 10776 3322 9933 6396 4488 6038 6597 50 8822 5014 9358 12597 11650 7274 14548 1722 52 12082 13221 10670 13190 11670 4812 12429 15360 8826 4140 17865 17953 10969 3018 12789 15576 16940 11233 3920 8994 17108 10880 7208 5912 500 16525 12205 7148 8480 13208 1897 13556 17348 8941 8029 5804 4436 2360 16837 10273 15860 15944 14041 12128 6044 1381 13957 5588 7801 15013 236 6781 17449 3188 3812 3872 10724 9008 1321 14108 5833 1009 4897 9781 10256 2528 13585 15836 6925 
11375 15527 12647 4175 2447 9455 7079 4667 6099 11187 3371 11747 10383 9267 4131 2087 299 2543 9023 4539 13863 7959 14487 1295 6543 14499 12675 16983 16911 7071 8199 11271 8619 15891 1599 1659 17969 9867 10791 9735 7671 3291 16335 12137 8417 16229 3857 1685 16745 13385 1733 11009 10625 1805 15293 5369 16061 13075 16109 7493 7087 14539 14347 199 3557 8251 5443 2791 4543 16987 7459 3139 2239 12271 13039 14803 6415 3319 13219 6801 1807 6286 4286 17584 2406 1077 13929 1809 11810 1341 7108 9033 12514 7068 16392 1382 15310 2964 17518 5661 17160 6648 244 14340 3117 15574 2853 9688 11662 672 15312 1888 11274 2730 13838 11730 10230 15446 12338 16462 5626 1689 5340 9280 7749 14350 14742 14568 12438 5724 6662 9174 9837 13498 598 1704 11404 12526 16190 1089 6998 13250 7677 1200 4581 4461 11190 17856 5949 8068 9328 10074 16296 10008 17870 7934 17100 4456 11976 17746 17416 16012 10234 11162 780 8706 13452 861 6958 8232 13965 6090 7449 16550 14814 2974 6168 11356 10586 2782 7074 9838 12282 5164 17850 6568 10728 6838 15658 2434 13833 3021 16466 7440 6933 12246 2760 7766 12630 9417 14872 157 11114 5985 10830 3685 12229 16274 5594 2769 16340 17965 4400 15440 10664 13693 11384 9085 8732 9193 8257 9968 7957 956 2264 392 17684 8413 17305 4700 6836 1976 15541 15464 15932 12188 15877 4340 1196 5173 17072 2137 428 8780 7153 10592 16532 17293 13393 6476 229 8312 4489 16784 1856 5761 5653 9620 12548 4388 12044 12889 
1127 7019 6887 10127 7931 251 5327 11255 13223 13523 13823 13127 13463 11435 6503 4947 12083 17879 10259 10799 10923 7779 9711 5979 8655 123 3483 17183 6423 16191 15015 8715 11343 147 12623 11211 6375 13913 10587 7301 11585 17501 12665 6435 10025 509 7865 2393 8081 2657 6195 17513 1541 9761 4073 9365 14623 2105 7483 12869 8779 283 16003 16363 2383 15079 5479 17119 11179 5179 1747 11899 5659 2863 10483 9724 7903 142 7426 9266 1838 7125 8560 9448 6810 15118 5298 5736 10018 9124 16114 7814 17200 6489 8640 6074 6708 7665 4334 13570 12918 8602 1318 11978 4130 16022 1344 14354 898 6774 14750 6134 102 2716 8908 11842 10278 9432 5394 5746 6276 7158 10756 15072 9856 7794 14349 15141 4660 1149 4869 6698 9054 6034 8254 2798 8270 17697 12525 10656 16161 10324 9636 10506 9052 1222 12058 981 5824 13900 5810 14798 2380 8160 9758 558 17698 4854 2532 15646 3726 4308 14462 310 348 12072 7538 15444 9357 14138 1209 11625 16584 13821 12420 8428 3628 9418 5530 302 6045 14649 2390 15364 6405 13401 7634 15846 15828 8388 7330 15362 4528 7498 14068 1066 16264 3950 4670 9046 742 1626 12261 13450 14648 7564 12784 1573 7081 1864 6738 15373 9805 8845 17720 10873 1813 11221 8624 8773 17113 8192 5785 17797 14012 13561 12884 7448 17936 5797 4429 6721 5953 13880 14485 15457 16201 15200 6421 4940 4657 3656 10069 16256 16117 7285 6577 613 13136 13345 6817 68 11804 4676 14348 14797 5161 8264 16537 2557 9572 11617 6932 
5999 9203 10571 4259 12863 12479 6611 1691 7031 11675 12935 3035 4115 6083 2063 4823 17099 14823 13607 17927 15191 659 2007 17771 11091 14583 17823 543 14103 5211 5531 8367 6053 7899 1227 9411 8991 15699 4599 2759 5271 1793 4133 17165 5225 29 13841 4481 12197 13865 2669 12029 1397 14549 3641 10243 15569 2503 5237 16865 17849 14611 16723 17143 17527 869 15403 14983 8287 6427 451 6235 1075 13663 17791 17467 15187 1675 204 6835 14124 15919 1026 3679 3398 9874 6672 8217 13533 10922 6813 9718 5460 4017 5673 14202 18 9566 2901 5182 15510 11104 16490 10749 13752 852 8800 1446 12621 8580 2738 15270 5032 16665 4632 15746 16334 242 2810 11844 1800 4224 12036 12336 6430 4010 11532 15009 8505 5222 462 13876 15166 12470 13074 1018 2601 7830 9772 17673 5280 4118 9240 16716 12825 16122 4986 4968 5138 5512 13276 12657 8838 4509 16612 9960 4626 14652 2292 5481 8578 14544 120 12738 5342 9544 15036 17229 17073 2650 7132 10500 6578 13288 844 10128 2854 2234 17242 7740 17086 13794 17128 13618 13596 12026 7246 646 16822 13324 13420 7696 1473 6930 16425 8242 8698 638 14301 13932 17056 12492 4098 4346 9150 14510 4600 16262 13593 5457 6918 15261 128 2960 12786 10672 10561 13045 12680 7490 17024 11029 13705 5672 9200 8737 7652 10765 15937 9709 14437 13448 14840 17960 8516 16988 4693 2221 6025 12632 10621 14413 14960 17792 12373 1681 5168 11509 308 10033 32 13712 10736 17876 13273 12476 6644 9596 16081 17125 5972 15049 16880 11468 7261 15560 3997 17713 7028 
13379 12035 17915 71 5987 1103 551 15299 13751 10895 8123 12087 14843 17523 16599 6795 12155 7011 17291 13647 7115 10059 10227 16779 11703 3423 10347 17847 9819 6839 17787 15219 495 13455 17403 17295 16371 2115 2775 999 9699 6773 12531 2343 4025 2381 9029 16325 7877 3665 4325 11753 10433 12857 4913 17093 7853 1025 2549 941 1085 16099 8743 497 859 17873 1159 11983 17503 3701 4027 1865 14923 571 4327 2659 15103 9274 8527 6067 7147 11215 17968 13048 10896 13044 2028 5361 11553 1068 11433 4800 13920 3790 7704 14604 7574 3762 5586 10270 3654 12946 10084 6348 798 2946 12378 9465 5294 2328 4980 1545 662 10942 5098 74 254 14026 15686 11064 818 12414 3094 16836 8034 11481 4240 8133 10010 14328 14704 6076 3582 16720 12792 1516 17313 2362 15790 9130 14022 2913 12422 15952 5920 5246 1336 10869 4833 16728 3658 8942 15306 4776 7920 9844 268 11752 2214 3786 3993 4444 8248 16881 2066 2614 16002 7713 15636 15148 12 862 8064 1245 8968 17013 7936 6436 6382 10377 15098 16814 6434 7826 11902 9100 484 3936 15262 16222 1474 17750 16416 8956 15705 11498 9012 14070 4185 8356 2762 17918 6916 12117 4194 12258 14398 5592 8390 1526 14504 512 17061 14517 15582 10568 3296 1304 17192 2401 14024 4741 997 5509 16477 9289 16633 9752 12980 1604 3433 16556 860 3421 5564 4892 16604 6296 9997 10357 15248 5996 11084 3776 17665 5840 8077 2048 17552 14996 6896 13177 3236 13897 10225 9404 7844 17749 5965 11377 6589 11480 15985 3889 12289 949 4153 
2171 13715 11231 7043 2303 15167 3395 9911 15491 1499 5255 6359 3719 15647 15227 10455 16479 6599 11439 2247 2351 14279 17435 935 3795 2931 8679 5223 10479 623 12299 3315 16097 10997 221 5117 8535 15111 6291 7431 8633 3593 10539 3089 12783 9977 2177 15137 17549 7517 10577 6665 9281 1097 15869 689 4709 9245 9773 13229 6907 16181 16171 14249 10459 12643 12773 10735 2959 12907 2827 3031 13351 12631 12319 2023 9247 3643 3055 11599 2875 12607 16459 11119 8668 17210 10902 11606 1110 13072 2010 8260 7372 10617 17496 12550 11814 12806 602 8421 5544 9942 13519 5560 5796 1562 9196 15490 3978 16858 3506 2910 9645 4718 3472 13152 1156 11090 6108 5670 8518 2438 1550 10488 2049 9326 1108 7974 3216 5738 4329 8042 2082 10142 4754 6496 3600 6606 12924 8926 2304 17976 13958 5664 16338 3426 12586 12933 12441 813 16329 1884 7473 6906 12136 6826 11517 6453 11546 2446 3904 14886 15954 4374 7318 7233 4938 1094 3642 12050 17296 15040 6120 11133 6230 5001 15100 14810 16672 13282 1242 11289 9930 7918 16320 12362 1930 8400 6178 7216 15386 12030 13230 3480 14818 5865 4534 15984 7200 8362 8018 3410 13546 405 5162 10828 6706 16269 8808 7 7570 1185 13674 7322 8013 4401 14566 13934 3956 44 17716 17844 4686 6064 6668 11180 1033 12610 17120 10849 7256 3500 9493 5552 15620 9973 5641 2780 15272 13568 12260 16249 16424 5780 17161 2365 2840 16028 13040 11185 12356 4520 4309 1328 15781 12008 16472 8893 17948 17869 1988 16513 1705 13849 15901 9260 5060 1448 5581 17912 11768 9829 10268 2576 8953 16772 10388 
5771 1199 455 16175 3275 14555 15899 7943 8663 3587 3875 13907 503 9671 2123 5951 3203 10151 17955 171 8399 7455 15351 9903 6491 10779 9279 14163 12371 11415 15239 16863 555 14933 14897 10697 14019 1215 11883 11871 6161 5645 197 17369 9857 6605 4527 8285 5703 8381 12209 5801 14935 5837 15629 749 11045 12677 917 4347 14287 13711 16217 13243 1939 16483 9535 13517 11695 3991 8887 11755 12007 487 14479 12223 12439 631 17455 9475 17887 14954 7425 15864 13804 4270 6904 5056 13432 3030 8202 9585 16382 6945 10708 5230 10089 1494 796 8328 16128 12870 11294 4506 13126 15228 15708 8694 8320 1298 360 912 16686 15906 10572 14920 4680 11146 1914 15480 9322 3580 15074 3274 9261 16101 2448 4269 14306 14700 15174 1197 13382 6700 7540 4809 7578 3382 4738 5646 11472 2565 12820 13284 14158 12286 8654 13246 13362 6670 11994 13854 4797 9840 17368 17092 17661 16452 17442 12376 1080 6026 4014 17236 10262 8316 16422 14662 9734 2490 8074 2074 4192 626 14476 5758 982 10116 17656 81 14116 678 12033 12276 11798 8004 14140 13788 3700 16468 16593 8162 3634 6477 3038 6042 9669 14118 8394 1146 9742 5598 10870 11500 3810 2770 16212 12112 14944 4285 15332 17714 12782 14074 9105 6140 7417 9517 12892 15289 10297 3836 12704 433 8600 4376 6812 8456 17804 1561 14161 37 1441 1172 5737 4292 6685 2869 15992 12853 13069 12337 4513 6068 5077 5725 11473 10081 8881 248 2900 7556 7429 3824 2545 7520 8425 15685 12049 1136 13933 15697 8233 3620 17485 2341 5372 1657 
16607 16235 16019 5939 7751 2519 15215 5991 12803 5699 8771 8387 16679 8519 10499 2619 8795 6207 11135 5415 12735 2423 13527 9315 8127 5931 10659 7383 1731 3111 12795 14067 10743 9939 9615 10671 449 14981 1433 12003 13515 7347 9785 9269 7817 7745 6125 14237 2897 7757 14153 14789 7887 2537 4145 14993 1037 6569 14681 701 3161 11971 211 2837 7579 13063 16495 10843 2345 11683 9439 16301 9859 8587 17359 10387 11647 16661 11059 4819 15955 4305 15835 3345 2514 16970 6516 15237 13370 10648 5038 9342 7894 3270 5902 2450 16293 13548 13182 15136 6273 17034 11488 11140 3801 4620 7036 4414 2889 8090 3864 14320 13138 12417 10941 11354 4606 8874 13992 15004 17794 2458 14964 5580 16408 7581 4326 7972 10310 4521 13770 14466 6844 1332 6772 2613 15714 6014 17565 2805 14598 11438 6862 4053 15957 4978 15970 13257 3314 10982 3530 16678 2740 1738 4370 2256 2590 2858 11714 13766 17378 614 13041 4446 17734 9573 4622 6144 7809 16944 768 6448 8829 804 15810 13902 4494 1536 14988 1204 4002 4653 14464 9658 15988 15654 17578 734 3970 14518 17757 12580 7222 15621 4902 1620 3996 9156 16194 4152 13197 12950 7430 1056 6636 1017 2554 4146 17254 12457 12698 9265 10820 13364 14064 16946 14821 7388 12344 17317 6572 14060 4808 8180 10232 9481 16489 16412 16580 776 13993 517 1316 8569 5293 5557 17216 7141 13237 11689 10345 12212 11204 12800 5312 1333 4064 8072 17593 9133 16285 13009 13196 12361 17288 14708 14989 10064 5528 15805 5845 7016 5540 7441 3961 12181 5900 11708 
2795 1955 17351 5063 7103 11831 6815 10763 13695 8807 8567 7127 5831 15827 8099 7499 17355 3971 5387 3983 8147 8463 17739 12639 17759 9459 13827 17031 14915 10871 7631 10167 13023 17585 8487 12233 14537 14679 13995 15737 15927 5007 2441 3605 6867 7061 17321 6591 7985 4541 11177 6113 2621 11417 11861 927 9629 9317 11993 9149 16817 6257 12833 3545 439 763 17047 17285 3739 15751 14755 15355 367 14731 12139 6991 5431 991 3079 9511 5167 10579 15799 10783 14071 15235 5455 5707 8722 16918 10358 17822 8650 15156 11602 8152 9474 12264 6942 13648 6218 13428 3141 694 17004 17266 1972 3328 17398 3926 14234 17704 2294 8289 10058 15268 11829 13620 6778 3438 4360 13737 14436 192 1514 16084 13176 15606 7522 7156 1618 15814 9574 10086 6162 198 15594 1360 15454 8949 16866 7804 16558 13918 3446 15561 5464 3892 5346 9508 9042 14217 3574 12652 3712 574 6442 5410 8272 17522 15958 15108 13581 2190 17702 12366 5386 11877 1408 15918 14114 5832 8880 362 13122 14937 12225 12666 58 6298 14992 9141 878 13936 12624 15830 10414 10308 2340 12262 6394 3820 13234 16708 17758 10134 17712 16420 3484 5922 7668 17534 17778 12912 2350 9738 3306 12110 13542 7698 10285 217 4556 13226 16724 17493 10542 1393 15968 14581 13302 15578 16112 7405 5156 8329 15254 7832 16208 10856 16868 2564 1873 1369 4316 16220 17761 5732 4357 6673 16849 13688 10772 11192 14173 14401 6080 15692 5720 13952 13244 15080 13376 15481 6596 7592 2605 2533 16676 9284 17732 4640 5696 14780 5096 8221 3037 4496 8984 4088 3121 
7163 6335 8963 815 6347 12039 15971 1739 1475 5879 15623 2163 6771 4019 17303 9227 5055 15935 9051 1979 17279 7035 2771 7551 7611 6267 7719 8919 6987 13359 15659 15987 16119 1695 5583 16311 3159 13971 9003 14213 627 10733 16611 10155 16155 7577 17813 12317 1193 2633 6725 17153 10107 1913 1493 1517 9305 14945 13457 2983 16265 15665 3041 7363 16831 6869 5995 2599 15389 3283 16231 13759 7303 15809 5719 9067 13795 8083 14659 13543 3871 7831 10238 11911 436 8294 8848 10764 16168 114 10288 6054 478 4238 14002 15792 17330 6117 15406 2182 3586 14176 16144 14774 10186 16534 12862 150 262 1500 12574 8574 10113 14112 11922 13602 16677 3278 294 13738 14332 501 9909 10346 4828 1158 5742 6674 3934 1814 16116 10356 16026 364 14697 4545 12453 5733 4430 17412 9798 2942 15878 14524 16010 7848 342 16878 382 6938 12345 10482 17606 12333 15402 4956 4761 17020 14790 17550 10029 17541 13750 6060 14850 2550 16630 13290 5202 14037 17157 7728 14122 8008 14805 14854 10730 12268 3814 16582 10932 9136 5086 14558 11244 897 3958 3286 10812 14433 15622 14644 238 3994 15585 11790 8997 3636 2553 14870 9912 3897 9780 12876 1060 4344 5628 7560 13594 9362 13845 15217 205 14394 4280 3560 8494 8622 3321 12452 10832 4964 17312 6584 14077 3248 8185 5053 7496 4880 8132 16777 3109 13832 14737 1340 572 3457 16921 4045 7124 10172 12565 14677 9241 4477 11072 5300 12524 3572 8173 14756 9164 16153 13004 589 13825 2689 584 9416 7825 16928 11209 14509 728 17012 16069 3056 2617 8996 3949 8989 
9731 17531 6023 12611 17051 9575 863 15539 7335 6983 13295 1403 4331 1283 16199 9503 9623 8295 5039 11627 7815 15263 14775 9923 8547 14255 17547 7479 743 10575 8403 3735 987 4575 8003 17691 10407 2957 11199 11787 1059 15951 8105 4995 13397 13131 8019 7911 13299 2009 10181 4841 11897 9881 5631 15425 6617 4265 11597 14801 12463 13985 10999 17009 14527 8441 4589 7723 12511 1625 3607 6211 67 14455 7159 4099 6163 6007 8047 9547 10963 10891 1663 2587 427 13327 1041 7526 2980 5308 9298 5133 765 1005 5726 10530 4478 4720 7870 11566 17724 14748 10516 13650 8802 16518 9510 1557 10966 6682 15172 14229 15682 10176 7938 17418 6984 1425 13162 17776 15778 252 8896 178 1486 10845 13346 13386 6520 17426 3514 4324 3028 3222 3861 13756 3910 15690 6710 2626 9854 6024 456 11314 10224 14325 3050 9250 9648 2436 1314 16341 15936 13281 6642 3594 7350 6482 4260 9456 3194 24 5322 4356 7226 5937 12890 12066 14758 2398 3174 10780 17601 6129 9790 1150 3698 13233 13614 16816 7917 4101 17754 10668 5388 14846 5002 11664 7188 9218 5978 5980 8436 13365 8820 7245 12682 9756 16192 1466 6174 346 9652 12628 17782 7992 8014 9952 3045 8354 868 8220 5770 3408 957 5305 7525 13518 7902 4198 7784 17060 13885 13326 17768 6056 13717 5684 15020 15704 9073 16045 6884 6049 17809 13436 3661 7657 697 5185 17180 2245 2648 10093 14444 12709 15380 4544 15589 1201 11761 1412 313 16352 2293 14593 13028 16004 3584 1669 16736 9625 14864 4472 6229 49 10597 5521 7412 3985 4256 3817 17845 
11243 11819 4367 10187 14099 14627 4883 7583 2183 11063 2279 9659 14795 12423 3351 3023 2463 3551 3603 17799 12695 11159 2807 12303 12987 11175 12329 13239 10047 14367 14571 7443 9243 5367 903 3707 15459 6749 14883 11249 14345 13815 9053 8787 17609 12413 5345 8751 10469 2525 13745 461 8945 13649 17789 17587 1529 15641 13853 1951 223 15007 9571 4831 16639 12293 3475 13399 8599 5503 3211 16411 2623 2635 7735 7471 10819 91 17671 4711 14563 4615 17894 2990 9754 5097 7378 6796 13694 3618 9902 942 9666 10354 4168 8102 1614 2376 3540 8265 2784 12642 16170 16044 7785 6352 9290 14104 7044 1118 10522 5248 8940 1450 6628 4917 16826 7290 17858 14025 11853 1834 1022 12070 8460 7478 15066 8076 1818 3081 10444 9969 690 15154 12226 13070 17046 9210 16437 15393 6086 2157 5692 4186 9278 16702 4822 8604 16308 2644 17752 8764 15554 7250 11882 13605 2262 4137 10056 9254 3782 7346 264 15762 12442 1084 11874 9604 5136 7569 15813 5850 2634 13118 14853 12700 4126 17176 7221 6093 3986 14272 6336 3804 7012 5986 13414 16366 12190 5916 4036 906 10834 11502 5378 3633 16180 11840 10893 10826 13198 1132 11042 17364 5638 14796 11282 5632 2349 16302 7488 3826 15121 15848 13522 4588 6736 4057 12193 7609 15548 6109 13736 3008 15025 5545 9068 16076 10681 11168 13148 1261 17204 176 8528 16993 4184 2012 6265 15745 10616 13856 9440 3536 6308 11564 5144 1165 14804 14785 2300 16609 3032 7640 15536 12793 6445 9649 8252 12145 11096 889 16640 11540 7376 2612 4484 1717 10717 
10247 4895 3455 9095 11699 16355 13727 2735 5355 7391 10583 15179 5591 16955 8543 11075 10811 13095 10379 7599 6299 13923 3135 3635 9195 267 11631 13787 3855 2243 9555 231 10035 4371 7095 6663 1983 15171 14643 17141 7283 17345 16481 17067 15819 5489 14405 14729 17283 13097 13037 3053 9965 8931 16925 2333 10049 2057 15161 10853 11825 2861 1817 3653 7793 2081 6103 4975 15859 5945 7819 9787 13207 7243 12379 12475 3727 9259 16591 2359 6043 12451 1183 6127 8755 9655 14251 15528 11671 2830 4522 14210 13147 5992 3192 10714 3098 4930 5092 17049 12330 16449 6537 11342 13636 8716 17078 17829 2022 15854 17272 15134 1272 16914 2148 9213 4068 11772 12916 4434 1858 11508 16330 14193 1742 1912 988 1270 17520 7968 3064 15064 3312 9346 17361 6198 3954 16638 1317 12750 8680 16746 4492 3290 11004 17986 10990 10392 6585 14230 17618 14157 9552 10674 4974 7014 972 16574 6462 17709 8610 14602 16030 10017 4794 13822 9426 9232 2520 12048 3538 14145 10912 1728 16104 12081 11956 6594 10428 17450 3834 9132 6384 11722 13874 8097 17658 8824 1329 7594 2112 2836 1438 2150 148 5970 17920 10132 7442 5774 17486 16954 3888 5596 17238 13360 6832 11169 874 13214 3417 7329 11306 14296 3130 969 14866 17276 11148 11157 4752 1992 11636 8468 2324 633 15488 6176 13172 11341 85 9548 16225 9812 7057 11173 908 17516 3613 16501 8396 3577 4196 2281 2701 15128 12745 13760 9445 3529 11017 11732 11773 12001 8276 16453 9032 10508 6944 6680 2833 15392 10904 8492 8245 4441 15829 1525 10669 5432 7340 13537 4028 16945 12776 
6107 1847 9059 12323 7307 14675 12231 9359 6323 11603 13739 14723 15851 3539 7427 4227 7155 17931 12059 4023 14975 6699 7743 15719 6675 17979 3843 17163 14703 4251 8235 15867 3903 16755 15039 15815 1649 15051 2835 15207 8729 2043 9545 17705 16671 1421 16409 7157 3833 6821 11681 233 13253 13361 9797 9485 4241 15473 12269 2167 17261 1843 6799 11621 15209 13625 10589 14575 13469 5611 13915 2515 15283 15331 3835 6271 14719 1987 4507 10423 11839 1543 1711 3859 17599 14743 17071 10694 14930 10236 1698 15086 9108 16236 1737 17826 10222 14484 1612 84 4282 13990 4174 7000 17498 15165 11246 10192 6441 4834 465 9561 9468 7956 2092 7066 1518 4497 12662 10894 11400 13560 16254 508 10221 10840 5398 12393 16524 2882 3513 5126 9846 2097 17374 6021 12326 11880 15400 16242 8318 1461 6220 11022 7466 6402 9057 1152 16278 1294 316 10514 16900 16290 12170 4881 7296 17148 2793 9477 4630 16125 14496 11700 16036 1540 13084 8512 13186 15662 5476 1744 7518 14400 13881 9660 11872 15232 5462 886 5634 8484 11493 15045 14637 3196 16870 12602 7906 7194 16070 13416 8092 6069 3802 13140 4764 16538 11644 17652 16089 12840 7192 1593 7774 7996 7005 888 550 13030 7626 14800 8222 8170 15652 12830 13222 2314 932 9001 12849 5529 1994 11557 812 8108 6741 17905 13868 4076 5288 8696 5336 4405 8288 5816 2480 13796 14132 14636 1436 8461 3001 4321 6661 5893 11336 10753 10489 9685 5929 17137 3853 11353 2089 481 2240 8509 16693 15997 7585 2792 13609 6764 8965 5000 11641 5624 14552 5005 8401 12920 2672 2233 11504 865 
12239 17147 16835 7967 9323 12827 15947 14819 5375 2787 14171 8447 5735 2687 17123 6947 5411 9611 10563 3447 15603 10467 7271 7179 17483 5051 15087 13059 15747 2405 9255 4691 5319 11823 8331 10191 1841 14957 12041 3171 5031 3339 3771 11535 11139 14595 9677 12687 11465 14705 5417 13505 7049 485 8273 7181 16961 12437 3485 13025 149 15497 5201 17597 1373 401 7433 12655 8683 12365 2131 14095 3847 1207 10063 12715 13963 16963 10435 1051 11419 11551 10051 3307 235 2779 8695 5599 13783 9576 16056 5112 6970 5310 3336 14232 1956 7486 5026 14356 16684 6282 1430 9664 1212 13870 16504 6870 1974 5604 6357 17436 15186 7130 9334 2572 10053 14054 16713 4512 33 3429 8614 8902 10098 1449 16992 774 12390 16770 5896 7737 10926 9600 17592 16910 13430 14898 6854 15456 15501 2961 202 3520 3842 10090 17560 2037 880 4046 17110 8884 3280 10662 802 3554 13077 15018 5676 666 14718 9610 14877 5498 1622 5818 13089 12900 754 8022 16833 5656 9134 14250 8246 5478 9458 1180 13274 5196 11638 9945 14474 14628 8234 592 8964 6153 4629 11006 4490 2306 1893 4594 784 17064 15914 16984 8 3046 12837 8530 2562 14298 11040 14632 3630 13192 4914 8626 13212 15628 8790 10722 3489 13328 11049 17532 2852 1726 630 14874 5752 6848 2497 4837 542 16885 6649 7645 5569 9865 5204 16141 17048 10556 6272 12956 1844 12764 1513 8269 3464 17353 4844 7117 10165 13909 14377 13369 1489 12812 11953 11864 4052 13292 10153 9169 8744 10676 1880 4177 2684 15145 16292 7940 14288 5941 1184 224 4957 8120 3284 2677 4645 11497 9013 
14219 143 13079 12755 13031 5819 3647 11267 13547 4271 7319 16823 13991 11687 7835 10911 1407 263 4407 17643 16407 7151 4623 5259 99 2139 9423 16695 8319 15483 7295 9063 6135 4499 5571 9831 10241 5691 3747 16731 4337 725 10935 17475 17897 365 6017 13529 7925 2021 7469 1385 425 16313 3893 15485 8525 15893 14273 3749 3581 905 8851 5285 13493 4723 10087 17383 4015 8455 17623 13301 1447 12175 7447 9967 547 775 14035 7171 10342 17659 218 9501 3688 13110 7334 2421 14702 5880 1284 12945 17346 4972 3609 597 12141 6966 3784 17349 453 7866 1906 5289 3670 5890 14452 17202 12576 3165 8376 16644 7092 17037 6316 10890 5214 15366 4510 17022 10390 9256 15566 8474 8218 17610 16996 17548 3178 3156 13422 4665 17764 13068 994 9110 15718 16624 10034 17666 8481 16150 17114 1044 3232 13350 16653 14248 17241 6954 12720 13022 11302 3518 3057 10318 9352 6438 17980 17694 16402 3710 5505 11954 2392 2118 2630 13404 6124 6622 3717 2412 2778 8937 9940 4644 11774 13178 16188 10545 5392 11630 9654 10197 14560 17640 4402 6393 3894 12312 10432 16542 12742 4094 11666 15058 7842 5170 7998 17058 5522 1716 338 12318 12074 16734 3154 9397 8958 2232 1862 952 15436 6877 8794 1138 896 14905 15817 15650 16681 2336 14120 3212 8204 16129 16304 7628 8137 16789 3164 15277 15085 193 16388 5485 3265 2257 7093 14744 16052 13064 12385 12908 14461 1249 12517 13981 8060 16009 13 9421 14576 10261 2252 13904 7465 8708 476 5497 11245 15308 14257 17036 8089 3313 13232 16213 4004 12949 
14291 4547 14411 4283 6011 13367 10079 17315 9815 17855 7955 5483 13763 2819 16439 947 11223 1043 15519 8879 359 2475 3087 11291 6851 7575 14547 16419 12339 483 6951 11043 3723 5283 10335 11055 15857 4983 2789 13419 14319 13587 1901 317 16493 10361 1205 521 377 5429 11379 7457 8045 2885 6581 7589 13051 8825 17417 17129 15545 16603 7229 17971 15197 8993 16999 13589 4207 12427 10327 13003 3907 17707 17947 5983 5575 10471 15715 13363 2203 415 8947 15763 14275 16867 2220 7874 16785 10378 9746 9214 8349 16718 2721 15861 12504 7394 10906 8862 17380 9050 4536 1970 11100 17580 2662 6510 8868 7046 6768 16486 2580 17745 14368 722 12410 1782 15142 5212 700 14326 11358 10470 1092 9722 4404 8277 7212 11728 16917 3072 16029 6166 201 17032 12076 12594 8500 11690 2354 5145 2962 4778 6274 17985 12842 17352 16506 3730 2002 3261 8865 6828 13670 6417 9230 8608 9640 8490 14654 11210 4128 8517 15494 8032 15642 6196 16014 480 16906 17596 12922 16294 13017 13032 6645 8872 4756 4770 17154 13540 12834 7692 900 10886 8692 13456 4012 2865 16590 892 676 6866 10536 16554 9390 9314 11892 8690 10372 11052 12288 12370 948 1058 9154 7912 4900 1660 406 14292 9786 4396 12696 3957 11365 8625 11622 9950 3496 13525 1753 6524 15241 1765 4021 11672 14816 10280 9121 6517 5821 1160 1532 17576 15056 1417 1189 3020 3788 7196 17425 11360 10741 15949 9692 5936 6085 17017 1093 2593 16021 2197 9637 10424 14540 6632 3637 17233 17840 16177 4993 4621 5773 15140 4916 16417 15500 13225 9176 15757 13496 
14987 16031 7463 1907 17399 16115 13283 2975 14127 8819 6395 7359 15155 10199 10907 16631 16887 9635 6879 5243 1007 14355 8939 10119 4239 10431 13407 6063 4655 3563 17511 6579 14079 10215 11835 807 10419 13611 14139 12867 16601 819 12015 10757 16071 16889 13349 581 951 8657 7937 7781 15363 5537 3437 17237 7169 12569 13375 8765 12053 16709 9005 13901 16147 5693 14059 12689 4363 17323 4447 10759 6679 12307 6151 13255 6583 5803 17431 17695 11167 16819 9103 15978 16111 10012 12328 15266 14085 12098 9438 11070 14730 17166 17118 16758 11578 9852 11634 3108 14685 326 16932 14764 5266 10032 17793 8502 8418 2254 2457 10554 4226 3561 14242 3612 3830 14772 69 13682 14310 2188 2016 15492 1266 8469 3780 7140 11385 9686 3070 2198 13948 3952 1276 16666 16696 2574 5052 6478 14508 5494 17553 6816 6148 12609 17530 3732 7514 1986 16926 5466 13082 8430 5013 17220 16072 10080 16077 15774 7197 6616 2548 1324 12278 17649 3909 11166 1334 7010 2618 12654 5616 790 5860 10986 9918 15808 3378 15506 5205 14858 10594 11878 7833 15657 11482 13293 14949 13149 8520 7836 11904 12678 5385 15050 17253 2625 13942 4898 6552 916 14942 7798 2218 4006 17052 866 3486 7276 15432 17538 1064 9022 3501 14268 13216 15973 12224 15409 17257 13501 1964 11432 14449 5516 5401 9848 16645 11089 12937 17629 14720 16244 8209 5264 3272 6985 7076 14749 11725 12740 11948 16856 12817 4861 3877 5809 9944 2696 9109 9428 10544 805 4081 12577 7453 9452 10136 5492 11269 1592 1232 11744 8024 12841 2768 9157 15361 5593 
16979 16415 9723 9347 11711 2231 15875 527 11423 9947 2879 17783 2955 971 14891 1031 9215 2943 15503 17471 12903 2379 959 2567 10835 13683 7515 13275 12915 4047 14787 9639 15567 12555 12375 9843 915 9581 3579 17525 9603 5057 14225 6855 5189 15353 2763 14849 10877 10121 15651 4049 3713 12605 11945 17921 2069 14201 3977 2995 10133 5335 9751 11251 3331 845 14215 6929 8923 9979 9031 4567 2743 16939 12739 12211 10171 13747 3883 9847 3487 5467 17923 355 225 14515 11262 15474 11584 3418 5486 9586 12174 1558 510 6414 2476 11918 492 1954 11412 6542 3218 9532 1898 1852 9086 13334 8350 3086 17278 16164 8649 8028 7070 16886 15558 3318 16560 1713 15170 15273 11817 10269 9252 12516 16478 3976 7382 17685 9684 2422 2200 372 14682 4550 16610 778 8973 5049 16618 14404 11154 5433 2478 13166 2878 9060 5853 10365 15942 16522 13228 6660 4852 7260 3516 7929 2078 10252 5584 17174 2196 11464 14848 2546 1326 777 321 10248 6130 7720 786 14642 12360 8169 8856 12280 11277 1596 13536 7770 1174 11250 11286 12756 1413 738 7152 11470 10946 72 17068 13786 4762 7845 11894 9386 2534 3372 11718 6172 17410 7636 13020 13406 12266 6590 14073 13218 4392 12588 6472 16982 13224 3988 17536 16464 10726 549 11506 8932 5637 9014 17492 17264 9644 16808 10760 6908 3152 937 5533 9529 10448 16652 7280 3205 1285 15512 16508 536 3488 3289 6973 1904 14317 12824 15524 11941 6548 11065 5281 14185 12433 8041 7976 25 8720 10549 1981 13544 12493 7436 116 7688 5480 5869 637 1621 17053 8012 12829 2804 12109 14336 20 
16811 17807 1583 4343 10487 7991 11867 5627 14639 17423 6155 11843 16803 875 16719 5927 4715 135 1319 12507 11147 11031 10011 11463 3311 9725 15399 9531 4767 6387 5535 1755 4007 2895 2547 7839 16635 17451 8849 13659 7827 16875 17775 5765 4829 16829 14655 10061 5751 11441 14859 12305 14489 8453 6953 4637 1697 3461 15989 16193 14441 15461 6305 10015 7375 1349 727 11095 9041 12785 4627 4939 2323 14899 127 14239 12559 2609 10147 7939 13291 8239 10987 17563 3715 2683 10807 15297 7507 8332 4306 7252 11320 9594 6328 578 11301 12064 2661 13626 7404 1932 8918 710 9972 4826 15276 6858 17817 3333 13504 3664 5901 12162 1154 8740 16418 14088 17710 5812 12658 6009 14490 1710 458 14016 5022 1794 12798 12520 6822 3442 1850 15862 3112 10380 2241 15328 14482 17286 13342 9237 1833 11652 3100 16038 15302 17226 2896 3246 12994 15012 4824 3729 17642 17646 13206 15054 15765 11838 7168 17508 9898 8514 172 2302 10060 237 3718 3638 17124 8358 3202 3302 4530 9628 16182 1170 856 12486 12670 15850 4774 9926 7164 15046 4690 11170 10546 8522 6470 6232 15993 7840 6202 14646 16322 14388 12480 15052 1065 7908 11616 7701 6258 1922 13442 15633 3124 14270 2724 664 4612 7884 13574 8616 12957 17252 12600 7320 12292 2036 15700 10725 17922 17209 1784 596 17929 7292 4885 5324 8713 11612 12169 9985 5864 14305 1892 15349 15061 7424 1213 3025 3632 16561 2893 15337 12836 10484 9704 985 12721 4933 14101 8149 10105 8857 9553 15152 6613 17437 2024 10501 14545 8929 11869 4616 15788 1772 4789 8005 12757 2864 13297 17773 3980 